 [38;2;0;0;0m                                       
 [38;2;0;0;0m                                       
 [38;2;0;0;0m                                       
 [38;2;0;0;0m               [38;2;202;15;14m▄          [38;2;206;9;9m▆[38;2;188;12;13m▖           
 [38;2;0;0;0m   [38;2;164;27;30m▂[38;2;225;30;30m▄[38;2;240;34;31m▅[38;2;231;30;28m▆[38;2;223;31;29m▅[38;2;177;28;30m▖     [38;2;197;40;41m▇[38;2;242;35;32m█[38;2;175;31;33m▏         [38;2;236;29;27m█[38;2;231;31;30m█[38;2;167;29;31m▖          
 [38;2;0;0;0m  [38;2;199;28;28m▆[38;2;246;48;46m█[38;2;252;68;65m█[38;2;252;71;68m█[38;2;252;60;58m█[38;2;250;47;44m█[38;2;239;30;28m█[38;2;187;24;25m▖   [38;2;170;38;41m▇[38;2;250;57;54m█[38;2;248;44;42m█[38;2;188;26;28m▋[38;2;158;30;36m▂[38;2;185;36;39m▂[38;2;185;36;38m▃[38;2;198;36;38m▃[38;2;202;33;34m▃[38;2;203;29;30m▃[38;2;226;25;24m▂[38;2;206;22;23m▂[38;2;169;25;30m▄[38;2;247;40;38m█[38;2;251;56;53m█[38;2;210;34;34m█          
 [38;2;0;0;0m [38;2;200;14;15m▝[38;2;239;21;19m█[38;2;250;44;41m█[38;2;252;63;61m█[38;2;253;73;70m█[38;2;253;66;64m█[38;2;251;51;49m█[38;2;247;30;27m█[38;2;204;19;20m▌  [38;2;182;29;33m▗[38;2;239;39;37m█[38;2;252;56;54m█[38;2;251;53;50m█[38;2;247;51;48m█[38;2;249;57;55m█[38;2;251;64;61m█[38;2;252;67;64m█[38;2;252;66;63m█[38;2;252;65;61m█[38;2;252;64;61m█[38;2;251;61;58m█[38;2;251;55;52m█[38;2;250;51;49m█[38;2;252;55;52m█[38;2;252;57;54m█[38;2;248;39;37m█[38;2;195;25;26m▋         
 [38;2;0;0;0m   [38;2;216;17;16m▝[38;2;217;24;24m█[38;2;251;42;40m█[38;2;253;59;56m█[38;2;252;46;43m█[38;2;236;21;20m█[38;2;164;18;25m▍[38;2;186;17;21m▄[38;2;218;25;26m▇[38;2;246;46;44m█[38;2;252;66;63m█[38;2;252;75;72m█[38;2;252;75;71m█[38;2;252;65;62m█[38;2;250;56;53m█[38;2;239;49;47m█[38;2;229;40;40m█[38;2;225;32;33m█[38;2;229;32;33m█[38;2;233;39;39m█[38;2;241;46;45m█[38;2;250;52;49m█[38;2;252;61;58m█[38;2;253;73;69m█[38;2;252;76;73m█[38;2;252;69;66m█[38;2;251;51;49m█[38;2;235;27;25m█[38;2;214;14;14m▅[38;2;166;17;20m▁      
 [38;2;0;0;0m    [38;2;186;21;24m█[38;2;251;37;34m█[38;2;251;39;36m█[38;2;249;16;13m█[38;2;212;17;19m█[38;2;224;28;29m█[38;2;250;40;38m█[38;2;252;53;50m█[38;2;253;66;63m█[38;2;252;71;68m█[38;2;252;61;57m█[38;2;241;39;37m█[38;2;184;25;28m█[38;2;176;24;29m▘[38;2;149;19;27m▗[38;2;199;20;24m█[38;2;240;32;30m█[38;2;249;38;35m█[38;2;234;28;27m█[38;2;180;20;25m█[38;2;172;22;27m▝[38;2;222;29;30m▝[38;2;216;35;36m█[38;2;251;54;51m█[38;2;252;70;67m█[38;2;252;68;65m█[38;2;252;57;54m█[38;2;251;51;48m█[38;2;241;38;36m█[38;2;211;27;27m▅[38;2;138;24;28m▁    
 [38;2;0;0;0m   [38;2;207;27;27m▄[38;2;242;37;35m█[38;2;253;53;50m█[38;2;251;40;37m█[38;2;247;28;26m█[38;2;250;45;42m█[38;2;254;68;66m█[38;2;253;78;75m█[38;2;253;76;73m█[38;2;252;60;57m█[38;2;248;33;30m█[38;2;217;17;17m█[38;2;183;18;22m▘  [38;2;196;20;22m█[38;2;251;43;40m█[38;2;252;71;69m█[38;2;252;77;75m█[38;2;252;66;63m█[38;2;243;34;32m█[38;2;172;24;27m▍  [38;2;232;23;22m▝[38;2;240;29;27m█[38;2;252;55;52m█[38;2;253;74;71m█[38;2;252;79;77m█[38;2;252;76;73m█[38;2;251;62;58m█[38;2;228;36;35m█[38;2;214;27;26m▖   
 [38;2;0;0;0m [38;2;158;16;18m▗[38;2;211;22;22m█[38;2;250;51;48m█[38;2;253;66;63m█[38;2;251;52;51m█[38;2;249;47;46m█[38;2;253;62;59m█[38;2;253;76;73m█[38;2;252;80;77m█[38;2;252;78;76m█[38;2;252;64;62m█[38;2;249;34;32m█[38;2;211;14;14m▉    [38;2;241;25;23m█[38;2;252;61;59m█[38;2;252;79;77m█[38;2;252;80;77m█[38;2;252;75;71m█[38;2;249;46;43m█[38;2;205;24;25m▌   [38;2;204;21;22m▝[38;2;236;31;30m█[38;2;252;61;57m█[38;2;253;76;73m█[38;2;252;80;77m█[38;2;252;79;77m█[38;2;252;71;68m█[38;2;245;43;41m█[38;2;180;23;25m▅  
 [38;2;0;0;0m [38;2;158;15;17m▝[38;2;193;21;22m█[38;2;246;46;43m█[38;2;252;61;58m█[38;2;250;48;46m█[38;2;250;48;47m█[38;2;253;66;63m█[38;2;253;77;75m█[38;2;253;80;77m█[38;2;253;72;70m█[38;2;251;45;42m█[38;2;232;18;17m█[38;2;164;18;23m▏    [38;2;216;23;23m█[38;2;252;53;50m█[38;2;252;76;73m█[38;2;252;79;76m█[38;2;252;67;64m█[38;2;244;34;32m█[38;2;185;22;25m▎    [38;2;168;22;27m█[38;2;249;34;32m█[38;2;253;64;61m█[38;2;253;78;76m█[38;2;252;79;76m█[38;2;252;70;68m█[38;2;246;44;42m█[38;2;190;23;24m▊  
 [38;2;0;0;0m   [38;2;161;30;33m▝[38;2;244;38;37m▝[38;2;217;38;38m█[38;2;245;37;35m█[38;2;247;34;33m█[38;2;249;46;44m█[38;2;253;65;62m█[38;2;253;75;73m█[38;2;253;68;65m█[38;2;250;39;37m█[38;2;230;26;25m█[38;2;227;34;33m▅[38;2;184;33;36m▄[38;2;149;28;35m▂ [38;2;195;19;21m▝[38;2;235;25;24m█[38;2;252;50;47m█[38;2;252;57;54m█[38;2;244;37;35m█[38;2;186;23;28m▊ [38;2;140;29;38m▁[38;2;170;32;37m▃[38;2;220;32;32m▄[38;2;223;25;24m▇[38;2;246;33;31m█[38;2;253;61;58m█[38;2;252;73;70m█[38;2;251;66;63m█[38;2;245;49;46m█[38;2;195;32;34m█[38;2;188;26;28m▘   
 [38;2;0;0;0m       [38;2;206;11;13m▝[38;2;241;13;12m▝[38;2;204;23;24m█[38;2;229;38;37m█[38;2;247;44;41m█[38;2;250;42;39m█[38;2;252;54;52m█[38;2;253;69;66m█[38;2;251;65;62m█[38;2;246;50;47m█[38;2;227;36;35m█[38;2;210;29;31m█[38;2;209;22;25m█[38;2;231;16;16m█[38;2;234;17;17m█[38;2;214;25;26m█[38;2;206;31;34m█[38;2;219;37;38m█[38;2;239;50;49m█[38;2;251;62;60m█[38;2;252;67;64m█[38;2;252;55;52m█[38;2;250;39;36m█[38;2;248;37;34m█[38;2;219;33;33m█[38;2;240;30;28m▘[38;2;148;23;29m▘     
 [38;2;0;0;0m            [38;2;221;16;14m▝[38;2;184;23;26m█[38;2;222;34;34m█[38;2;246;43;40m█[38;2;250;50;47m█[38;2;252;60;57m█[38;2;253;67;64m█[38;2;253;60;57m█[38;2;251;39;36m█[38;2;251;38;35m█[38;2;253;60;57m█[38;2;253;70;67m█[38;2;252;67;64m█[38;2;251;59;56m█[38;2;250;49;46m█[38;2;241;36;34m█[38;2;203;24;25m█[38;2;235;15;14m▘         
 [38;2;0;0;0m                [38;2;177;20;23m▝[38;2;232;26;25m▝[38;2;182;29;31m█[38;2;205;30;31m█[38;2;222;21;20m█[38;2;226;20;19m█[38;2;222;29;28m█[38;2;205;30;30m█[38;2;223;21;21m┻[38;2;230;20;19m▘[38;2;171;17;20m▘            
 [38;2;0;0;0m                                       
 [38;2;0;0;0m                                       
 [38;2;0;0;0m                                       
