[0m [38;2;0;0;0m                                         [0m  [38;2;0;0;0m                [0m
 [38;2;0;0;0m                                       [0m [7m[38;2;125;1;2m▀[38;2;115;2;3m'[0m [38;2;0;0;0m            [38;2;60;2;3m:   [0m
 [38;2;0;0;0m                                  [0m [7m[38;2;117;1;2m▀[38;2;145;2;2m▀[38;2;145;2;3m▀[38;2;140;3;4m▀[38;2;112;2;3m_[0m[38;2;109;3;4m▀[0m [38;2;0;0;0m     [0m [38;2;5;0;0m       [0m [38;2;76;2;2m_  [0m
 [38;2;0;0;0m   [0m [38;2;0;0;0m                              [7m[38;2;120;1;3m▌[0m[38;2;162;4;5;48;2;138;1;2mz[48;2;137;1;2mz[0m[38;2;113;3;4m▀[38;2;114;11;12m`       [0m [38;2;101;1;3m▌    [0m [7m[38;2;78;1;3m▀[38;2;103;1;2m▀[38;2;127;1;2m~[0m[38;2;84;2;4;48;2;124;3;3m"[0m[38;2;84;2;4m  [0m
 [38;2;0;0;0m   [0m  [38;2;47;4;3m                           [0m [7m[38;2;107;1;2m▀[0m[38;2;134;0;1;48;2;154;2;4m:[38;2;149;2;3;48;2;164;1;3m▀[38;2;157;3;4;48;2;128;3;4m'[0m   [38;2;0;0;0m      [7m[38;2;140;1;3m▌[0m[38;2;144;2;3m▌   [0m [38;2;88;2;3;48;2;112;2;3m~[0m[38;2;136;2;2m▀[38;2;145;1;2m▀[38;2;154;2;3m▀[38;2;98;3;4m▀  [0m
 [38;2;0;0;0m  [0m [7m[38;2;94;2;3m_[0m [38;2;0;0;0m               [0m  [38;2;0;0;0m     [0m  [38;2;0;0;0m  [0m [7m[38;2;119;1;2m~[0m[38;2;176;3;3;48;2;151;1;2mz[38;2;180;3;5;48;2;152;1;2mz[38;2;181;3;4;48;2;154;1;2mc[0m[38;2;107;5;4m▌ [0m [38;2;93;3;5m▌     [0m [38;2;128;1;1;48;2;150;2;3mT[0m[38;2;147;3;3m▌   [0m [38;2;100;4;5m▌      [0m
 [38;2;0;0;0m [0m [38;2;94;2;3;48;2;127;2;4m~[0m[38;2;82;4;4m▌                [0m  [38;2;0;0;0m    [0m [38;2;136;2;3m▌[0m [38;2;0;0;0m  [7m[38;2;80;0;1m▌[0m[38;2;195;3;2;48;2;162;1;2m-[38;2;199;3;2;48;2;165;2;2m_[38;2;200;4;3;48;2;167;1;2m_[38;2;199;3;4;48;2;166;2;2m-[0m[7m[38;2;141;2;2m`[38;2;170;2;2m▀[38;2;106;2;2m~[0m[38;2;102;9;9m'     [7m[38;2;108;1;3m▌[0m[38;2;93;6;5;48;2;137;2;3m_[0m [38;2;62;2;3m    [38;2;54;7;11m'      [0m
 [38;2;0;0;0m [0m [38;2;129;2;3m▀[38;2;119;3;3m▌              [0m  [7m[38;2;121;2;4m▌[0m [38;2;0;0;0m     [38;2;115;2;3m▀[7m[38;2;125;2;3m~[0m[38;2;96;4;5m, [0m [38;2;186;3;4;48;2;160;1;2mz[38;2;192;3;4;48;2;168;1;2mz[48;2;169;1;2mz[38;2;191;3;4;48;2;168;1;2mz[38;2;190;3;4;48;2;166;1;2mz[0m[7m[38;2;163;2;3m_[0m[38;2;148;3;4m▌  [0m [38;2;111;6;7m,  [7m[38;2;103;3;5m▌[0m [38;2;53;2;1m  [0m  [38;2;0;0;0m        [0m
 [38;2;0;0;0m   [38;2;109;0;1m`[38;2;84;2;4mL           [0m [7m[38;2;149;3;3m▀[0m[38;2;182;4;6;48;2;151;2;3m-[0m[38;2;97;3;2m▌[0m [38;2;0;0;0m   [0m  [38;2;36;2;2m [7m[38;2;93;1;1m▀[0m[38;2;178;3;3;48;2;162;2;2m,[38;2;83;2;5;48;2;136;2;3m`[0m[7m[38;2;124;1;2m▀[38;2;157;2;2m▀[0m[38;2;207;3;5;48;2;173;2;3m_[38;2;211;3;5;48;2;178;2;2m_[38;2;212;4;3;48;2;179;2;3m-[38;2;210;3;5;48;2;178;2;2m_[38;2;209;3;5;48;2;177;2;2m_[38;2;51;0;0;48;2;151;2;4m`[38;2;201;4;6;48;2;169;2;3m-[38;2;70;2;3;48;2;160;3;4m▀[0m[7m[38;2;158;2;2m▀[0m[38;2;129;3;4m▌[0m [38;2;0;0;0m [0m [38;2;105;8;6m,[0m  [7m[38;2;114;3;3m▀[0m[38;2;108;1;3m▀[0m  [38;2;0;0;0m       [0m
 [38;2;0;0;0m    [0m  [38;2;0;0;0m      [0m  [38;2;19;0;0m  [0m [7m[38;2;141;2;3m_[0m[38;2;164;1;3;48;2;154;1;3mz[38;2;164;2;3mc[0m[38;2;114;3;4m▌  [0m [7m[38;2;144;1;2m▌[38;2;158;1;3m▀[38;2;167;1;2m▀[0m[38;2;155;2;1;48;2;170;1;2m'[38;2;186;2;4;48;2;176;1;3mW[38;2;187;2;3;48;2;177;2;2mW[38;2;188;2;4;48;2;178;1;3mW[38;2;188;2;3;48;2;177;1;2mW[38;2;189;2;3;48;2;180;1;2mW[38;2;191;2;3;48;2;181;1;2mW[38;2;192;2;3mW[38;2;191;2;3mW[38;2;189;2;3;48;2;178;1;2mL[38;2;181;1;2;48;2;170;1;2mb[38;2;68;0;0;48;2;143;2;3m_[0m[38;2;80;2;3m"[38;2;97;0;1;48;2;128;2;3m,[0m [38;2;0;0;0m  [7m[38;2;114;1;2m`[0m[38;2;114;2;3m▌[0m [7m[38;2;69;2;3m▌[0m[38;2;70;7;10m` [7m[38;2;145;2;3m▌[0m [38;2;0;0;0m       [0m
 [38;2;0;0;0m      [0m [38;2;111;4;5m▌[0m [38;2;0;0;0m   [0m [38;2;101;2;3m=[38;2;82;3;5mL[0m [38;2;0;0;0m [0m [38;2;192;1;4;48;2;146;2;3m'[38;2;157;0;2;48;2;175;2;3mc[38;2;179;6;3;48;2;136;3;5m'[0m [38;2;0;0;0m [7m[38;2;143;1;3m▌[0m[38;2;165;1;2;48;2;182;2;3mc[38;2;173;0;2;48;2;188;2;3mc[38;2;178;1;3;48;2;194;2;3mz[38;2;180;1;2;48;2;198;2;3mc[38;2;185;1;3;48;2;201;2;3mz[38;2;183;1;3mc[38;2;184;0;1;48;2;202;2;2mc[38;2;184;1;1mc[38;2;186;1;2;48;2;203;2;3mc[38;2;186;1;3mc[38;2;185;1;3;48;2;202;2;3mc[38;2;181;2;3;48;2;200;4;3mc[38;2;178;1;3;48;2;195;2;3mc[38;2;171;1;3;48;2;184;2;4mu[0m[38;2;125;3;4m▌[38;2;106;4;6m_[38;2;112;5;8m7  [0m [38;2;156;1;2;48;2;174;2;2mW[38;2;158;1;3;48;2;177;2;3mc[0m[7m[38;2;136;3;4m`[0m [38;2;0;0;0m [0m [38;2;183;4;5;48;2;158;2;4m'[0m[38;2;131;4;6m▌  [0m [7m[38;2;154;3;4m▀[0m[38;2;136;9;6m-[0m [38;2;41;5;8m [0m
 [38;2;0;0;0m      [0m [7m[38;2;128;2;2m_[38;2;126;2;2m~[38;2;72;1;2m▀[0m[38;2;1;0;0m     [0m [38;2;0;0;0m [0m [38;2;110;3;6m▌[7m[38;2;136;1;3m▌[0m[38;2;170;2;3;48;2;159;2;4mW[0m[38;2;105;2;3m▌[38;2;119;4;5m\[7m[38;2;86;1;2m▌[0m[38;2;151;0;2;48;2;174;1;3m_[38;2;166;1;2;48;2;180;1;3m'[38;2;191;1;3;48;2;181;1;2mW[38;2;194;2;3;48;2;184;2;2mW[38;2;196;2;3;48;2;186;1;2mW[38;2;177;1;2;48;2;189;1;2m'[38;2;197;2;3;48;2;188;2;2m1[38;2;197;2;2;48;2;189;1;2m^^[38;2;196;2;2;48;2;188;1;2m^[38;2;194;2;3;48;2;186;2;2m^[38;2;191;2;3;48;2;180;2;3mW[38;2;64;0;0;48;2;162;2;3m,[0m[38;2;83;3;3m▌ [38;2;86;2;2;48;2;107;3;5m~[0m[38;2;86;2;2m  [0m [7m[38;2;152;1;3m▀[0m[38;2;176;2;4;48;2;166;2;3mW[38;2;176;2;3;48;2;165;1;2mW[38;2;173;2;3;48;2;162;2;2mC[0m [38;2;58;5;6m [7m[38;2;146;1;3m▌[0m[38;2;142;1;3;48;2;155;2;3m'[38;2;154;1;3;48;2;67;3;4m▌[0m[38;2;154;1;3m   [38;2;118;1;2m▀[7m[38;2;113;2;3m`[0m [38;2;0;0;0m [0m
 [38;2;0;0;0m  [0m [38;2;79;2;2mv[0m [38;2;88;3;4my[0m  [38;2;84;1;2;48;2;130;1;3mw[38;2;183;4;3;48;2;162;2;3m,[0m[38;2;94;2;3m▌  [0m [38;2;65;4;4m   [0m [38;2;137;4;6m~[7m[38;2;86;0;1m▌[0m[38;2;164;1;1;48;2;180;2;3m^[38;2;91;2;3;48;2;147;2;3m"[0m[7m[38;2;133;3;4m.[38;2;139;1;2m▀[0m[38;2;174;1;2;48;2;192;2;4mM[38;2;218;3;2;48;2;196;2;3m,[38;2;219;3;3;48;2;199;2;3m,[38;2;222;3;2;48;2;202;2;3m,[38;2;223;3;3m,[38;2;221;2;1;48;2;202;1;3m,[38;2;218;3;2;48;2;200;2;4m,[38;2;69;0;0;48;2;168;2;3m,[38;2;217;3;4;48;2;200;2;3m,[38;2;218;3;5;48;2;198;2;3m,[38;2;215;3;4;48;2;196;2;3m,[48;2;193;2;3m,[38;2;70;2;2;48;2;155;3;5m\[0m[38;2;134;2;3m▌[7m[38;2;109;2;3m▀[0m[38;2;160;2;3m▌[38;2;195;5;6m_[7m[38;2;157;2;3m▀[0m[38;2;140;2;6;48;2;178;2;4m~[38;2;207;2;4;48;2;186;2;4m,[38;2;208;3;5m,[38;2;205;2;4;48;2;183;2;4m,[0m[38;2;148;3;5m▀[0m  [38;2;95;1;2;48;2;146;2;4mM[38;2;187;2;3;48;2;164;2;4m,[0m[38;2;112;3;4m▌[0m  [38;2;0;0;0m  [7m[38;2;134;5;6m▌[0m [38;2;0;0;0m [0m
 [38;2;0;0;0m   [0m [7m[38;2;101;2;2m`[0m [7m[38;2;98;2;2m`[0m[38;2;101;0;1m_[0m [7m[38;2;121;1;2m_[0m[38;2;145;0;1;48;2;152;2;3m'[0m[38;2;116;4;5m, [38;2;94;4;5m%  [38;2;100;0;0m_[0m [38;2;87;0;1m_[38;2;91;0;0;48;2;160;1;2m~[38;2;161;1;2;48;2;175;2;2m'[38;2;166;1;2;48;2;179;2;3m'[38;2;189;2;3;48;2;176;1;2mW[38;2;191;2;4;48;2;183;2;3m^[38;2;173;1;2;48;2;186;2;3m'[38;2;176;0;1;48;2;190;1;3m'[38;2;181;1;2;48;2;194;1;4m'[38;2;183;1;2;48;2;196;2;3m'[38;2;203;2;4;48;2;194;1;3m^[38;2;66;1;1;48;2;185;2;4m_[0m[7m[38;2;111;2;4mx[0m[38;2;75;0;0;48;2;142;1;2mF[0m[7m[38;2;161;3;4m_[0m[38;2;167;3;5m▀[7m[38;2;138;2;3m-[0m[38;2;82;1;2;48;2;170;3;5m=[0m[7m[38;2;131;3;4me[0m[38;2;187;2;2;48;2;177;2;3m1[38;2;166;1;3;48;2;180;2;3m'[38;2;187;2;2;48;2;175;1;2mW[38;2;165;0;3;48;2;178;1;2m'[38;2;167;0;3;48;2;176;2;3m'[0m[38;2;112;2;4m▀[38;2;164;1;2;48;2;171;2;3m,[38;2;186;2;3;48;2;178;2;3m^[38;2;181;2;3;48;2;170;2;3mC[0m [38;2;138;0;1m_[38;2;128;2;4m+[38;2;125;3;4m▀[38;2;92;5;3m`[0m [7m[38;2;121;2;4m^[0m [38;2;0;0;0m  [7m[38;2;118;2;4m▌[0m [38;2;0;0;0m [0m
 [38;2;0;0;0m    [38;2;168;1;3;48;2;128;1;2m:[38;2;175;2;4;48;2;150;2;3m:[0m[7m[38;2;142;2;3m▀[0m[38;2;178;3;5;48;2;158;3;4m'[0m[7m[38;2;127;4;4m▀[0m [7m[38;2;130;1;3m,[0m[38;2;180;1;3;48;2;146;3;4m:[0m  [7m[38;2;89;2;4m▀[38;2;97;1;2m▀[0m[38;2;189;1;3;48;2;166;2;4m:[0m[7m[38;2;96;2;3m▀[0m[38;2;77;0;3;48;2;136;1;3m,[38;2;176;1;2;48;2;187;2;4m^[38;2;178;1;2;48;2;189;2;3m^[38;2;182;2;2;48;2;191;2;4m^[38;2;110;1;2;48;2;179;2;4m,[38;2;208;3;6;48;2;192;2;4m'[38;2;211;4;6;48;2;174;2;4m'[38;2;216;4;7;48;2;194;2;5m'[38;2;218;3;5;48;2;201;2;4m'[0m[7m[38;2;164;3;4m_[38;2;144;2;4m=[38;2;196;2;3m▀[0m[38;2;212;1;4;48;2;177;3;6m:[38;2;64;4;6;48;2;125;3;5my[0m[7m[38;2;180;1;4m▀[0m[38;2;209;2;5;48;2;192;2;3m:[38;2;186;1;2;48;2;195;2;3m^[38;2;208;3;4;48;2;187;3;4m'[38;2;87;3;4;48;2;179;2;5m▌[38;2;185;1;2;48;2;195;2;4m^[48;2;194;2;3m^[38;2;185;1;1m^[38;2;207;1;4;48;2;179;3;4m'[0m[38;2;114;3;4m▀[0m [38;2;83;0;2;48;2;191;2;3m▌[38;2;182;1;3;48;2;192;2;4m^[38;2;203;3;6;48;2;182;2;4m,[0m[7m[38;2;104;2;4m"[0m[38;2;194;2;4;48;2;174;3;4m,[0m [7m[38;2;103;2;3m▀[0m[38;2;55;1;1m,[38;2;68;0;1;48;2;141;1;3m^[38;2;181;3;6;48;2;167;2;3m,[0m[38;2;87;4;5m▌  [7m[38;2;96;0;3m▌[0m[38;2;137;5;5m▌ [0m
[7m[38;2;117;2;2m~[0m [38;2;0;0;0m  [0m [7m[38;2;131;1;2m_[0m[38;2;81;0;2;48;2;151;2;2m_[38;2;131;0;0;48;2;155;2;3m=[0m[7m[38;2;116;3;4m_[38;2;99;3;4m▌[0m [7m[38;2;89;1;3m▌[0m[38;2;157;1;2;48;2;148;3;3m'[0m [38;2;0;0;0m [38;2;64;0;1m"[38;2;172;2;3;48;2;156;1;2m%[38;2;182;2;3;48;2;167;1;2mC[38;2;151;0;1;48;2;176;2;3m=[0m[7m[38;2;139;2;3m^[0m[38;2;87;1;1;48;2;154;2;2m,[38;2;193;1;2;48;2;177;2;2mT[48;2;176;2;2mT[0m[38;2;101;2;2m▌[38;2;131;2;3m▀[38;2;138;6;5m%[7m[38;2;85;1;3m\[0m[38;2;167;0;3;48;2;177;2;3m,[0m[7m[38;2;123;2;3m[[0m[38;2;166;0;2;48;2;190;2;4m=[38;2;200;1;3;48;2;183;2;2mT[38;2;167;0;2;48;2;189;2;3m=[0m[7m[38;2;146;2;3m'[0m[38;2;203;1;1;48;2;188;1;3mT[38;2;199;1;3;48;2;184;2;2mT[38;2;197;1;2;48;2;180;1;2mT[0m[7m[38;2;114;3;4mj[0m[38;2;176;1;2;48;2;165;1;3m,[38;2;126;1;5;48;2;183;2;2m_[38;2;122;0;1;48;2;179;2;2m_[38;2;200;1;2;48;2;183;2;2mT[38;2;189;3;5;48;2;179;1;2m.[38;2;104;0;1;48;2;176;1;3m`[38;2;139;0;3;48;2;180;2;3m`[38;2;87;0;2;48;2;164;1;2m"[38;2;195;1;2;48;2;179;2;2mT[38;2;193;1;2;48;2;177;1;2mT[0m[38;2;162;2;2m▌[38;2;68;0;0;48;2;135;1;2m_[0m[38;2;144;3;5m▌[7m[38;2;123;2;3m▌[38;2;150;2;2m`[0m[38;2;176;1;3;48;2;159;1;2mT[38;2;81;2;1;48;2;130;3;3my[0m [38;2;0;0;0m [0m [38;2;80;2;3m▀[0m [38;2;0;0;0m [0m
[38;2;136;3;5m▀[0m  [38;2;0;0;0m  [0m  [38;2;94;3;4m▀[0m [7m[38;2;85;80;69m▀[38;2;60;63;64m▀[38;2;91;91;85m▀[0m[38;2;174;3;7m'[38;2;82;75;57m_[7m[38;2;130;122;116m▀[38;2;88;89;93m▀[0m[38;2;87;2;3;48;2;145;2;2m,[38;2;173;2;1;48;2;183;2;3m^[38;2;174;2;1;48;2;186;2;3m^[38;2;179;2;2;48;2;190;2;4m^[38;2;207;3;6;48;2;167;3;4m:[38;2;83;1;1;48;2;167;2;3m+[38;2;182;2;2;48;2;192;2;3m^[0m[38;2;173;3;4m▌[38;2;106;5;3m_ [38;2;200;5;6;48;2;148;2;4m:[38;2;204;3;6;48;2;171;2;4m,[38;2;176;1;2;48;2;190;2;4mM[38;2;190;1;2;48;2;198;2;4m^[38;2;190;2;3;48;2;199;3;5m^[38;2;210;4;6;48;2;196;3;4m,[38;2;211;2;5;48;2;197;2;4m,[38;2;189;1;2;48;2;198;2;3m^[38;2;186;1;2;48;2;196;2;3m^[0m[7m[38;2;146;3;4mv[38;2;145;3;4m^[0m[38;2;127;4;6m▀[38;2;78;1;3;48;2;190;2;3m▀[38;2;211;3;3;48;2;192;2;3m,[38;2;190;1;3;48;2;200;2;3m^[38;2;189;1;3;48;2;199;2;3m^[38;2;188;2;3m^^[38;2;187;2;4;48;2;197;2;3m^[38;2;206;2;6;48;2;192;2;3m,[38;2;182;1;3m^[38;2;208;0;3;48;2;188;2;3m.[0m[7m[38;2;90;3;3m1[0m[38;2;197;3;6;48;2;164;2;4m:[0m[38;2;78;4;3mL[7m[38;2;128;1;4m▌[0m[38;2;166;1;2;48;2;177;2;3m^[0m[38;2;105;6;7m▌      [0m
 [38;2;0;0;0m [0m [38;2;131;2;3m\[0m [38;2;22;1;0m  [38;2;83;68;46m_[7m[38;2;101;99;90m▀[0m[38;2;109;109;106;48;2;102;102;99mC[38;2;115;113;109;48;2;103;104;101m^[38;2;117;112;107;48;2;106;104;100m^[0m[7m[38;2;83;83;84m`[0m[38;2;71;60;45;48;2;96;89;83m^[38;2;125;119;111;48;2;114;106;103m^[38;2;122;116;111;48;2;111;104;102mM[38;2;40;49;59;48;2;119;1;3m▌[38;2;156;1;1;48;2;177;1;3mz[38;2;75;1;2;48;2;140;3;4my[38;2;164;1;2;48;2;183;2;4mz[38;2;180;0;2;48;2;162;3;4m'[38;2;123;0;0;48;2;166;1;3m,[38;2;177;1;2;48;2;193;2;3mz[38;2;178;1;1;48;2;194;2;3mz[38;2;167;0;0;48;2;185;2;3m:[0m[7m[38;2;160;2;3m▀[0m[38;2;161;0;1;48;2;175;2;3m:[38;2;170;1;2;48;2;188;2;2mz[38;2;171;1;2;48;2;189;2;2mz[38;2;173;1;2;48;2;191;2;2mz[0m[7m[38;2;158;2;3m_[0m[38;2;177;0;2;48;2;147;1;3m,[38;2;176;1;2;48;2;194;2;3mz[48;2;193;2;3mz[38;2;186;0;1;48;2;141;3;3m'[0m[38;2;92;2;4m▀[7m[38;2;147;1;2m▀[0m[38;2;116;0;0;48;2;176;1;2m~[38;2;174;1;2;48;2;193;2;3mz[38;2;176;1;2;48;2;195;2;3mz[38;2;177;1;2;48;2;196;2;3mz[38;2;179;1;2mz[38;2;181;0;2;48;2;189;2;3m:[0m[38;2;185;2;2m▀[38;2;144;3;4m▀[38;2;165;4;4m~[38;2;134;2;5m▀[38;2;63;0;1;48;2;156;2;3m,[0m[38;2;163;3;5m▌[7m[38;2;143;2;3m▌[0m[38;2;153;4;5m▌[7m[38;2;126;1;3m▌[0m[38;2;165;0;0;48;2;151;3;3m'[0m [38;2;139;1;3m▌     [0m
 [38;2;0;0;0m  [0m [7m[38;2;100;3;4m`[0m[38;2;68;4;5m_ [7m[38;2;74;77;67mW[0m[38;2;68;83;87m▀[38;2;73;95;101m~[38;2;108;118;109m`[38;2;83;92;92m~[38;2;109;117;119m~[7m[38;2;87;89;90m=[38;2;82;81;80m_[38;2;99;99;100m-[38;2;118;1;2m▌[0m[38;2;153;0;1;48;2;171;2;3mT[0m[38;2;104;4;5m▌[38;2;202;2;5;48;2;169;2;4m:[0m[38;2;174;4;5m▌[38;2;117;0;1;48;2;156;1;3m^[38;2;177;1;1;48;2;198;2;4mT[38;2;182;1;2;48;2;201;2;4mT[38;2;180;1;2;48;2;198;3;4mT[38;2;176;1;1;48;2;195;3;3mT[38;2;174;1;2;48;2;193;3;4mT[38;2;213;3;7;48;2;176;3;3m:[38;2;70;2;2;48;2;178;1;3m▌[38;2;199;2;3;48;2;176;3;3ms[0m[7m[38;2;71;2;3m$[0m[38;2;169;1;2;48;2;189;2;4mT[38;2;176;0;1;48;2;195;2;4mT[38;2;176;1;1;48;2;196;2;4mT[38;2;185;3;5;48;2;90;2;2m▌[0m[7m[38;2;107;1;3m▌[0m[38;2;204;2;3;48;2;179;2;2mg[38;2;175;1;1;48;2;196;2;3mT[38;2;174;1;1;48;2;195;2;3mT[38;2;173;1;2;48;2;194;2;3mT[38;2;209;2;3;48;2;188;2;3ms[0m[38;2;194;3;3m▀[0m [38;2;86;4;4m    [7m[38;2;100;1;3m▌[0m[38;2;196;3;6;48;2;155;3;4m:[0m [38;2;75;3;4mL[38;2;202;2;7;48;2;145;2;4m:[0m[38;2;159;15;16m`[38;2;113;0;1;48;2;191;0;1m~[0m[38;2;207;2;5m▌     [0m
 [38;2;58;1;3m_  [7m[38;2;126;1;2mL[0m[38;2;94;2;3;48;2;128;2;3m~[0m  [38;2;49;44;35m"[7m[38;2;83;82;79m~[38;2;92;98;103m▀[38;2;97;94;89m▌[0m[38;2;45;40;38;48;2;94;97;107m_[38;2;48;36;33;48;2;81;89;95m-[0m[7m[38;2;76;79;78m▀[38;2;78;81;84m=[0m [38;2;130;1;3m▀[38;2;108;4;5m▌[7m[38;2;170;1;4m▌[38;2;158;2;3m`[0m[38;2;165;1;2;48;2;187;2;4mz[38;2;169;1;2;48;2;193;2;3mz[38;2;147;1;1;48;2;180;2;4mq[38;2;170;1;3;48;2;191;2;3mm[38;2;171;1;1;48;2;190;2;2mz[38;2;167;1;2;48;2;186;2;3mp[38;2;178;1;2;48;2;135;3;3m'[0m[7m[38;2;78;1;1m▌[0m[38;2;148;0;2;48;2;169;2;3m,[0m[38;2;77;1;1m_[38;2;148;0;4;48;2;172;2;4m,[38;2;173;1;1;48;2;194;2;3mz[38;2;175;1;2;48;2;195;2;3mz[38;2;175;1;1mz[38;2;176;1;2;48;2;193;2;3mz[38;2;177;1;2;48;2;196;2;4mz[38;2;173;1;2;48;2;194;2;3mz[38;2;169;1;1;48;2;190;2;3mz[0m[7m[38;2;161;3;4m_[0m[38;2;98;4;5m▀      [7m[38;2;100;1;3m▌[0m[38;2;157;1;1;48;2;177;2;2mz[0m[7m[38;2;153;2;3m▀[0m[38;2;110;1;2;48;2;156;1;2m~[0m[38;2;117;4;4m▌[38;2;101;1;1;48;2;152;1;2m^[38;2;209;0;2;48;2;185;3;4m'[0m [38;2;60;4;3m     [0m
 [38;2;127;3;5m/[38;2;85;3;6m/[7m[38;2;140;1;3m▀[0m[38;2;178;3;4;48;2;155;1;3mz[38;2;169;3;3;48;2;147;1;2mc[0m  [38;2;120;111;102;48;2;54;53;50mt[0m[7m[38;2;107;108;109m▀[38;2;73;84;88m*[0m[38;2;48;41;28;48;2;77;95;100m▌[38;2;109;129;114;48;2;66;73;73m,[0m[38;2;46;77;107m`[38;2;114;5;6mn[38;2;102;80;62m`[38;2;98;99;93m▌  [7m[38;2;123;1;3m▌[38;2;169;2;4m_[38;2;163;3;3m_[0m[38;2;189;3;4;48;2;74;1;2m▀[0m[7m[38;2;146;2;4m/[0m[38;2;205;4;5;48;2;182;1;2mz[0m[7m[38;2;139;3;4m_[0m[38;2;73;1;3;48;2;185;2;4m▌[38;2;214;6;8;48;2;177;2;4m:[0m [38;2;178;5;8m`[38;2;76;1;2;48;2;137;2;3m_[0m[7m[38;2;99;1;3m\[38;2;165;2;3m_[0m[38;2;155;1;1;48;2;189;2;3m_[38;2;203;3;4;48;2;181;2;3mz[38;2;202;4;5;48;2;180;2;2mz[38;2;192;3;4;48;2;172;2;3m▀[0m[7m[38;2;153;3;4m_[0m[38;2;118;4;5m▀[0m [38;2;84;2;4m▌      [7m[38;2;173;2;4m▌[0m[38;2;197;3;5;48;2;173;1;2mz[38;2;69;2;3;48;2;146;3;4m_[38;2;196;4;4;48;2;170;1;2mz[0m[7m[38;2;75;2;3m4[0m[38;2;202;4;4;48;2;171;2;4m:[0m[38;2;86;4;5m▌      [0m
 [7m[38;2;146;2;3m▀[38;2;156;2;2m`[0m[38;2;146;1;1;48;2;168;2;2mz[38;2;147;1;1mz[48;2;167;2;2mz[0m[38;2;133;3;2m▌[0m [38;2;0;0;0m [38;2;74;62;53m~[38;2;78;90;95m▀[7m[38;2;91;99;87m▌[38;2;72;75;74mt[38;2;56;58;57m▀[0m[38;2;101;103;92m_[7m[38;2;57;62;56m▀[0m[38;2;62;62;70;48;2;84;88;83m7[0m[38;2;35;63;74mr[0m  [38;2;44;41;32m [38;2;118;7;8m+[7m[38;2;121;1;3m▀[38;2;128;1;3m*[38;2;137;3;4m=[38;2;187;2;2m▀[0m[38;2;160;0;0;48;2;185;2;3m:[38;2;172;1;1;48;2;192;2;3mz[38;2;93;0;0;48;2;175;2;3m`[0m[7m[38;2;190;2;3m▀[0m[38;2;203;0;2m_[38;2;103;3;3m~[38;2;135;5;5m~[38;2;109;3;4m▀[38;2;126;3;5m▀[38;2;111;3;4m▀[0m  [38;2;86;2;3m▀[38;2;88;1;2mf[38;2;74;2;2m~    [0m [7m[38;2;117;1;2m▀[0m[38;2;158;1;1;48;2;177;2;3mz[0m[7m[38;2;150;4;5my[38;2;145;2;2m^[0m[38;2;155;2;3;48;2;183;1;2m▀[0m[38;2;146;2;3m▌[38;2;110;2;4m▌       [0m
 [7m[38;2;103;1;2m▌[0m[38;2;180;3;4;48;2;156;1;3mz[38;2;184;2;4;48;2;160;1;3mz[38;2;185;2;4;48;2;161;1;3mz[0m[38;2;136;4;5m▌[0m [38;2;70;59;41my[38;2;57;64;77m_[7m[38;2;56;55;43m▌[0m[38;2;55;68;70m▌[7m[38;2;59;62;51m▌[38;2;73;79;80m*[0m[38;2;98;98;95;48;2;42;48;49m▀[0m[38;2;112;119;122m=[7m[38;2;64;65;62m`[0m[38;2;140;145;136;48;2;110;114;111m:[0m[38;2;47;77;97m▌[7m[38;2;98;90;70m▌[0m[38;2;121;133;127;48;2;93;104;108ms[0m [7m[38;2;125;2;4m▀[0m[38;2;169;3;5m▀[7m[38;2;138;2;4m=[0m[38;2;199;3;5;48;2;177;1;3mz[38;2;206;4;4;48;2;182;1;2mz[38;2;209;4;5;48;2;184;1;3mz[38;2;212;3;5;48;2;185;1;4mz[38;2;210;4;5;48;2;185;2;3mz[38;2;205;4;4;48;2;183;1;2mz[38;2;200;3;4;48;2;182;1;2mz[38;2;177;3;5;48;2;141;2;3m'[0m[38;2;131;6;9mL[38;2;111;3;4m▌[7m[38;2;131;2;2m▀[38;2;113;2;4m▀[0m[38;2;111;3;3m_      [0m [38;2;146;0;3m_[7m[38;2;162;1;3m▀[38;2;153;2;4m_[0m[38;2;70;1;3;48;2;141;2;5m*[38;2;90;1;2;48;2;169;2;4m~[38;2;197;3;3;48;2;173;2;3mz[38;2;195;3;3;48;2;171;1;2mz[0m[38;2;163;3;5m▌[38;2;128;18;19m`[38;2;45;44;36m_      [0m
 [38;2;0;0;0m [38;2;104;1;3m▀[38;2;84;1;4;48;2;144;2;4m_[38;2;172;2;4;48;2;143;2;3m'[0m  [7m[38;2;94;87;74m_[0m[38;2;83;78;75;48;2;105;106;102m:[0m[7m[38;2;108;110;106m▀[38;2;92;94;94m▀[0m[38;2;106;98;88m_[38;2;80;79;77m▀[38;2;92;94;95m▀[38;2;90;99;101m=[38;2;81;83;82m▀[38;2;87;75;59m_[38;2;108;98;83m_[38;2;111;102;90m_[7m[38;2;53;55;50m▀[0m   [38;2;116;3;4m▀[38;2;111;3;5m~[38;2;74;0;2;48;2;144;1;3mr[38;2;217;3;4;48;2;179;1;2m-[38;2;218;4;5;48;2;181;1;3m-[38;2;218;3;3;48;2;181;2;3m-[0m[7m[38;2;152;2;2m7[38;2;107;2;4m=[0m[38;2;174;1;3m▀[7m[38;2;158;2;4m`[0m[38;2;90;1;2;48;2;136;2;4mh[38;2;162;1;1;48;2;76;2;2m_[38;2;143;2;3;48;2;74;1;2ma[0m[7m[38;2;147;3;4mr[38;2;130;2;2m-[38;2;104;1;2m`[38;2;103;1;3m~[0m[38;2;152;3;4m=[38;2;161;5;6m=[7m[38;2;114;2;3m`[0m[38;2;169;3;4;48;2;129;2;3m'[0m[7m[38;2;151;2;3m=[0m[38;2;86;2;3;48;2;172;2;3m▀[38;2;84;0;2;48;2;156;2;3m`[0m[7m[38;2;141;2;3m_[38;2;112;2;3ma[0m[38;2;86;1;4;48;2;145;1;2m^[38;2;180;2;4;48;2;148;2;4m'[0m[38;2;71;2;4m~[0m [7m[38;2;78;72;63m_[38;2;83;84;82m~[0m[38;2;81;87;84m_    [0m
 [38;2;130;4;3m=[0m  [38;2;118;3;4m▀[38;2;74;5;6mL[7m[38;2;62;57;41m▌[0m[38;2;53;56;54;48;2;100;100;95m_[0m[7m[38;2;100;105;103mT[38;2;70;73;75mZ[38;2;77;81;82m_[38;2;95;99;99m-[38;2;94;96;97m,[0m[38;2;128;130;128;48;2;103;105;106mz[38;2;129;131;129;48;2;102;102;101mz[38;2;131;131;129;48;2;106;104;103mz[38;2;131;131;128;48;2;108;106;107mz[38;2;129;132;130;48;2;106;107;109mz[38;2;128;133;130;48;2;104;107;111mz[0m[7m[38;2;81;96;103m_[0m [7m[38;2;74;72;61m▀[0m[38;2;83;94;99m▌[7m[38;2;90;3;6m▌[0m[38;2;131;15;14m`[38;2;182;9;12m`[7m[38;2;76;2;3m$[0m[38;2;161;0;0;48;2;185;2;4m-[38;2;162;0;0;48;2;190;2;4m-[48;2;187;2;3m-[0m[7m[38;2;163;1;3m`[38;2;174;2;2m▀[0m[38;2;117;2;4m~[38;2;181;3;4m▀[38;2;133;2;3;48;2;171;2;3m,[0m[7m[38;2;151;2;3m~[38;2;135;3;4m▀[0m[38;2;117;2;3m▀[38;2;175;3;4m▀[7m[38;2;152;2;3m_[38;2;168;2;4m_[38;2;168;3;5m_[38;2;150;2;4m_[0m[38;2;184;3;5m▀[38;2;183;3;4m▀[38;2;169;4;5m▀[38;2;84;0;2m_[7m[38;2;155;1;4m▀[0m[38;2;194;6;6;48;2;160;2;3m:[0m[38;2;170;4;4m▀[38;2;95;10;10m` [7m[38;2;97;93;86m▌[38;2;100;102;102m▀[0m[38;2;138;140;123m`[7m[38;2;97;96;92m_[38;2;88;98;102m▀[0m [38;2;0;0;0m  [0m
  [38;2;175;3;5m_[38;2;135;5;7m_ [0m [38;2;68;2;4m4[38;2;102;5;7m_[38;2;66;62;57m▀[38;2;97;94;90m▀[38;2;114;115;108m*[7m[38;2;83;85;82m_[38;2;76;82;85m_[38;2;65;68;68m_[0m[38;2;80;84;89;48;2;58;61;62m~[0m[38;2;80;87;92m~[38;2;57;64;65m~[0m  [38;2;134;133;127m_[0m [7m[38;2;91;88;81m_[0m[38;2;94;103;106m▌[0m [38;2;0;0;0m [38;2;122;1;3m▀[0m [38;2;213;3;3;48;2;180;2;3m-[38;2;216;4;3;48;2;187;2;4m-[38;2;218;4;3;48;2;188;2;2m-[38;2;219;4;4;48;2;190;2;3m-[38;2;218;2;3;48;2;188;1;2m-[38;2;193;3;3;48;2;177;3;3m,[0m[7m[38;2;188;3;5m▀[0m[38;2;191;5;6m_[38;2;145;2;3m▀[38;2;102;0;2;48;2;167;2;3m,[38;2;165;0;1;48;2;177;2;3m:[0m[7m[38;2;186;2;3m▀[38;2;169;2;2m▀[38;2;119;1;1m▀[0m[38;2;208;5;5m_[38;2;207;4;5m_[7m[38;2;177;3;4m▀[38;2;184;2;3m▀[38;2;151;2;3m`[0m[38;2;169;2;3m▀[38;2;127;115;95m_[0m [38;2;53;40;32;48;2;109;100;90m▀[38;2;90;74;72;48;2;112;107;104m:[0m[7m[38;2;80;86;86m▀[0m [38;2;80;72;64m▀[38;2;30;37;42;48;2;91;93;91m`[0m[38;2;74;88;91m_[7m[38;2;103;98;91m▌[0m[38;2;96;105;107;48;2;38;50;58m▌[0m [38;2;0;0;0m [0m
  [38;2;133;1;4m▀[38;2;137;3;3m▌  [0m [38;2;80;3;3m▀          [7m[38;2;102;100;90m▌[0m[38;2;122;126;125;48;2;105;104;106mz[38;2;61;60;69;48;2;99;100;104m"[0m[38;2;36;48;59mL[38;2;139;140;134;48;2;108;103;96m:[0m[7m[38;2;103;99;100m`[0m[38;2;72;83;88m▌[0m [7m[38;2;127;1;3m~[0m[38;2;204;4;3;48;2;171;2;2m.[0m[7m[38;2;159;2;3m,[0m[38;2;146;0;2;48;2;184;2;3m-[38;2;145;0;1m-[38;2;210;3;4;48;2;177;2;3m.[0m[7m[38;2;149;2;3m_[0m[38;2;181;2;3m▀[38;2;205;3;6;48;2;165;1;3m.[0m[38;2;121;2;3m▌[0m [38;2;158;2;4m▀[7m[38;2;163;2;3m_[0m[38;2;143;0;2;48;2;179;1;3m-[38;2;144;0;2;48;2;182;2;3m-[38;2;144;0;1m-[48;2;181;2;3m-[38;2;187;2;3;48;2;171;1;2mz[38;2;140;0;1;48;2;174;2;3m-[0m[38;2;95;5;5m▌[38;2;58;40;23;48;2;104;88;77m~[38;2;131;123;121;48;2;112;103;100mz[0m[7m[38;2;102;99;102m▀[0m[38;2;92;86;73m`[38;2;112;110;108m▀[38;2;118;121;119;48;2;98;101;102mz[0m[38;2;65;76;85m▌[38;2;71;79;83m_[7m[38;2;76;73;64m▌[0m[38;2;130;136;133;48;2;94;100;103m:[0m [38;2;82;83;85;48;2;106;114;109m-[0m [38;2;0;0;0m [0m
 [38;2;0;0;0m  [38;2;123;9;16m'         [0m [7m[38;2;92;88;75m▀[38;2;102;101;95m`[38;2;103;103;98m`[38;2;105;105;100m`[0m[38;2;94;93;90;48;2;110;118;116mz[0m[7m[38;2;89;95;94m_[0m[38;2;93;102;105m▀[7m[38;2;103;92;78m▌[0m[38;2;100;89;84;48;2;121;117;113mz[38;2;91;80;74;48;2;104;109;111m:[0m [38;2;89;2;5m~[38;2;135;2;4m▀[7m[38;2;150;2;3m▀[0m[38;2;135;2;3;48;2;174;2;3m~[38;2;213;4;6;48;2;180;2;4m-[38;2;90;1;2;48;2;149;3;4mu[0m[38;2;88;2;3m` [38;2;186;3;3m_[38;2;178;4;9;48;2;150;2;4m'[0m[38;2;103;3;4m▌[0m [38;2;198;4;4m_[38;2;203;4;4m_[38;2;209;5;6m_[7m[38;2;106;2;3m*[0m[38;2;162;2;2m▀[38;2;81;3;3;48;2;163;2;3m_[38;2;204;4;5;48;2;173;2;2m-[0m[38;2;168;3;4m▌[0m [38;2;107;95;91m▀[38;2;91;76;71;48;2;111;104;100m:[38;2;98;88;84;48;2;117;116;113mz[38;2;89;76;72;48;2;106;107;106m:[0m[7m[38;2;84;95;99m▀[0m[38;2;52;66;66m~[38;2;53;50;41m▀[38;2;102;101;97m▀[7m[38;2;84;87;85m`[38;2;111;119;112m▀[38;2;86;92;85m`[0m[38;2;81;98;102m▀[0m [38;2;0;0;0m [0m
 [38;2;0;0;0m            [7m[38;2;83;82;74m~[38;2;78;92;98m_[38;2;63;66;65m*[0m[38;2;92;95;96m▀[38;2;111;113;113m▀[38;2;112;136;140;48;2;76;90;98m:[0m[7m[38;2;90;84;73m▀[38;2;94;94;92m~[0m[38;2;81;77;81;48;2;110;110;107m-[38;2;81;78;80;48;2;112;112;113m-[38;2;119;133;139;48;2;81;90;96m:[0m [38;2;92;4;7m^[7m[38;2;147;2;3m▌[0m[38;2;131;0;1;48;2;169;1;3m_[38;2;177;2;3;48;2;168;1;2mc[38;2;113;1;1;48;2;171;2;3m_[0m[38;2;123;3;5m▌ [38;2;113;1;4mf[38;2;122;4;5m▀[38;2;90;0;1m_[7m[38;2;147;2;2m▀[0m[38;2;81;0;0;48;2;145;2;3m_[0m[38;2;167;2;3m▀[38;2;168;2;3m▀[38;2;172;2;3m▀[7m[38;2;141;1;3m_[38;2;148;2;3m`[38;2;87;2;3m▀[38;2;154;2;4m▌[0m [38;2;57;6;5m  [38;2;67;65;55m`[38;2;104;102;100m▀[38;2;95;108;114m▀[7m[38;2;66;65;61mF[38;2;100;98;97m▀[38;2;68;69;68m▀[0m[38;2;75;68;67m_[38;2;77;70;58m_[7m[38;2;90;91;85mT[0m[38;2;75;89;90m▌   [0m
 [38;2;0;0;0m       [0m [38;2;74;7;6m+   [38;2;104;99;82m`[7m[38;2;92;87;72m▀[0m[38;2;101;92;87;48;2;116;118;110mz[38;2;100;92;84;48;2;115;119;113mz[0m[7m[38;2;109;116;115m▀[0m [7m[38;2;97;94;81m▀[38;2;70;75;74ms[0m[38;2;87;96;100;48;2;49;50;46m▀[0m[7m[38;2;82;86;89m=[0m[38;2;102;106;105;48;2;50;53;49m▀[38;2;99;93;79;48;2;45;52;54m=[0m [38;2;0;0;0m [38;2;90;3;5m`[7m[38;2;98;2;3m4[0m[38;2;196;6;6m_[38;2;196;7;6m_[7m[38;2;97;2;2m▀[38;2;161;2;3m▀[38;2;138;2;3m~[38;2;135;2;4m_[0m[38;2;115;2;3m▀[7m[38;2;80;71;55m▀[38;2;100;94;87m~[0m[38;2;107;96;88;48;2;123;117;109mz[38;2;72;61;58;48;2;114;109;103m`[0m[7m[38;2;118;117;116m▀[38;2;84;1;2m▌[0m[38;2;180;2;4;48;2;144;3;4m'[0m[38;2;59;3;4m"      [38;2;92;84;65m~[38;2;100;99;95m▀[7m[38;2;84;88;86m_[38;2;88;94;92m_[38;2;84;92;90m_[0m[38;2;91;102;101m▀[0m [38;2;30;50;58m   [0m
 [38;2;0;0;0m          [0m [7m[38;2;60;57;47m▀[38;2;85;85;78m~[0m[38;2;79;73;70;48;2;108;112;108m-[38;2;78;74;72;48;2;109;113;110m-[38;2;80;75;74;48;2;110;112;110m-[38;2;80;73;73;48;2;106;113;114m-[0m[38;2;45;54;57mM[7m[38;2;92;92;90m_[38;2;62;72;80m_[0m[38;2;88;86;80m▀[38;2;55;69;78m▀[7m[38;2;89;92;84m_[38;2;51;60;61mj[0m[38;2;84;100;97m▀ [0m [38;2;161;2;4m▀[38;2;163;2;4m▀[7m[38;2;121;1;3m_[0m[38;2;164;2;4m▀[38;2;155;3;3m▀[38;2;95;2;4m~  [7m[38;2;80;76;68m▌[0m[38;2;123;132;131;48;2;109;108;104m:[38;2;85;78;74;48;2;115;116;112m-[38;2;86;79;75;48;2;116;117;113m-[38;2;85;77;74;48;2;116;115;114m-[38;2;53;58;62;48;2;100;100;102m"[0m[7m[38;2;95;42;45m=[0m [38;2;62;4;4mL               [0m
 [38;2;0;0;0m      [0m [38;2;120;125;104m_[7m[38;2;86;82;74m▀[38;2;114;116;113m▀[0m[38;2;78;76;58;48;2;107;105;99m~[38;2;115;105;98;48;2;113;116;112mc[38;2;115;107;98;48;2;114;116;113mc[38;2;115;108;98;48;2;115;116;114mc[38;2;116;108;100;48;2;113;117;117mc[0m[7m[38;2;88;99;102m_[0m[38;2;49;65;74m▀[38;2;76;94;105m_                [0m [7m[38;2;87;98;95m▀[0m[38;2;125;107;83m`[38;2;114;110;105m▀[38;2;131;133;126;48;2;114;111;108m'[38;2;112;109;111;48;2;120;119;119mW[38;2;116;107;101;48;2;116;116;117mc[38;2;110;106;106;48;2;117;115;115mW[0m[7m[38;2;105;102;103m`[38;2;117;114;116m▀[38;2;91;88;88m▀[0m[38;2;128;138;140m_[0m [38;2;20;23;24m            [0m
 [38;2;0;0;0m   [0m [38;2;73;71;63ma[38;2;98;104;108ma[7m[38;2;90;91;90m_[38;2;100;102;104m_[38;2;101;103;106m_[38;2;102;104;106m_[38;2;101;104;104m_[38;2;93;95;95m_[0m[38;2;109;106;106m▀[38;2;89;96;103m▀[38;2;66;86;107m`[0m [7m[38;2;57;47;31m▌[0m[38;2;119;126;131;48;2;101;99;97m:[0m[7m[38;2;89;89;92m▀[0m [38;2;62;44;31m_[38;2;36;34;31m_[7m[38;2;56;61;63m▀[0m [38;2;71;0;1m_[38;2;89;0;0m_[38;2;116;0;2m_[38;2;129;0;1m_[38;2;96;0;1m_[0m  [7m[38;2;73;65;64m▀[0m[38;2;52;67;80m,[38;2;55;39;26m_[7m[38;2;95;86;81m~[0m[38;2;107;121;132;48;2;86;94;104mz[0m [38;2;0;0;0m [0m [38;2;65;60;57m▀[38;2;104;102;103m▀[7m[38;2;88;84;86m_[38;2;104;101;104m_[0m[38;2;116;125;134;48;2;101;99;103m:[38;2;113;120;124;48;2;101;96;98mz[38;2;112;119;122;48;2;100;96;96mz[38;2;113;125;131;48;2;98;98;96m:[0m[7m[38;2;92;97;94m~[38;2;81;87;83m~[0m[38;2;90;103;106mm[38;2;37;56;68m=        [0m
 [38;2;0;0;0m          [0m [38;2;69;1;2;48;2;129;1;2m▌[38;2;176;1;4;48;2;152;2;3m:[0m[38;2;92;3;3m▌  [0m [7m[38;2;104;98;95m_[38;2;109;106;105m_[0m[38;2;105;121;126;48;2;49;49;54m=[0m[38;2;174;4;6m_[7m[38;2;152;2;4m▀[0m[38;2;79;11;12;48;2;169;2;3m▀[38;2;129;4;5;48;2;160;2;4m'[38;2;159;1;2;48;2;170;3;3m^[38;2;75;4;5;48;2;166;2;3m_[0m[7m[38;2;165;2;4m_[0m[38;2;94;3;5;48;2;170;2;3m_[38;2;164;1;3;48;2;175;2;4m^[38;2;163;1;2;48;2;173;2;4m^[0m[7m[38;2;145;2;3m`[38;2;168;3;4m▀[38;2;103;1;3m▀[0m[38;2;101;87;75m▀[38;2;124;113;113m▀[38;2;85;94;106m▀ [0m [38;2;96;2;3m_[38;2;180;1;5;48;2;150;2;3m:[38;2;178;1;4;48;2;129;4;4m:[0m [38;2;0;0;0m [0m [38;2;73;85;88m`[38;2;87;106;105m`[38;2;69;88;93m`[0m [38;2;0;0;0m           [0m
 [38;2;0;0;0m           [38;2;55;0;1m"[7m[38;2;128;2;3m_[0m[38;2;129;0;1;48;2;153;2;2m;[0m[7m[38;2;144;2;2m`[38;2;125;2;3m~[38;2;158;1;2m▀[38;2;159;1;2m▀[38;2;137;2;3m~[0m[38;2;135;1;0;48;2;152;2;2m'[0m[7m[38;2;147;2;3m_[0m[38;2;150;2;3m▀[38;2;109;3;5m▀[38;2;122;2;2m`[0m  [38;2;6;0;0m [38;2;70;0;0m_[38;2;74;0;4m`[38;2;103;2;4m▀[38;2;159;1;3m▀[7m[38;2;147;2;3m_[0m[38;2;112;0;0;48;2;159;2;2m,[38;2;124;0;3;48;2;159;2;3m`[0m[7m[38;2;139;2;2m`[38;2;159;2;2m▀[38;2;158;2;2m▀[0m[38;2;51;0;0;48;2;148;2;2m`[38;2;168;2;2;48;2;149;2;2mR[0m[7m[38;2;126;3;4m_[0m[38;2;55;8;9m^                  [0m
 [38;2;0;0;0m             [38;2;160;6;9m`[38;2;119;2;3m▀[38;2;162;2;4m▀[38;2;164;2;5m▀[38;2;140;2;4m▀[7m[38;2;133;2;3m=[0m[38;2;77;3;4;48;2;168;2;2m▀[0m[7m[38;2;116;3;3m`[0m[38;2;131;13;16m`[7m[38;2;161;2;3m▀[0m[38;2;97;1;3;48;2;170;2;3m~[38;2;171;2;3;48;2;185;2;4m^[0m[7m[38;2;161;2;4m`[38;2;153;2;4m~[0m[38;2;171;2;2;48;2;184;2;4m^[38;2;170;1;2;48;2;182;3;3m^[0m[7m[38;2;151;2;3m"[0m[38;2;156;8;10m,[7m[38;2;129;2;3m`[0m[38;2;82;1;2;48;2;173;2;3m▀[38;2;112;3;4;48;2;135;3;3m![0m[7m[38;2;130;2;4m-[0m[38;2;164;2;5m▀[38;2;147;3;4m▀[38;2;149;3;3m▀[38;2;136;5;5m~                    [0m
 [38;2;0;0;0m                 [0m [38;2;137;2;4m▀[38;2;131;3;4m▀[7m[38;2;152;1;2m▀[0m[38;2;142;0;1;48;2;164;1;3m:[38;2;157;1;1;48;2;179;2;3mz[38;2;162;1;2;48;2;183;2;4mz[38;2;168;1;1;48;2;189;2;3mz[38;2;170;1;3;48;2;191;1;4mz[38;2;169;1;2;48;2;190;2;3mz[38;2;168;1;1;48;2;189;2;3mz[38;2;166;1;2;48;2;185;2;3mz[38;2;163;1;2;48;2;183;2;3mz[38;2;150;0;1;48;2;165;2;3m:[0m[38;2;148;3;5m_[38;2;159;1;2m▀[38;2;133;3;4m▀[0m [38;2;52;2;2m                        [0m
 [38;2;0;0;0m                   [0m [38;2;118;2;2m▀[7m[38;2;134;1;2m_[0m[38;2;145;7;6;48;2;163;2;2m,[38;2;163;1;1;48;2;179;2;4mR[38;2;167;1;1;48;2;183;2;3mR[38;2;202;4;3;48;2;157;3;3m:[38;2;198;6;5;48;2;157;2;2m:[38;2;164;1;1;48;2;180;3;2mR[38;2;161;1;1;48;2;177;5;3mR[38;2;193;5;5;48;2;160;3;3m:[0m[38;2;178;3;3m▀[38;2;103;4;5m▀                           [0m
