[0m [38;2;0;0;0m                                         [38;2;89;2;6m_             [0m [38;2;0;0;0m   [0m
 [38;2;0;0;0m                                        [38;2;74;0;2my[38;2;198;1;0;48;2;139;2;4m:[0m[38;2;198;1;0m            [0m [38;2;94;4;5m▌   [0m
 [38;2;0;0;0m                                  [38;2;114;1;2m_[38;2;166;2;3m_[38;2;169;3;4m_[7m[38;2;128;2;3m▀[38;2;150;3;4m▀[38;2;129;2;3m`[38;2;139;2;4m_[0m[38;2;105;2;4m▀     [0m  [38;2;0;0;0m     [0m [38;2;125;2;3m▌   [0m
 [38;2;0;0;0m   [0m  [38;2;0;0;0m                            [7m[38;2;105;1;2m▀[0m[38;2;171;5;5;48;2;135;1;3m:[38;2;162;3;4;48;2;132;1;2mz[0m[7m[38;2;116;2;3m_[0m[38;2;140;3;3m▀[38;2;94;2;3m▀[38;2;91;7;6m`       [0m [38;2;124;2;3m▌    [0m [38;2;64;1;2;48;2;127;2;2m▌[38;2;169;5;6;48;2;124;2;4m:[0m [38;2;0;0;0m  [0m
 [38;2;0;0;0m   [0m [38;2;133;1;3m▌                            [38;2;156;2;5;48;2;134;1;3m'[38;2;178;4;3;48;2;148;2;2m_[38;2;158;2;1;48;2;125;7;5m,[0m[38;2;158;2;1m [0m  [38;2;50;7;6m      [0m [7m[38;2;92;1;2m▀[0m[38;2;89;2;4;48;2;131;2;3m~[0m[38;2;110;4;6m~   [0m [38;2;71;1;2;48;2;143;1;3m▀[38;2;146;1;3;48;2;160;3;3m▀[0m[38;2;151;2;3m▀[0m [38;2;0;0;0m  [0m
 [38;2;0;0;0m   [0m [38;2;150;3;4m▌                [0m [38;2;18;0;1m     [0m   [38;2;0;0;0m   [38;2;165;2;3;48;2;127;1;2m:[38;2;131;0;1;48;2;155;1;2m-[38;2;169;2;2;48;2;145;2;2m:[0m[38;2;109;6;8m, [38;2;87;3;4m1      [7m[38;2;106;1;2m▀[0m[38;2;160;2;2;48;2;143;1;3m:[0m[38;2;108;3;4m▌    [7m[38;2;79;1;2m_[0m[38;2;119;2;3m▀[38;2;79;5;3m`    [0m
 [38;2;0;0;0m   [38;2;73;3;5m_[38;2;147;5;6m_            [7m[38;2;76;2;3m▌[0m[38;2;96;5;4m_[0m [38;2;60;5;5m^     [0m [38;2;109;3;4m▌[0m [38;2;0;0;0m   [7m[38;2;104;1;2m▌[0m[38;2;201;3;5;48;2;162;1;3m_[38;2;204;3;5;48;2;165;2;2m_[48;2;166;1;2m_[38;2;180;2;3;48;2;162;2;3m,[0m[7m[38;2;174;3;3m▀[38;2;141;2;2m^[0m[38;2;76;4;4m▌    [7m[38;2;78;1;2m▌[0m[38;2;68;0;2;48;2;126;2;2m~[0m[38;2;143;2;3m▌  [0m [38;2;0;0;0m         [0m
 [38;2;0;0;0m  [0m [7m[38;2;90;1;1m▀[0m[38;2;118;3;4m▌            [0m [38;2;154;1;3;48;2;119;2;3m:[0m[38;2;103;0;0m_      [0m [38;2;154;3;1;48;2;131;1;1m:[0m[38;2;139;3;4m▌ [0m [7m[38;2;143;1;2m▀[0m[38;2;176;2;3;48;2;164;1;2md[38;2;181;2;3;48;2;169;1;2mc[38;2;180;2;2;48;2;170;1;3mW[38;2;181;2;2;48;2;171;1;2mW[38;2;182;2;3;48;2;172;1;3mc[38;2;178;2;3;48;2;167;1;3mb[38;2;111;0;0;48;2;166;2;2m_[0m[38;2;126;3;3m▌ [0m [7m[38;2;98;2;3m▀[0m[38;2;0;0;0m [7m[38;2;120;1;3m▌[0m[38;2;124;3;4m▌[0m  [38;2;0;0;0m [7m[38;2;77;2;3m▌[0m [38;2;0;0;0m        [0m
 [38;2;0;0;0m  [7m[38;2;99;1;3m▌[0m[38;2;139;3;4m▌[0m [38;2;0;0;0m      [0m  [38;2;0;0;0m     [38;2;163;4;5;48;2;139;2;4m'[38;2;146;1;2;48;2;157;3;4mW[0m[38;2;93;3;3m▌    [0m  [38;2;177;3;4;48;2;160;2;3m'[38;2;161;1;2;48;2;175;3;3mW[0m[7m[38;2;175;2;4m▀[0m[38;2;101;1;2;48;2;158;2;3m"[38;2;169;2;2;48;2;184;2;3mW[38;2;170;2;2mW[38;2;173;2;3;48;2;187;2;5mW[48;2;187;2;4mW[38;2;173;2;2;48;2;188;3;4mW[38;2;171;2;2;48;2;187;2;4mW[38;2;189;2;3;48;2;158;2;3m,[0m[7m[38;2;142;2;3m_[0m[38;2;171;1;2m▀[7m[38;2;132;2;3m`[0m[38;2;173;2;1;48;2;157;2;3m,[38;2;151;2;4;48;2;77;3;3m▌[0m[38;2;151;2;4m   [0m   [7m[38;2;117;3;5m▌[0m [38;2;87;5;7m_     [0m [38;2;0;0;0m [0m
 [38;2;0;0;0m   [38;2;109;1;4m"       [0m [7m[38;2;107;2;2m▀[0m [38;2;47;0;2m    [38;2;75;1;2;48;2;132;1;3m,[38;2;164;1;2;48;2;153;1;2mW[38;2;161;2;3;48;2;145;2;3m:[0m [38;2;63;2;4m  [0m [38;2;156;2;5;48;2;119;2;3m:[0m [38;2;96;0;2;48;2;139;1;3mL[38;2;186;1;3;48;2;174;1;3mW[38;2;190;2;3;48;2;178;1;3mW[38;2;191;2;4;48;2;180;1;3mW[38;2;192;2;3;48;2;181;1;3mW[48;2;181;1;2mW[38;2;193;2;3;48;2;182;1;3mW[38;2;192;2;3;48;2;181;1;2mW[38;2;189;2;2;48;2;179;1;2mW[38;2;185;1;3;48;2;176;1;3mC[0m[38;2;168;2;3m▌[0m  [38;2;147;2;3m▀[38;2;116;4;4m▀[0m [38;2;0;0;0m [0m [7m[38;2;96;1;2m▀[0m [38;2;0;0;0m [0m [38;2;69;3;5m▌ [38;2;81;1;2;48;2;111;1;2m^[0m [38;2;48;3;4m   [0m  [38;2;59;4;6m [0m
 [38;2;0;0;0m       [0m [38;2;0;0;0m    [0m [38;2;126;2;4m▀[38;2;78;3;4m▌   [7m[38;2;80;1;2m▌[0m[38;2;181;2;4;48;2;166;2;3m'[38;2;182;3;3;48;2;168;3;3m'[0m[38;2;92;4;4m▌[0m [7m[38;2;108;1;3m▀[38;2;179;2;3m▀[0m[38;2;170;1;2;48;2;181;2;4m^[38;2;173;2;3;48;2;186;2;4m^[38;2;181;2;3;48;2;192;2;3m^[38;2;186;1;2;48;2;197;2;3m^[38;2;214;2;5;48;2;199;2;4m'[38;2;213;2;5;48;2;198;2;3m'[48;2;197;2;3m'[48;2;197;2;4m''[38;2;187;1;3m^[38;2;206;2;5;48;2;192;2;4m,[38;2;204;3;4;48;2;188;2;3m,[0m[38;2;172;4;4m▌[7m[38;2;157;3;6m▌[0m[38;2;57;0;1m"  [0m [38;2;73;0;1;48;2;164;2;3m▀[38;2;182;3;3;48;2;166;2;3m,[38;2;159;2;2;48;2;169;2;3m^[0m[38;2;102;4;5m▌ [38;2;72;2;6m~[0m  [38;2;176;2;3;48;2;139;3;5m'[0m [38;2;0;0;0m  [0m [7m[38;2;132;1;2m^[0m[38;2;89;4;5m▌ [0m
 [38;2;0;0;0m [0m [38;2;131;5;10m.    [0m [7m[38;2;133;2;2m▀[38;2;121;2;2m▀[0m[38;2;101;0;1m_  [0m [38;2;114;2;5m▌ [0m   [38;2;174;1;2;48;2;158;1;2mC[0m[38;2;162;2;3m▌[7m[38;2;151;3;5m▌[0m [38;2;172;2;3;48;2;153;1;2m:[38;2;195;2;3;48;2;179;1;2mM[38;2;198;2;4;48;2;183;1;2mM[38;2;176;1;1;48;2;194;2;2m=[38;2;203;2;3;48;2;188;1;2mM[38;2;205;2;2;48;2;189;1;2mM[38;2;206;2;3;48;2;190;1;2mM[38;2;204;2;2;48;2;188;2;1mM[38;2;203;2;3;48;2;186;1;2mM[38;2;202;2;3mM[38;2;201;2;3;48;2;184;1;2mM[38;2;200;2;3mM[38;2;198;2;2;48;2;181;1;1mM[38;2;196;2;2;48;2;178;2;2mM[0m[7m[38;2;112;2;3mf[0m[38;2;181;1;3;48;2;170;1;3m.[0m[38;2;150;3;3m▌[0m [38;2;82;0;0m_[7m[38;2;149;2;2m`[0m[38;2;159;1;1;48;2;175;1;3m=[38;2;185;2;3;48;2;169;1;2mC[38;2;183;2;3;48;2;166;1;2mM[0m[38;2;110;3;4m▌ [7m[38;2;108;1;2m▌[38;2;134;2;2m~`[0m[38;2;88;3;3m▌   [38;2;79;0;0m_[38;2;174;1;3;48;2;159;1;2mC[0m [38;2;0;0;0m [0m
 [38;2;0;0;0m  [7m[38;2;90;2;3m▌[0m[38;2;90;3;3m▌[0m [7m[38;2;116;3;5m▀[0m [38;2;0;0;0m [38;2;144;1;5m`[38;2;179;2;5;48;2;164;2;3m'[38;2;185;1;2;48;2;166;2;3m:[0m [38;2;0;0;0m  [0m [38;2;21;1;2m [0m [38;2;83;4;6m~[0m [38;2;192;1;4;48;2;167;2;3m:[38;2;99;2;5;48;2;147;3;4m"[38;2;203;3;4;48;2;172;2;4m,[0m[7m[38;2;143;2;3m▀[0m[38;2;209;3;3;48;2;189;2;3m,[38;2;184;1;1;48;2;197;2;3m^[38;2;188;2;1;48;2;200;2;3m^[38;2;192;1;2;48;2;202;2;3m^[38;2;191;1;2m^[38;2;192;1;2;48;2;201;2;3m^[38;2;189;1;1;48;2;198;2;3m^[38;2;208;2;4;48;2;187;3;4m'[0m[7m[38;2;144;2;4m|[0m[38;2;186;1;3;48;2;195;2;4m^[38;2;205;3;4;48;2;191;2;3m'[38;2;183;1;2;48;2;192;2;4m^[38;2;205;2;5;48;2;189;2;4m'[38;2;67;1;1;48;2;156;4;4m\[38;2;177;1;2;48;2;187;2;4mW[38;2;182;2;2;48;2;192;2;3m^[38;2;179;1;1;48;2;191;2;3m^[38;2;206;1;4;48;2;177;2;3m:[48;2;180;2;3m:[38;2;177;1;2;48;2;188;2;3m^[38;2;176;1;2;48;2;187;2;3m^[38;2;175;2;2;48;2;186;2;3m^[38;2;172;2;2;48;2;183;2;3m^[0m[38;2;149;4;4m▌ [7m[38;2;101;1;2m▌[0m[38;2;177;2;4;48;2;146;3;4m'[0m[38;2;122;4;3m~[0m [38;2;107;7;6m_  [7m[38;2;154;2;3m▌[0m[38;2;185;1;3;48;2;155;3;4m:[0m [38;2;0;0;0m [0m
 [38;2;0;0;0m   [7m[38;2;132;1;2m▌[38;2;114;2;4m▀[38;2;122;1;2m▌[38;2;150;2;3m▀[0m  [38;2;137;0;1;48;2;154;1;3m:[38;2;148;1;1;48;2;162;2;3mq[0m [38;2;0;0;0m [0m [38;2;86;2;4m▌ [0m [7m[38;2;136;2;3m▀[0m[38;2;47;1;1m [38;2;72;0;1;48;2;176;1;2m▌[38;2;171;1;1;48;2;185;2;2mg[38;2;172;1;2;48;2;187;2;3mp[38;2;175;1;2;48;2;190;2;3mg[38;2;177;1;1;48;2;192;2;2mg[38;2;179;1;1;48;2;194;2;3mg[38;2;182;1;1;48;2;197;2;3mg[38;2;184;1;1;48;2;199;2;2mgg[38;2;172;0;1;48;2;185;2;2m:[0m[38;2;183;2;3m▀[7m[38;2;104;2;2m/[0m[38;2;102;0;0;48;2;142;2;3m~[0m[38;2;180;2;4m▀[38;2;124;3;4m▀[7m[38;2;126;1;3m=[0m[38;2;73;1;1;48;2;164;3;4mr[0m[7m[38;2;110;3;4m?[0m[38;2;176;1;2;48;2;188;1;4mz[38;2;179;1;2;48;2;193;2;3mg[38;2;180;1;2;48;2;194;2;3mg[38;2;180;0;2mg[38;2;177;1;2;48;2;190;2;3mq[0m[7m[38;2;112;2;3m_[0m[38;2;174;1;2;48;2;187;2;3mp[38;2;172;1;2;48;2;186;2;2mz[38;2;168;1;1;48;2;182;2;2mq[38;2;168;0;1;48;2;157;2;3m,[0m [38;2;141;0;2m_[38;2;108;4;4m▌ [0m [38;2;151;0;1;48;2;142;1;2m'[0m[38;2;71;1;1mw [38;2;58;0;1m"[38;2;140;1;3m▌  [0m
[38;2;158;2;4m_[38;2;81;5;6m_  [0m [38;2;179;2;4;48;2;157;2;3m'[0m[7m[38;2;131;2;3m`[0m[38;2;181;1;3;48;2;160;2;3m'[0m[7m[38;2;118;3;4mJ[0m[38;2;106;9;9m,[7m[38;2;102;1;3m▌[0m[38;2;184;2;3;48;2;163;2;3m'[0m[38;2;98;5;6m▌ [7m[38;2;88;2;4m▌[0m[38;2;162;3;5m▌[7m[38;2;108;2;3m▀[38;2;146;2;2m^[0m[38;2;193;3;4;48;2;169;3;4m,[0m [38;2;205;2;4;48;2;164;2;3m:[38;2;181;1;1;48;2;191;2;3m^[38;2;211;2;3;48;2;194;2;3m'[38;2;107;1;3;48;2;184;2;3m,[38;2;215;2;2;48;2;196;2;3m'[48;2;175;2;3m'[38;2;216;1;2;48;2;192;2;3m'[38;2;217;2;3;48;2;197;2;4m'[0m[7m[38;2;160;3;5my[38;2;166;2;4m▀[0m[38;2;98;1;5;48;2;178;2;3m~[38;2;211;2;6;48;2;191;3;4m'[0m[7m[38;2;112;3;6my[38;2;190;2;3m▀[0m[38;2;132;1;2;48;2;184;2;3m~[38;2;210;3;2;48;2;194;2;2m'[38;2;211;2;4;48;2;189;3;4m'[38;2;92;4;4;48;2;179;2;4m▌[38;2;214;2;3;48;2;198;2;4m'[38;2;218;1;4m'[38;2;219;2;5;48;2;199;2;4m'[38;2;219;2;4;48;2;186;3;5m'[0m[38;2;127;3;5m▀[38;2;65;0;2m_[38;2;98;0;2;48;2;152;1;3mL[38;2;213;1;3;48;2;194;2;3m'[38;2;209;1;3;48;2;190;2;3m'[0m[7m[38;2;149;3;4m.[38;2;101;2;3mF[0m[38;2;195;3;5;48;2;170;3;5m'[0m [7m[38;2;128;2;4m▀[0m [38;2;145;0;2;48;2;170;2;4mM[38;2;185;3;4;48;2;147;3;3m:[0m [38;2;0;0;0m [38;2;138;5;6m]  [0m
 [38;2;92;2;3m▀   [38;2;94;1;2m▀[38;2;59;2;5;48;2;143;1;3m_[38;2;142;1;2;48;2;158;2;4mz[0m[38;2;132;2;4m▌[38;2;90;2;5m7[0m [7m[38;2;99;1;3m▌[0m[38;2;153;0;1;48;2;114;3;5m,[0m[38;2;153;0;1m [0m [7m[38;2;140;2;3m▌[0m[38;2;156;1;1;48;2;171;2;3mz[38;2;160;1;2;48;2;178;2;4mz[38;2;163;1;2;48;2;181;2;4mz[38;2;77;1;1;48;2;172;2;3m▀[0m[7m[38;2;143;1;3my[0m[38;2;168;1;1;48;2;186;2;3mz[38;2;167;1;2;48;2;187;2;4mz[0m[38;2;91;2;3m▌[38;2;123;2;3m▀[38;2;119;3;4m▀[7m[38;2;95;1;3mh[0m[38;2;143;0;2;48;2;171;2;4m,[0m[7m[38;2;145;2;3m`[0m[38;2;176;1;1;48;2;195;2;3mz[38;2;176;0;1;48;2;194;1;3mz[38;2;175;1;1;48;2;194;2;3mz[0m[7m[38;2;155;2;2m`[0m[38;2;177;0;1;48;2;197;2;2mz[38;2;175;1;2;48;2;194;2;3mz[38;2;175;1;1;48;2;192;2;3mz[0m[7m[38;2;121;4;4mj[0m[38;2;183;0;2;48;2;168;1;3m,[38;2;138;3;6;48;2;185;2;3m_[38;2;101;0;1;48;2;179;2;4m,[38;2;179;1;1;48;2;196;2;3mz[38;2;169;0;0;48;2;187;1;3m:[38;2;165;0;2;48;2;182;1;3m'[38;2;166;0;0;48;2;186;1;2m:[38;2;87;1;0;48;2;172;1;2m"[38;2;174;1;1;48;2;192;2;3mz[38;2;173;1;1;48;2;191;2;3mz[0m[7m[38;2;135;2;3m`[38;2;173;1;4m▌[0m[38;2;170;1;1;48;2;146;3;5m'[0m [38;2;164;0;2;48;2;137;1;3m'[38;2;88;2;1;48;2;165;2;2m`[38;2;150;0;1;48;2;169;2;3mz[0m[7m[38;2;129;3;3my[0m [38;2;0;0;0m [38;2;103;4;4m^  [0m
  [38;2;0;0;0m [38;2;125;6;12m,  [38;2;102;11;20m`[38;2;92;3;5m▀[0m [7m[38;2;92;88;74m▀[38;2;62;66;70m▀[38;2;94;94;85m▀[0m[38;2;167;2;3m'[38;2;75;64;42my[7m[38;2;130;121;121m▀[38;2;89;89;97m▀[0m[38;2;91;2;3;48;2;150;1;2m,[38;2;199;2;3;48;2;178;1;2mz[38;2;204;2;3;48;2;183;2;3mz[38;2;208;3;4;48;2;186;2;4mz[38;2;107;3;4;48;2;178;2;4m"[38;2;132;0;2;48;2;176;2;4m\[38;2;180;1;2;48;2;199;3;5mP[38;2;88;3;3;48;2;154;2;4m~[0m[7m[38;2;149;2;4m▀[0m [38;2;221;5;8;48;2;175;2;4m:[38;2;211;3;3;48;2;183;2;3mz[38;2;214;3;4;48;2;192;2;3mz[38;2;188;1;1;48;2;206;2;3mP[38;2;214;3;3;48;2;197;1;3mg[38;2;218;3;3;48;2;196;2;3mz[38;2;187;1;1;48;2;205;2;3mP[38;2;185;1;2;48;2;203;2;4mP[38;2;210;3;3;48;2;192;2;3mg[0m[7m[38;2;148;4;4mv[0m[38;2;82;0;1;48;2;144;3;5m^[0m[7m[38;2;118;3;4m*[0m[38;2;84;1;3;48;2;194;1;2m▀[38;2;228;3;4;48;2;194;2;3m:[38;2;215;3;4;48;2;198;2;2mg[38;2;214;2;3;48;2;197;2;2mg[38;2;213;3;3;48;2;196;2;2mg[38;2;211;3;3;48;2;195;2;2mg[38;2;212;2;3;48;2;192;2;2mz[38;2;211;3;4;48;2;191;2;3mz[38;2;209;3;4;48;2;189;2;3mz[38;2;205;2;4;48;2;185;2;3mp[0m[7m[38;2;116;2;4m\[0m[38;2;173;4;6m▌[0m [38;2;205;4;5;48;2;164;2;4m:[38;2;164;4;4;48;2;72;3;3m▀[0m[38;2;128;3;4m~[0m [38;2;0;0;0m     [0m
 [38;2;0;0;0m  [7m[38;2;102;2;4m▀[0m [38;2;0;0;0m  [38;2;90;73;51m_[7m[38;2;105;100;91m▀[0m[38;2;96;93;93;48;2;110;109;104mg[38;2;115;119;112;48;2;105;105;101m^[38;2;114;116;113;48;2;106;103;99m%[0m[7m[38;2;84;86;86m`[0m[38;2;62;56;42;48;2;95;90;84m^[38;2;123;115;115;48;2;112;104;104m^[38;2;108;94;97;48;2;118;110;110mg[38;2;42;50;63;48;2;121;1;2m▌[38;2;158;1;1;48;2;180;1;3mz[38;2;75;1;2;48;2;141;3;4mj[38;2;166;1;1;48;2;186;2;4mz[38;2;184;0;1;48;2;161;3;4m'[38;2;108;0;0;48;2;160;1;3m,[38;2;174;1;2;48;2;195;2;4mz[38;2;176;1;3;48;2;196;2;4mz[38;2;176;1;2;48;2;196;2;3mz[38;2;93;1;3;48;2;143;3;3m"[38;2;166;1;2;48;2;187;2;3mm[38;2;173;1;1;48;2;193;2;3mz[38;2;175;1;2;48;2;194;2;3mg[38;2;177;1;1;48;2;197;2;3mz[38;2;193;1;0;48;2;166;2;3m'[38;2;180;0;3;48;2;146;2;4m,[38;2;178;1;3;48;2;197;2;4mz[38;2;176;1;2;48;2;196;2;4mz[38;2;192;1;1;48;2;151;3;4m'[0m[38;2;89;4;5m▀[7m[38;2;169;1;2m▀[0m[38;2;165;0;0;48;2;186;1;3m:[38;2;179;1;1;48;2;197;2;2mz[38;2;180;1;2;48;2;199;2;2mz[38;2;181;1;1mz[38;2;183;1;2;48;2;200;2;2mz[38;2;202;1;5;48;2;190;2;3m,[0m[38;2;184;2;2m▀[38;2;135;4;5m▀[38;2;143;5;7m~[38;2;120;2;4m▀[38;2;63;0;1;48;2;153;2;3m,[0m[38;2;145;5;5m▌[38;2;159;2;5;48;2;113;3;5m'[0m[7m[38;2;93;1;3m▌[0m[38;2;143;0;0;48;2;156;3;5m:[0m [7m[38;2;128;3;4m▀[0m[38;2;59;2;1m      [0m
 [38;2;0;0;0m  [38;2;180;3;7;48;2;113;2;3m:[0m[38;2;75;3;4my[38;2;98;6;6m, [7m[38;2;76;77;64mW[0m[38;2;72;86;91m▀[38;2;73;90;97m~[38;2;117;120;117m`[38;2;88;92;95m~[38;2;108;118;122m~[7m[38;2;91;94;92m=[38;2;88;86;84m_[38;2;105;104;105m-[38;2;124;1;3m▌[0m[38;2;190;2;4;48;2;165;1;3mz[0m[38;2;107;4;5m▌[38;2;214;4;7;48;2;170;2;4m:[0m[38;2;177;3;4m▌[38;2;217;2;7;48;2;155;1;3m:[38;2;213;3;5;48;2;188;1;3mz[38;2;214;3;4;48;2;190;2;2mz[48;2;189;2;2mz[38;2;211;3;3;48;2;188;1;2mz[38;2;213;3;3;48;2;187;1;2mz[38;2;222;5;6;48;2;181;3;4m:[38;2;78;0;1;48;2;141;1;4m[[38;2;208;2;4;48;2;182;2;2mz[0m[7m[38;2;73;2;3mZ[0m[38;2;176;0;2;48;2;192;2;4mT[38;2;213;3;3;48;2;189;2;2mz[38;2;214;3;3;48;2;189;1;2mz[38;2;87;3;4;48;2;143;2;4m"[0m[7m[38;2;105;1;3m▌[0m[38;2;219;2;4;48;2;188;2;2m:[38;2;213;3;3;48;2;189;1;3mz[38;2;212;3;4;48;2;188;2;2mz[38;2;212;3;3;48;2;187;2;2mz[38;2;213;2;4;48;2;191;2;2mz[0m[38;2;204;2;5m▀[38;2;130;8;10m`    [7m[38;2;113;1;3m▌[0m[38;2;84;3;2;48;2;153;3;4m"[0m[7m[38;2;103;3;3m▀[0m [38;2;209;4;6;48;2;159;3;5m:[0m[7m[38;2;101;0;1m▌[0m[38;2;223;1;4;48;2;180;3;4m:[0m [38;2;0;0;0m     [0m
  [38;2;0;0;0m [7m[38;2;143;1;2m▌[0m[38;2;131;0;1;48;2;149;2;4m:[38;2;149;3;6;48;2;107;2;3m'[0m  [38;2;55;40;20m`[7m[38;2;82;81;78m~[38;2;94;102;107m▀[38;2;100;100;83m▌[0m[38;2;40;38;41;48;2;97;103;103m_[38;2;115;105;101;48;2;83;86;86m'[0m[7m[38;2;84;84;84m▀[38;2;81;82;84m=[0m [38;2;137;1;3m▀[38;2;118;5;5m▌[7m[38;2;174;2;5m▌[0m[38;2;63;3;3;48;2;166;2;3m`[38;2;174;1;2;48;2;193;2;4mz[38;2;177;1;1;48;2;196;2;4mz[38;2;148;2;3;48;2;179;2;3my[38;2;175;1;3;48;2;194;1;3mL[38;2;228;1;1;48;2;191;2;3m-[48;2;192;2;3m-[38;2;199;3;4;48;2;151;3;4m'[0m[38;2;82;1;2m"[38;2;143;0;1;48;2;176;2;3m,[0m[38;2;125;2;4m▌[38;2;63;0;2;48;2;156;2;4m,[38;2;181;1;2;48;2;199;2;4mz[38;2;182;1;2;48;2;201;2;4mz[38;2;183;1;2mz[38;2;184;1;2;48;2;198;2;4mz[38;2;184;1;1;48;2;200;2;4mz[38;2;181;1;1;48;2;199;2;3mz[38;2;229;1;1;48;2;188;2;3m-[0m[7m[38;2;168;3;4m_[0m[38;2;103;4;5m▀      [7m[38;2;101;1;3m▌[0m[38;2;162;1;2;48;2;181;2;4mz[38;2;174;5;6;48;2;154;2;3m'[38;2;64;1;1;48;2;180;1;3m▀[38;2;147;0;1;48;2;172;2;3m.[0m[38;2;82;4;4mM[38;2;213;0;1;48;2;216;0;2m:[0m[38;2;170;5;6m▌     [0m
  [38;2;77;3;4m▌[38;2;108;6;7m,[38;2;140;0;1;48;2;161;2;3m-[38;2;173;3;4;48;2;148;2;3mc[0m  [38;2;118;110;101;48;2;53;51;49mt[0m[7m[38;2;104;105;107m▀[38;2;70;82;86m*[38;2;77;93;98m▌[0m[38;2;104;124;107;48;2;64;71;73m,[0m[38;2;47;76;107m`[38;2;117;4;7mn[38;2;107;86;63m`[38;2;100;101;91m▌  [7m[38;2;122;2;3m▌[38;2;168;2;4m_[38;2;162;3;4m_[0m[38;2;188;4;4m▀[7m[38;2;142;2;4m/[0m[38;2;206;3;6;48;2;182;1;3mz[0m[7m[38;2;148;3;6m_[0m[38;2;107;1;2;48;2;152;2;4mW[38;2;222;4;7;48;2;186;2;4m:[0m[38;2;109;5;5m,[38;2;165;2;9m`[38;2;84;0;2;48;2;161;2;4m_[0m[7m[38;2;94;2;3m*[38;2;167;1;3m_[0m[38;2;151;0;3;48;2;189;2;4m_[38;2;206;4;4;48;2;182;1;2mz[38;2;205;4;4;48;2;182;1;3mz[38;2;155;1;2;48;2;188;2;4m_[0m[7m[38;2;159;3;4m_[0m[38;2;123;4;5m▀[0m [38;2;88;3;4m▌      [7m[38;2;170;2;3m▌[0m[38;2;195;3;4;48;2;171;1;2mz[0m[7m[38;2;138;3;5mj[0m[38;2;201;4;6;48;2;176;2;3mc[0m[7m[38;2;122;3;6m/[38;2;103;0;1m▌[0m[38;2;198;1;2;48;2;215;1;2m_[0m[38;2;161;5;7m▌     [0m
  [38;2;117;8;9m'[38;2;147;2;4;48;2;79;2;2m▌[38;2;173;2;4;48;2;151;1;3m'[38;2;196;4;5;48;2;164;1;2m-[0m[38;2;151;3;4m▌[0m [38;2;45;3;3m [38;2;83;73;62m~[38;2;78;90;94m▀[7m[38;2;93;97;86m▌[38;2;71;75;76mt[0m[38;2;91;90;79m_[38;2;125;128;119m_[7m[38;2;59;61;55m▀[0m[38;2;68;66;77;48;2;88;87;82m7[0m[38;2;38;58;68m▌[0m  [38;2;42;42;33m [38;2;124;7;9m+[7m[38;2;120;2;3m▀[38;2;134;2;3m*[38;2;141;3;4m=[38;2;192;2;3m▀[0m[38;2;182;1;2;48;2;194;2;3mL[38;2;222;3;4;48;2;192;1;2m-[38;2;199;2;2;48;2;178;2;3m,[0m[7m[38;2;193;2;3m▀[0m[38;2;210;3;4m_[38;2;129;3;7m~[38;2;154;4;6m~[38;2;104;3;3m▀[38;2;131;2;3m▀[38;2;117;3;4m▀[38;2;121;7;7m`[0m [38;2;90;2;4m▀[38;2;109;5;6m=[38;2;88;4;4m~    [0m [7m[38;2;117;2;3m▀[0m[38;2;170;2;3;48;2;184;2;4m▀[38;2;81;1;2;48;2;154;5;5my[0m[7m[38;2;152;2;3m^[0m[38;2;186;3;3;48;2;175;2;2m'[38;2;91;1;1;48;2;115;3;4mu[0m[7m[38;2;125;3;3m▌[0m[38;2;113;4;4m▀      [0m
 [7m[38;2;113;1;2m▌[0m[38;2;59;0;1;48;2;158;1;3m`[38;2;183;3;4;48;2;159;1;2mz[38;2;174;1;3;48;2;155;1;3m▀[0m[38;2;131;3;5m▀[0m [38;2;64;55;36my[38;2;52;59;72m_[7m[38;2;62;57;43m▌[0m[38;2;60;71;73m▌[7m[38;2;60;59;45m▌[38;2;73;78;79m*[0m[38;2;97;99;95;48;2;42;46;47m▀[0m[38;2;111;119;118m=[7m[38;2;65;64;61m`[0m[38;2;145;143;134;48;2;113;111;106m:[0m[38;2;48;75;97m▌[7m[38;2;97;87;65m▌[0m[38;2;62;84;95;48;2;102;110;112m_[0m [7m[38;2;128;2;4m▀[0m[38;2;171;3;4m▀[7m[38;2;134;2;3mr[0m[38;2;200;3;5;48;2;177;1;3mz[38;2;206;3;4;48;2;183;1;3mz[38;2;210;4;4;48;2;186;1;4mz[38;2;212;3;5;48;2;187;1;4mz[38;2;210;3;3;48;2;188;1;3mz[38;2;211;3;2mz[38;2;201;1;3;48;2;185;1;3m▀[38;2;179;1;8;48;2;142;2;4m'[0m[38;2;134;5;8mL[7m[38;2;96;2;3mJ[38;2;133;1;2m▀[38;2;113;2;3m▀[0m[38;2;111;2;6m_      [0m [7m[38;2;87;1;3m▀[38;2;163;2;3m▀[38;2;158;2;4m_[0m[38;2;69;2;2;48;2;143;2;5m*[38;2;91;0;1;48;2;175;2;4m~[38;2;202;3;5;48;2;176;1;2mz[38;2;199;3;3;48;2;174;1;2mz[0m[38;2;168;4;5m▌[0m [38;2;48;44;33m_      [0m
 [38;2;74;1;3m▀[38;2;155;1;2m▀[38;2;106;1;1;48;2;139;2;4m,[0m[38;2;113;3;4m▀ [0m [7m[38;2;93;86;74m_[0m[38;2;81;77;72;48;2;106;108;106m:[0m[7m[38;2;111;115;112m▀[38;2;97;100;98m▀[0m[38;2;127;125;113m_[38;2;81;80;76m▀[38;2;93;95;93m▀[38;2;93;104;100m=[38;2;77;82;76m▀[38;2;108;102;80m_[38;2;131;128;112m_[38;2;131;132;119m_[7m[38;2;60;61;58m▀[0m   [38;2;115;2;4m▀[38;2;116;3;8m~[38;2;96;1;2;48;2;181;1;4m▌[38;2;217;3;7;48;2;185;2;3m-[38;2;222;6;7;48;2;187;1;3m-[38;2;222;4;6;48;2;188;2;3m-[38;2;83;1;2;48;2;162;2;3m7[0m[7m[38;2;118;2;4m=[0m[38;2;177;1;4;48;2;82;2;4m▀[38;2;75;0;2;48;2;163;3;4m`[38;2;94;1;2;48;2;142;2;4mh[38;2;132;2;5;48;2;75;1;2m=[38;2;146;2;4;48;2;79;1;2ma[0m[7m[38;2;151;3;3mr[38;2;138;2;3m-[38;2;113;2;3m`[38;2;110;2;2m~[0m[38;2;139;2;3ms[7m[38;2;106;2;3m~[38;2;119;2;4m`[0m[38;2;172;3;6;48;2;134;2;4m'[38;2;70;0;1;48;2;158;2;3m=[38;2;95;4;5;48;2;150;2;3m~[38;2;106;1;4;48;2;160;3;4m`[0m[38;2;180;2;2m▀[38;2;145;3;3m▀[38;2;119;1;2;48;2;162;2;3m^[38;2;186;2;4;48;2;160;3;4m'[0m[38;2;76;3;3m~[0m [7m[38;2;82;74;63m_[38;2;88;88;86m~[0m[38;2;98;108;108m_    [0m
 [38;2;113;2;4m=[0m  [38;2;78;3;4m▀[0m [7m[38;2;61;54;37m▌[38;2;100;99;96m_[38;2;96;100;102mT[38;2;63;67;71m_[38;2;74;77;75m_[38;2;92;97;95m-[38;2;94;96;93m_[0m[38;2;76;78;79;48;2;108;110;111m-[38;2;117;125;128;48;2;98;97;96mz[38;2;76;78;79;48;2;107;109;107m-[38;2;77;79;81;48;2;109;112;112m-[38;2;77;79;80;48;2;110;114;113m-[38;2;61;82;93;48;2;110;115;111m_[0m[7m[38;2;81;96;102m_[0m [7m[38;2;74;68;53m▀[0m[38;2;84;93;93m▌[7m[38;2;88;3;4m▌[0m[38;2;124;7;9m'[38;2;158;7;9m`[7m[38;2;76;2;3m$[0m[38;2;157;0;0;48;2;187;2;3m_[38;2;160;0;0;48;2;191;2;3m_[38;2;163;0;0;48;2;188;2;4m_[0m[7m[38;2;168;1;2m`[38;2;176;2;2m▀[0m[38;2;108;1;3m~[38;2;179;1;2m▀[38;2;88;0;1;48;2;174;2;3m_[0m[7m[38;2;150;2;2m~[38;2;139;3;4m▀[0m[38;2;127;2;3m▀[38;2;176;2;4m▀[7m[38;2;153;2;3m_[38;2;168;2;4m_[38;2;167;2;4m_[38;2;151;2;3m_[0m[38;2;175;2;2m▀[38;2;175;2;3m▀[38;2;150;3;5m▀[38;2;90;0;1m_[7m[38;2;154;1;3m▀[0m[38;2;180;4;4;48;2;161;2;3m:[0m[38;2;172;2;3m▀[38;2;95;6;7m` [7m[38;2;92;87;82m▌[38;2;93;96;97m▀[0m[38;2;121;125;115m`[7m[38;2;99;96;91m_[38;2;89;97;101m▀[0m [38;2;0;0;0m  [0m
 [38;2;0;0;0m [0m [7m[38;2;105;1;2m▀[0m [38;2;0;0;0m [7m[38;2;99;3;4m▌[0m[38;2;96;5;7m_[38;2;70;70;63m▀[38;2;98;101;100m▀[38;2;116;116;113m*[7m[38;2;84;87;82m_[38;2;79;86;89m_[0m[38;2;53;52;51;48;2;66;72;71mg[38;2;85;98;98;48;2;59;64;63m~[0m[38;2;89;101;101m~[38;2;68;78;76m~[38;2;71;91;100m`[0m [38;2;135;138;129m_[0m [7m[38;2;96;93;82m_[0m[38;2;98;105;108m▌[0m [38;2;0;0;0m [38;2;130;1;4m▀[0m [38;2;177;0;1;48;2;193;2;4mc[38;2;181;0;2;48;2;199;2;4mc[38;2;186;1;2;48;2;202;2;5mz[38;2;185;1;1;48;2;202;2;4mz[38;2;183;1;2;48;2;200;2;5mz[38;2;198;3;5;48;2;179;3;4m,[0m[7m[38;2;190;3;5m▀[0m[38;2;195;6;7m_[38;2;148;1;3m▀[38;2;105;0;1;48;2;171;2;4m,[38;2;202;3;7;48;2;183;3;4m'[38;2;82;1;2;48;2;189;3;4m▀[0m[7m[38;2;171;2;3m▀[38;2;118;1;2m▀[0m[38;2;208;5;6m_[38;2;208;5;5m_[7m[38;2;175;3;5m▀[38;2;182;2;4m▀[38;2;150;2;4m`[0m[38;2;174;2;3m▀[38;2;132;118;95m_[38;2;98;10;10m`[7m[38;2;113;104;93m▀[0m[38;2;102;89;87;48;2;121;118;114mz[0m[7m[38;2;82;87;89m▀[0m [38;2;83;78;68m▀[38;2;49;64;74;48;2;90;94;93m`[0m[38;2;75;92;96m_[7m[38;2;92;91;79my[0m[38;2;96;107;110;48;2;38;51;62m▌[0m [38;2;0;0;0m [0m
 [38;2;0;0;0m [0m [7m[38;2;118;1;3m_[0m [38;2;58;3;3m [0m [38;2;89;3;7m\          [7m[38;2;101;98;86m▌[0m[38;2;76;73;79;48;2;109;112;113m-[38;2;123;133;135;48;2;93;97;99m:[0m[38;2;38;55;70mr[38;2;124;133;122;48;2;103;99;88m:[0m[7m[38;2;101;98;98m`[0m[38;2;73;84;89m▌[0m [7m[38;2;163;1;2m▀[0m[38;2;195;0;2;48;2;176;1;2m.[0m[7m[38;2;170;2;3m_[0m[38;2;194;2;3;48;2;183;1;2m1[38;2;195;1;3;48;2;184;1;3m1[38;2;197;2;2;48;2;180;1;3m.[0m[7m[38;2;153;3;4m_[0m[38;2;181;2;3m▀[38;2;184;2;3;48;2;167;2;3m:[0m[38;2;123;3;3m▌[0m [38;2;161;1;3m▀[7m[38;2;166;1;4m_[0m[38;2;137;0;0;48;2;179;1;3m_[38;2;181;2;3;48;2;174;1;3mb[38;2;185;2;2;48;2;173;1;3mL[38;2;185;1;3m1[38;2;184;2;3;48;2;171;1;3mL[38;2;139;0;0m_[0m[38;2;95;4;5m▌[7m[38;2;100;84;71m`[0m[38;2;87;72;77;48;2;119;111;109m-[0m[7m[38;2;100;100;101m▀[0m[38;2;91;87;72m`[38;2;115;114;110m▀[38;2;68;80;81;48;2;108;111;109m_[0m[38;2;69;82;88m▌[38;2;57;58;60m_[7m[38;2;78;73;61m▌[0m[38;2;118;130;135;48;2;91;98;103m:[0m [38;2;82;75;76;48;2;102;110;107m-[0m [38;2;10;25;42m [0m
 [38;2;0;0;0m  [0m  [38;2;54;4;5m        [0m [7m[38;2;95;90;78m▀[38;2;100;100;97m`[38;2;100;101;102m`[38;2;103;104;104m`[0m[38;2;128;149;157;48;2;107;112;111m_[0m[7m[38;2;88;95;97m_[0m[38;2;99;111;113m▀[7m[38;2;101;95;79m▌[0m[38;2;146;149;148;48;2;116;111;108m_[38;2;129;127;120;48;2;106;111;113m'[0m [38;2;125;1;5m`[38;2;143;3;3m▀[7m[38;2;155;1;3m▀[0m[38;2;209;3;4;48;2;176;1;3m,[48;2;192;2;4m,[38;2;202;2;5;48;2;144;3;5m'[0m[38;2;134;8;11m` [38;2;180;4;6m_[38;2;192;5;9;48;2;151;2;5m,[0m[38;2;103;3;4m▌[0m [38;2;200;6;7m_[38;2;206;5;8m_[38;2;207;7;8m_[7m[38;2;107;2;3m*[0m[38;2;164;2;3m▀[38;2;86;3;4;48;2;163;2;3m_[38;2;196;3;5;48;2;179;2;3m,[0m[38;2;172;3;4m▌[0m [38;2;112;100;91m▀[38;2;132;125;117;48;2;113;107;101m'[38;2;142;145;142;48;2;114;111;108m_[38;2;122;130;124;48;2;109;110;109m'[0m[7m[38;2;87;98;106m▀[0m[38;2;66;80;78m~[38;2;71;69;55m~[38;2;107;108;105m▀[7m[38;2;84;87;89m`[38;2;109;116;119m▀[38;2;84;90;90m`[0m[38;2;83;101;108m▀[0m [38;2;0;0;0m [0m
 [38;2;0;0;0m            [7m[38;2;86;84;72m~[38;2;79;92;99m_[38;2;62;65;66m*[0m[38;2;89;96;99m▀[38;2;107;112;114m▀[38;2;107;135;139;48;2;77;92;100m:[0m[7m[38;2;87;85;71m▀[38;2;94;96;94m~[0m[38;2;122;132;136;48;2;106;107;104m:[38;2;77;75;76;48;2;113;114;113m_[38;2;117;133;139;48;2;82;90;97m:[0m [38;2;122;3;3m'[7m[38;2;151;1;4m▌[0m[38;2;176;1;2;48;2;168;1;3md[38;2;183;2;3;48;2;172;2;3mW[38;2;113;0;2;48;2;176;2;3m_[0m[38;2;128;4;3m▌ [38;2;90;1;2m▀[38;2;123;4;5m▀[38;2;90;0;2m_[7m[38;2;145;2;3m▀[38;2;144;2;3m`[0m[38;2;168;2;2m▀[38;2;168;2;3m▀▀[7m[38;2;141;2;3m_[38;2;147;2;3m`[38;2;89;2;3m▀[38;2;154;2;4m▌[0m [38;2;67;3;4m  [38;2;53;51;43m`[38;2;104;102;98m▀[38;2;96;108;115m▀[7m[38;2;64;65;60mF[38;2;99;98;99m▀[38;2;67;70;72m▀[0m[38;2;73;66;64m_[38;2;77;67;56m_[7m[38;2;88;89;84mT[0m[38;2;73;88;88m▌   [0m
 [38;2;0;0;0m       [0m [38;2;63;3;5mr   [38;2;114;109;84m`[7m[38;2;92;87;74m▀[0m[38;2;134;141;146;48;2;111;110;105m_[38;2;110;105;99;48;2;112;116;117mc[38;2;45;51;54;48;2;105;115;120m▀[0m [7m[38;2;79;84;76m=[38;2;66;70;67m+[0m[38;2;91;101;102;48;2;55;55;49m▀[0m[7m[38;2;86;90;89m*[0m[38;2;111;113;110m▀[38;2;108;106;96;48;2;48;54;59m=[0m [38;2;28;30;22m [7m[38;2;75;1;3m▌[38;2;103;2;3m4[0m[38;2;186;6;6m__[7m[38;2;106;2;2m▀[38;2;157;2;3m▀[38;2;142;2;4m~[38;2;138;2;3m_[0m[38;2;118;2;3m▀[7m[38;2;78;69;54m▀[38;2;105;95;89m~[0m[38;2;131;124;122;48;2;123;112;107m,[38;2;68;63;58;48;2;116;108;109m`[0m[7m[38;2;116;113;120m▀[38;2;87;1;3m▌[0m[38;2;179;2;5;48;2;146;3;5m'[0m [38;2;55;2;3m      [38;2;91;86;70m~[38;2;110;106;104m▀[38;2;110;108;107m▀[7m[38;2;94;97;98m_[38;2;87;92;91m_[0m[38;2;98;109;107m▀[38;2;24;43;62m"   [0m
 [38;2;0;0;0m          [0m [7m[38;2;64;60;48m▀[38;2;88;86;79m~[0m[38;2;119;120;120;48;2;104;103;104mW[38;2;118;124;127;48;2;106;104;106mL[38;2;117;124;126;48;2;106;105;106mL[38;2;92;92;93;48;2;103;111;114m=[0m[38;2;44;56;61mM[7m[38;2;92;93;87m_[38;2;64;74;83m_[0m[38;2;88;82;71m▀[38;2;55;65;72m▀[7m[38;2;93;92;84m_[38;2;55;60;63mj[38;2;68;80;82m_[0m[38;2;0;0;0m [0m [38;2;158;2;2m▀[7m[38;2;122;2;2m_[38;2;126;2;3m_[0m[38;2;162;2;2m▀[38;2;154;2;3m▀[38;2;102;3;6m~  [7m[38;2;82;75;65m▌[0m[38;2;123;131;136;48;2;112;106;105m.[38;2;123;121;120;48;2;108;104;106mW[38;2;123;122;121;48;2;108;104;107mW[38;2;122;121;120;48;2;107;104;106mW[38;2;50;50;69;48;2;99;99;102m`[0m[7m[38;2;97;43;46m=[0m [38;2;65;4;4mL               [0m
 [38;2;0;0;0m      [0m [38;2;115;119;102m_[7m[38;2;83;81;72m▀[38;2;113;118;112m▀[0m[38;2;76;54;33;48;2;105;105;97m`[38;2;127;132;125;48;2;113;114;111m'[38;2;127;131;125;48;2;114;116;113m'[38;2;127;132;126;48;2;114;117;114m,[38;2;118;115;104;48;2;114;120;118mc[0m[7m[38;2;91;101;103m_[0m[38;2;50;67;77m▀[38;2;78;94;103m_                [0m [7m[38;2;87;95;93m▀[0m[38;2;129;112;83m`[38;2;116;111;106m▀[38;2;131;134;131;48;2;113;111;108m'[38;2;131;134;129;48;2;117;117;116m'[38;2;109;109;108;48;2;120;120;118m%[38;2;108;109;108;48;2;118;119;118mW[0m[7m[38;2;103;104;106m`[38;2;113;116;118m▀[38;2;88;89;89m▀[0m[38;2;126;138;141m_[0m [38;2;20;24;24m            [0m
 [38;2;0;0;0m   [0m [7m[38;2;66;67;64m▀[0m[38;2;96;98;97ma[7m[38;2;91;92;89m_[38;2;100;101;101m_[38;2;100;102;103m_[38;2;101;104;104m_[38;2;101;104;103m_[38;2;95;98;98m_[0m[38;2;106;107;107m▀[38;2;92;102;106m▀[38;2;44;60;70m~[0m [7m[38;2;63;50;29m▌[0m[38;2;97;91;89;48;2;107;102;98m'[0m[7m[38;2;94;91;93m▀[0m [38;2;83;58;40m_[38;2;54;49;44m_[7m[38;2;62;63;65m▀[0m [38;2;94;0;3m_[38;2;146;0;3m_[38;2;151;0;2m_[38;2;155;0;3m_[38;2;137;0;1m_[0m  [7m[38;2;72;64;62m▀[0m[38;2;44;49;55m_[38;2;74;51;30m_[7m[38;2;92;82;72m`[0m[38;2;107;110;113;48;2;86;97;107m$[0m [38;2;0;0;0m [0m [38;2;70;66;62m▀[38;2;104;103;105m▀[7m[38;2;91;88;89m_[38;2;103;102;104m_[0m[38;2;95;91;92;48;2;103;104;106m=[38;2;95;88;88;48;2;103;104;104m'[38;2;93;89;86m'[38;2;89;84;81;48;2;100;102;101m'[0m[7m[38;2;89;93;93m`[38;2;76;80;81m~[0m[38;2;82;90;97mm[38;2;41;58;72mr        [0m
 [38;2;0;0;0m          [0m [7m[38;2;112;1;3m~[0m[38;2;118;2;2;48;2;156;2;2m~[0m[38;2;95;3;3m▌  [0m [7m[38;2;110;100;96m_[38;2;114;106;106m_[0m[38;2;115;126;141;48;2;51;46;52m=[0m[38;2;172;5;5m_[7m[38;2;151;2;3m▀[38;2;143;6;7m~[0m[38;2;109;1;4;48;2;161;2;3m'[38;2;189;3;3;48;2;164;3;4ms[38;2;68;4;5;48;2;167;3;3m_[0m[7m[38;2;167;3;3m_[0m[38;2;103;4;5;48;2;172;2;3m_[38;2;194;2;3ms[38;2;192;3;4;48;2;168;2;3ms[0m[7m[38;2;155;2;3m~[38;2;170;3;4m▀[38;2;104;2;3m▀[0m[38;2;104;88;73m▀[38;2;128;116;114m▀[38;2;90;98;110m▀ [0m [38;2;80;3;1m_[38;2;188;3;6;48;2;152;2;3m:[38;2;184;2;7;48;2;127;3;5m:[0m [38;2;0;0;0m [0m [38;2;92;103;108m`[38;2;109;122;125m`[38;2;91;105;115m`[0m [38;2;12;16;17m           [0m
 [38;2;0;0;0m           [38;2;55;0;1m"[7m[38;2;124;2;3m_[0m[38;2;144;1;1;48;2;158;2;3mz[0m[7m[38;2;146;2;2m`[38;2;127;2;2m~[38;2;163;1;3m▀[38;2;165;1;3m▀[38;2;139;1;3m~[0m[38;2;116;0;1;48;2;156;2;3m`[0m[7m[38;2;145;2;3m_[0m[38;2;148;2;3m▀[38;2;108;3;4m▀[38;2;117;1;1m`[0m  [38;2;0;0;0m [38;2;85;0;1m_[38;2;89;0;1m_[38;2;107;2;3m▀[38;2;162;2;3m▀[7m[38;2;151;2;3m_[0m[38;2;129;0;1;48;2;163;2;3m,[38;2;144;0;0;48;2;166;1;3m:[0m[7m[38;2;145;2;3m`[38;2;168;2;3m▀[38;2;165;2;3m▀[0m[38;2;54;0;2;48;2;149;2;3m`[38;2;145;1;1;48;2;161;2;3mz[0m[7m[38;2;128;3;4m_[0m [38;2;59;2;1m                  [0m
 [38;2;0;0;0m             [38;2;168;8;5m`[38;2;122;2;2m▀[38;2;164;2;4m▀[38;2;166;3;4m▀[38;2;148;3;3m▀[7m[38;2;128;2;2m=[0m[38;2;82;3;4;48;2;161;1;2m▀[0m[7m[38;2;113;2;3m`[0m[38;2;120;9;11m'[7m[38;2;153;1;3m▀[38;2;157;2;3m`[0m[38;2;199;3;3;48;2;167;2;4mz[0m[7m[38;2;153;2;3m`[38;2;148;2;3m~[0m[38;2;200;3;3;48;2;171;1;2mz[38;2;199;3;4;48;2;170;2;2mz[0m[7m[38;2;144;2;2m`[0m[38;2;140;7;7m,[7m[38;2;125;1;3m`[38;2;143;2;3m~[0m[38;2;91;2;3;48;2;134;2;2mY[0m[7m[38;2;133;2;4m-[0m[38;2;169;2;4m▀[38;2;148;3;4m▀▀[38;2;119;3;4m~[0m [38;2;0;0;0m                   [0m
 [38;2;0;0;0m                 [0m [38;2;136;2;3m▀[38;2;130;3;4m▀[7m[38;2;154;1;3m▀[0m[38;2;140;0;1;48;2;162;2;2m:[38;2;152;1;1;48;2;175;2;3mz[38;2;158;1;1;48;2;180;2;3mz[38;2;160;1;1;48;2;181;2;2mzzz[48;2;181;2;3mz[38;2;158;1;1;48;2;180;2;3mz[38;2;153;1;1;48;2;176;2;2mz[38;2;138;0;0;48;2;160;2;3m:[0m[38;2;150;2;6m_[38;2;154;2;2m▀[38;2;132;3;3m▀[0m [38;2;51;2;1m                        [0m
 [38;2;0;0;0m                   [0m [38;2;120;2;3m▀[7m[38;2;140;2;2m_[0m[38;2;102;2;2;48;2;169;2;3m_[38;2;188;3;4;48;2;165;1;3mz[38;2;190;3;3;48;2;168;1;3mz[38;2;201;6;4;48;2;151;2;3m:[38;2;199;4;5;48;2;151;1;3m:[38;2;188;3;2;48;2;167;1;2mz[38;2;187;4;3;48;2;166;2;2mz[38;2;90;3;4;48;2;169;2;3m_[0m[38;2;176;2;3m▀[38;2;103;4;5m▀                           [0m
