[0m                                          [38;2;118;6;14m.                 [0m
                                          [38;2;183;0;5;48;2;135;1;6mj[0m             [38;2;80;3;4m▌   [0m
                                    [7m[38;2;83;0;0m▀[38;2;80;0;1m▀[0m [7m[38;2;103;0;3m▀[38;2;124;0;2m~[0m[38;2;166;0;3;48;2;85;2;4m▀[0m[38;2;110;4;4m▀            [0m [38;2;128;1;3m▌   [0m
                                  [7m[38;2;107;0;3m▌[0m[38;2;166;3;7;48;2;134;0;2m=[38;2;167;2;7;48;2;137;0;2m=[38;2;139;1;3;48;2;75;1;4m▀[0m[38;2;133;2;2m▀[38;2;107;1;3m▀[38;2;65;1;2m'       [0m [38;2;106;1;3m▌    [0m [7m[38;2;104;0;3m'[0m[38;2;161;3;7;48;2;132;0;2m=[0m   [0m
                                  [38;2;69;0;3;48;2;151;1;3m▌[38;2;129;0;0;48;2;158;1;5m=[48;2;149;3;8m=[0m          [7m[38;2;72;0;4m▀[0m[38;2;94;0;1;48;2;136;2;6m▀[0m[38;2;144;0;2m'   [0m [38;2;93;0;3;48;2;149;1;5m▀[38;2;133;0;0;48;2;148;0;2m=[38;2;164;0;4;48;2;86;2;4m▀[0m[38;2;104;10;12m'  [0m
    [7m[38;2;63;0;1m▌[0m[38;2;127;1;4m▌            [0m    [38;2;94;1;9m.     [0m      [38;2;104;0;3;48;2;154;0;1m▌[38;2;177;3;8;48;2;149;0;1m=[38;2;176;2;8;48;2;146;0;2m=[0m[38;2;66;3;3m▌ [7m[38;2;74;2;3m▌[0m      [7m[38;2;109;0;2m▀[0m[38;2;164;2;5;48;2;126;0;2m=[0m[38;2;140;1;4m'   [0m [38;2;128;1;7m/[38;2;81;1;2m~[0m     [0m
    [7m[38;2;93;0;3mf[0m[38;2;152;1;7m'            [0m [38;2;89;2;4m▌[0m [38;2;65;4;7m'     [7m[38;2;78;0;4m▌[0m[38;2;107;4;6m▌   [0m [7m[38;2;145;0;3m▀[0m[38;2;148;0;0;48;2;178;1;3m=[38;2;149;0;0;48;2;179;0;2m=[48;2;178;1;2m=[38;2;149;2;4;48;2;173;0;1m▀[0m[7m[38;2;164;0;1m▀[0m[38;2;84;0;2;48;2;165;0;2m▀[0m[38;2;101;3;5m▌    [7m[38;2;60;0;1m▌[0m[38;2;128;0;0;48;2;148;2;3m=[0m[38;2;146;1;4m'            [0m
   [7m[38;2;125;0;2m▌[0m[38;2;126;1;5m▌              [38;2;109;1;4m▌ [0m       [38;2;105;0;1;48;2;138;0;2m▌[0m[38;2;112;1;3m▌  [7m[38;2;144;0;3m▌[0m[38;2;188;0;6;48;2;167;0;1m=[38;2;194;0;7;48;2;171;0;2m=[38;2;195;0;7;48;2;172;0;3m=[38;2;193;0;7;48;2;171;0;2m=[38;2;191;1;6;48;2;168;0;2m=[38;2;188;1;6;48;2;155;0;2m=[38;2;184;1;7;48;2;154;0;2m=[0m[38;2;103;2;4m▌  [0m   [38;2;95;2;5mT   [0m          [0m
    [38;2;116;2;5m+[0m              [38;2;118;0;2;48;2;145;1;4mV[0m[7m[38;2;99;1;1m▀[0m     [38;2;67;1;6m, [7m[38;2;158;0;4m▌[0m[38;2;148;0;0;48;2;171;1;4m=[0m[7m[38;2;169;1;5m▀[38;2;173;1;3m▀[0m[38;2;162;0;1;48;2;181;1;6m=[38;2;165;0;0;48;2;187;1;3m=[48;2;189;1;3m=[38;2;207;2;5;48;2;181;1;2m_[38;2;204;2;5;48;2;179;1;2m_[38;2;160;0;1;48;2;180;2;3m=[38;2;129;0;3;48;2;172;2;2m▀[38;2;195;1;5;48;2;163;1;4m-[38;2;157;2;3;48;2;119;2;3mb[0m[38;2;100;1;1m-[7m[38;2;131;1;3m~[0m[38;2;121;1;4m@   [38;2;96;4;5m_[0m  [7m[38;2;119;1;4m▌[0m         [0m
             [38;2;73;1;3m▌    [0m [38;2;167;2;5;48;2;150;0;2m=[38;2;170;1;6;48;2;153;0;2m=[38;2;169;1;3;48;2;139;0;2m=[0m    [38;2;104;1;2;48;2;155;0;5m▀[0m[7m[38;2;153;0;4m▀[0m[38;2;61;0;1;48;2;165;0;2m'[38;2;192;0;4;48;2;175;0;3m=[38;2;196;0;6;48;2;179;0;3m=[38;2;197;2;4;48;2;181;0;2m=[38;2;200;1;3;48;2;182;0;1m=[48;2;183;0;2m==[48;2;182;0;1m=[38;2;197;1;2;48;2;179;0;2m=[38;2;193;1;4;48;2;176;0;2m=[38;2;188;2;8;48;2;147;0;4m=[38;2;110;1;1;48;2;79;0;1mt[0m[7m[38;2;79;0;1m][0m[38;2;161;1;3;48;2;134;1;4m#[0m[38;2;161;1;3m' [0m [7m[38;2;139;0;3m▀[38;2;132;1;3m~[0m  [38;2;120;1;8m,[38;2;93;1;3m▀ [38;2;68;0;2;48;2;132;2;7m▌[0m     [38;2;66;1;4m▌ [0m
              [38;2;66;1;3mc   [7m[38;2;96;0;4m▌[0m[38;2;164;0;2;48;2;138;1;2m▀[38;2;183;0;6;48;2;161;0;1m-[38;2;166;0;2;48;2;128;2;4mF[0m  [7m[38;2;100;0;2m▌[0m[38;2;118;0;5;48;2;169;0;2m'[38;2;193;0;3;48;2;175;0;2m_[38;2;197;0;4;48;2;179;0;2m_[38;2;200;0;4;48;2;183;0;1m_[38;2;205;0;3;48;2;187;0;2m-[38;2;208;1;5;48;2;187;1;2m-[38;2;211;0;5;48;2;190;0;1m-[48;2;190;1;1m-[48;2;190;0;1m-[38;2;209;0;3;48;2;189;0;1m-[38;2;208;0;4;48;2;187;0;1m-[38;2;204;0;3;48;2;184;0;1m-[38;2;196;0;2;48;2;178;0;1m-[0m[38;2;173;1;4m▌[0m  [38;2;132;6;9m' [0m [38;2;175;2;4;48;2;121;0;2m_[38;2;177;0;1;48;2;160;0;2m_[38;2;178;2;4m_[0m[38;2;93;3;5m▌[0m   [7m[38;2;120;0;2m▀[0m[38;2;153;0;3;48;2;108;2;4m+[0m     [38;2;64;3;4m▌ [0m
         [38;2;152;0;4;48;2;122;0;2mt[0m[7m[38;2;164;1;4m▀[38;2;76;0;1m▀[0m       [7m[38;2;85;0;0m▌[0m[38;2;145;0;0;48;2;166;0;3m_[38;2;166;1;3;48;2;84;2;5m▌[0m[7m[38;2;148;2;5m▌[0m [38;2;97;0;2;48;2;182;1;2m▌[38;2;178;1;1;48;2;193;1;2mE[38;2;180;0;1;48;2;196;1;2mE[38;2;182;1;2;48;2;197;2;3mE[38;2;184;0;2;48;2;199;1;3mE[38;2;184;0;1;48;2;198;1;2mE[38;2;183;1;1;48;2;198;1;3mE[38;2;169;0;0;48;2;193;1;2m_[38;2;154;0;0;48;2;188;1;1m_[38;2;166;0;0;48;2;192;1;2m_[38;2;165;0;0;48;2;192;0;1m_[48;2;192;0;2m_[38;2;162;0;0;48;2;189;0;2m_[38;2;159;0;0;48;2;183;1;2m_[0m[38;2;148;2;2m▌[7m[38;2;163;1;3m▌[0m[38;2;86;1;2m▌ [0m [7m[38;2;145;0;4m▌[0m[38;2;161;0;2;48;2;176;1;3mE[38;2;162;0;2;48;2;177;1;3mE[48;2;174;1;3mE[0m[38;2;133;3;7m▌ [7m[38;2;125;0;3m▌[0m[38;2;150;0;2;48;2;163;1;4mE[38;2;157;2;4;48;2;136;1;3mp[0m[38;2;119;7;5m'[0m   [7m[38;2;120;0;2m▀[0m[38;2;63;0;0;48;2;146;1;3m'[0m  [0m
   [7m[38;2;75;1;3m▌[0m[38;2;73;3;3m,[0m [38;2;96;1;5m▌  [7m[38;2;100;0;2m▌[0m[38;2;173;0;4;48;2;160;0;1mE[48;2;150;1;3m[[0m        [38;2;172;0;4;48;2;155;0;1mE[38;2;181;3;3;48;2;146;1;3m-[0m[7m[38;2;159;1;3m'[0m[38;2;73;3;3m▌[38;2;99;0;2;48;2;190;0;3m▌[38;2;211;0;8;48;2;191;0;2m_[38;2;212;0;8;48;2;191;0;3m_[38;2;211;0;8;48;2;192;1;1m_[38;2;216;0;9;48;2;195;0;1m_[38;2;215;0;9m_[38;2;212;0;9;48;2;191;0;1m_[38;2;202;0;2;48;2;177;1;3mF[38;2;92;1;3;48;2;173;0;4m▌[38;2;198;1;4;48;2;184;0;2mE[38;2;196;1;4;48;2;183;0;3mE[38;2;195;1;4;48;2;182;0;3mE[38;2;196;0;4;48;2;179;1;4mE[38;2;79;0;0;48;2;135;2;3m.[38;2;203;0;8;48;2;180;0;2m_[38;2;206;0;9;48;2;183;0;2m_[38;2;163;1;3;48;2;106;1;2m▌[0m[7m[38;2;118;0;2m▀[38;2;166;0;4m▀[0m[38;2;203;1;13;48;2;176;0;3m_[38;2;201;1;10;48;2;180;0;2m_[38;2;187;0;4;48;2;174;0;1mE[38;2;184;0;3;48;2;171;0;2mE[0m[38;2;161;3;6m▌ [7m[38;2;66;0;1m▌[0m[38;2;167;1;2;48;2;150;1;3mI[0m[38;2;160;0;3m' [38;2;82;1;4m▌  [7m[38;2;75;0;2m▌[0m[38;2;168;1;4;48;2;122;2;4m"[0m[38;2;168;1;4m  [0m
    [7m[38;2;110;1;3m,[38;2;98;1;3m▀[0m[38;2;112;1;2m▀[7m[38;2;149;1;4m▀[0m  [38;2;127;0;0;48;2;157;0;4m_[38;2;157;0;1;48;2;164;1;5mE[0m  [7m[38;2;85;0;4m▌[0m[38;2;85;2;3m▌  [7m[38;2;77;1;4m▀[0m [7m[38;2;171;0;4m▌[0m[38;2;170;0;1;48;2;182;0;2mE[38;2;171;0;2;48;2;184;0;3mz[38;2;173;0;1;48;2;189;1;3mE[38;2;177;1;2;48;2;190;1;3mz[38;2;182;0;1;48;2;192;1;2mE[48;2;192;1;3mE[48;2;193;1;4mE[38;2;197;0;3;48;2;190;0;3m~[38;2;192;0;3;48;2;183;1;3m$[38;2;182;0;2;48;2;107;1;3m▀[0m[7m[38;2;114;2;4mx[0m[38;2;70;0;1;48;2;179;1;2m▌[38;2;183;1;2;48;2;109;2;4m▀[0m[38;2;163;1;3m▀[7m[38;2;130;1;4mm[0m[38;2;77;1;1;48;2;177;1;4m▀[38;2;73;2;3;48;2;119;3;5mq[38;2;177;0;3;48;2;189;0;2m5[38;2;182;0;1;48;2;193;1;2mE[38;2;181;0;1;48;2;192;1;3mE[38;2;179;0;1;48;2;191;1;2mE[38;2;190;0;2;48;2;180;1;2m~[0m[38;2;127;1;2m▀[38;2;131;0;0;48;2;175;1;2m_[38;2;174;0;1;48;2;184;1;2mE[38;2;172;0;0;48;2;182;1;2mE[38;2;174;0;1;48;2;112;3;5m▌[0m [7m[38;2;74;0;1m@[0m[38;2;112;2;4m▌  [38;2;104;1;2;48;2;140;1;4m▀[0m   [38;2;133;5;5m!  [0m
     [38;2;124;0;3;48;2;157;0;3m▌[38;2;187;1;5;48;2;128;0;3m_[38;2;164;0;4;48;2;146;0;3md[38;2;173;1;8;48;2;116;1;3m-[0m[38;2;68;3;7m,[38;2;118;0;3m▀[38;2;187;1;3;48;2;161;0;2m_[0m[38;2;107;3;5m▌ [7m[38;2;98;0;3m▌[0m[38;2;136;3;4m▌[0m [7m[38;2;162;0;3m▀[0m[38;2;193;4;9;48;2;141;1;5m_[0m [38;2;211;0;4;48;2;162;0;3m_[38;2;211;1;5;48;2;180;0;3m_[38;2;192;1;3;48;2;179;0;3mE[38;2;188;0;4;48;2;148;1;3m▀[38;2;194;0;5;48;2;182;0;3mE[38;2;189;2;1;48;2;149;1;1mF[38;2;185;0;0;48;2;181;0;3m`[38;2;196;0;4;48;2;184;0;3mE[38;2;180;3;5;48;2;95;1;3mF[38;2;94;0;2;48;2;150;1;3mM[38;2;64;0;0;48;2;167;1;3m~[38;2;197;1;5;48;2;167;2;5mz[38;2;128;2;6;48;2;68;2;3m▀[0m[7m[38;2;173;0;3m▀[0m[38;2;199;0;3;48;2;171;0;2mz[38;2;210;1;1;48;2;187;1;2m_[38;2;195;1;4;48;2;176;2;4mE[38;2;72;2;2;48;2;153;1;5mf[38;2;217;2;6;48;2;187;0;3m_[38;2;220;1;7;48;2;189;0;3m_[38;2;221;1;6m_[38;2;197;0;3;48;2;173;1;4m}[0m[38;2;114;2;3m▀[0m [7m[38;2;185;0;4m▌[0m[38;2;215;1;5;48;2;183;0;3m_[38;2;190;1;5;48;2;178;0;3m5[38;2;171;2;6;48;2;96;1;2m▀[0m[7m[38;2;118;0;3m~[0m[38;2;172;1;5;48;2;137;3;4mF[0m [7m[38;2;86;1;5m▀[0m [38;2;167;1;3;48;2;155;0;2mj[38;2;189;1;4;48;2;139;1;4m_[0m  [7m[38;2;99;3;6m▌[0m  [0m
[38;2;69;0;0m~[38;2;128;2;5;48;2;68;1;3mQ[0m[38;2;128;2;5m   [7m[38;2;86;0;1m▌[0m[38;2;109;0;2;48;2;150;0;2m_[38;2;163;0;1;48;2;155;0;3m~[0m[38;2;149;1;4m▌[38;2;145;1;9m`[0m [7m[38;2;104;0;3m▌[0m[38;2;164;0;4;48;2;86;5;7m▌[0m[38;2;164;0;4m [0m [7m[38;2;129;0;3m▌[0m[38;2;159;0;1;48;2;175;0;2m5[38;2;171;0;1;48;2;182;0;3mE[38;2;172;0;2;48;2;184;0;4mz[38;2;77;0;1;48;2;166;1;4m▀[38;2;97;0;1;48;2;165;1;3mc[38;2;179;0;1;48;2;189;0;4mE[38;2;178;0;1;48;2;187;0;4mE[0m[38;2;99;2;4m▌[38;2;101;1;4m▀[38;2;119;2;3m▀[7m[38;2;107;1;4mM[0m[38;2;138;0;0;48;2;178;1;4m_[38;2;66;0;0;48;2;152;1;4mI[38;2;185;1;2;48;2;196;0;4m▀[38;2;186;0;1;48;2;197;0;3m▀[38;2;184;0;1;48;2;194;0;3mz[38;2;98;1;2;48;2;181;0;3m▀[38;2;187;0;2;48;2;196;0;4mE[38;2;186;0;2;48;2;194;0;3mE[38;2;183;0;2;48;2;191;1;5mE[38;2;71;3;4;48;2;125;2;4mj[38;2;149;0;3;48;2;185;1;2m▌[38;2;196;0;2;48;2;180;0;3m~[38;2;195;1;3;48;2;175;1;2m~[38;2;187;0;1;48;2;199;1;3mE[38;2;176;0;2;48;2;198;0;2m▀[38;2;139;0;1;48;2;187;0;2m'[38;2;178;1;2;48;2;197;0;2m▀[0m[7m[38;2;175;0;2m'[0m[38;2;183;0;2;48;2;195;0;3m▀[38;2;182;1;2;48;2;192;0;2m▀[38;2;179;1;3;48;2;76;2;4m▌[0m[7m[38;2;176;1;6m▌[0m[38;2;173;1;3;48;2;92;3;5m▌[0m [38;2;126;0;0;48;2;161;0;3m_[38;2;119;0;2;48;2;171;1;3m▀[38;2;170;0;4;48;2;157;1;3m~[0m[38;2;140;1;3m▀[0m     [0m
   [38;2;55;0;3m,  [0m [38;2;99;2;5m▀[0m [7m[38;2;83;73;66m▀[38;2;55;55;59m▀[38;2;83;77;72m▀[0m[38;2;153;2;6m`[7m[38;2;61;53;39m▌[38;2;117;109;105m▀[38;2;79;79;83m▀[0m[38;2;104;0;1;48;2;170;0;3m▌[38;2;179;1;4;48;2;170;0;2mE[38;2;183;1;3;48;2;173;0;2mE[38;2;188;1;3;48;2;177;0;1mE[38;2;133;1;2;48;2;172;1;2m~[38;2;152;0;2;48;2;169;0;2m+[38;2;194;1;5;48;2;180;0;2mz[38;2;211;4;6;48;2;134;0;3m_[0m[7m[38;2;111;2;2m▀[0m [38;2;99;0;1;48;2;158;0;3m'[38;2;185;0;3;48;2;168;0;2md[38;2;150;0;1;48;2;187;0;2m'[38;2;197;1;3;48;2;186;0;1mE[38;2;198;1;4;48;2;187;0;2mE[38;2;197;1;3;48;2;187;0;1mE[38;2;196;1;3;48;2;186;0;1mE[38;2;193;1;2;48;2;183;0;1mE[38;2;192;1;3;48;2;182;0;1mE[38;2;171;3;5;48;2;100;1;2mF[0m[7m[38;2;146;2;4m~[38;2;117;1;3mp[0m[38;2;79;1;4;48;2;184;1;2m▀[38;2;201;2;4;48;2;179;0;3mz[38;2;199;0;4;48;2;189;0;1mE[38;2;199;0;3mE[48;2;187;0;1mE[38;2;197;1;2;48;2;185;0;1mE[38;2;195;1;3;48;2;183;0;2mE[38;2;192;1;2;48;2;181;0;1mE[38;2;191;1;2;48;2;178;0;1mE[38;2;189;0;3;48;2;166;1;3mz[0m[7m[38;2;124;1;3m[[0m[38;2;165;2;4m▌[0m [38;2;119;1;4;48;2;167;0;3m▌[38;2;166;0;4;48;2;103;2;2m▀[0m[38;2;130;6;8m'      [0m
   [38;2;129;1;6;48;2;67;1;3m][0m[38;2;129;1;6m   [0m [7m[38;2;111;106;101m▀[0m[38;2;106;101;97;48;2;113;113;116m▀[38;2;105;101;102;48;2;114;113;113mE[38;2;106;103;98;48;2;113;115;113m▀[38;2;49;53;57;48;2;115;114;111m▀[38;2;79;72;68;48;2;110;101;96mL[38;2;111;103;102;48;2;122;116;114mE[38;2;112;104;102;48;2;119;115;116mE[0m[7m[38;2;106;32;40m][0m[38;2;171;0;2;48;2;181;1;4m5[38;2;168;3;5;48;2;100;1;2m▌[38;2;172;0;2;48;2;193;1;5mz[38;2;191;1;3;48;2;175;1;5m`[38;2;124;0;1;48;2;183;0;3m,[38;2;191;0;3;48;2;201;1;4m55[38;2;190;0;1;48;2;199;1;4m5[38;2;176;3;4;48;2;74;1;3m▌[38;2;164;1;3;48;2;193;1;5mU[38;2;189;0;1;48;2;200;1;3m5[38;2;207;2;6;48;2;194;1;2m~[38;2;193;0;2;48;2;203;1;4m5[38;2;195;2;4;48;2;147;2;5m▌[38;2;105;0;0;48;2;176;2;5m/[38;2;190;0;3;48;2;200;1;3m5[38;2;189;0;2;48;2;198;0;2m5[38;2;188;1;4;48;2;136;2;4m7[0m[38;2;92;2;4m▀[7m[38;2;147;0;4m▀[0m[38;2;129;0;1;48;2;189;0;3m'[38;2;193;0;2;48;2;203;0;5m5[38;2;195;0;1;48;2;205;1;4m5[38;2;195;0;2;48;2;205;1;3m5[38;2;196;0;2;48;2;206;1;3m5[38;2;207;1;4;48;2;194;1;4m~[0m[38;2;188;0;3m▀[38;2;136;2;3m▀[38;2;183;4;11m~[38;2;132;2;5m▀[38;2;92;0;3;48;2;162;1;4m,[0m[38;2;139;4;5m▌[38;2;147;3;6;48;2;95;2;4mQ[0m [38;2;160;0;0;48;2;175;2;5mz[0m[38;2;124;9;8m'[38;2;72;1;1;48;2;166;2;6m▀[0m[38;2;72;1;1m      [0m
   [7m[38;2;146;1;3m▌[38;2;70;1;2m▀[0m[38;2;88;4;8m, [38;2;90;84;76;48;2;35;41;44m▀[0m[38;2;74;85;93m▀[38;2;68;83;91m~[0m [38;2;70;76;81m~[7m[38;2;64;65;63mw[38;2;94;97;94mm[0m[38;2;98;97;95;48;2;65;61;59m▀[38;2;113;111;109;48;2;73;76;77m▀[38;2;64;84;106;48;2;71;9;12m'[38;2;173;1;4;48;2;163;0;2m5[0m[38;2;110;3;5m▌[38;2;184;1;4;48;2;155;1;3m▀[0m[38;2;177;2;5m▌[38;2;115;0;3;48;2;190;0;4m▌[38;2;198;0;3;48;2;190;0;1m5[38;2;200;0;3;48;2;192;0;1m5[38;2;200;1;3;48;2;192;0;2m5[38;2;198;0;3;48;2;190;0;1m5[38;2;198;1;3m5[38;2;204;1;4;48;2;176;1;3m=[38;2;71;1;2;48;2;183;0;3m▌[38;2;197;0;5;48;2;182;0;3mz[0m[38;2;149;5;9m'[38;2;193;2;2;48;2;182;0;3mi[38;2;196;0;3;48;2;187;0;2m5[38;2;195;1;2;48;2;186;0;2m5[38;2;183;2;4;48;2;81;1;2m▌[0m [38;2;200;1;8;48;2;182;0;3m=[38;2;198;1;3;48;2;190;0;2m5[38;2;200;0;4;48;2;192;0;2m5[38;2;201;0;4;48;2;192;0;3m5[38;2;202;0;3;48;2;194;0;3m5[0m[38;2;199;2;6m▀[38;2;136;5;8m'    [7m[38;2;101;0;3m▌[0m[38;2;184;2;5;48;2;149;2;2m=[0m[38;2;147;5;5m,[0m [38;2;178;1;12;48;2;151;0;3m.[0m[7m[38;2;72;2;3m![0m[38;2;207;0;3;48;2;197;1;5md[0m      [0m
   [7m[38;2;103;0;3m▌[0m[38;2;155;1;3;48;2;129;1;3m▌[38;2;147;0;4;48;2;97;3;5m▌[0m   [7m[38;2;84;83;76m~[38;2;96;102;106m▀[38;2;103;99;84m▌[0m[38;2;48;56;64;48;2;97;101;103m_[38;2;108;117;115;48;2;73;80;84m~[0m[7m[38;2;75;75;74m▀[0m[38;2;48;51;52;48;2;82;85;84mm[0m [38;2;135;0;4m▀[38;2;110;3;5m▌[7m[38;2;173;1;6m▌[0m[38;2;136;2;3;48;2;184;2;4m▀[38;2;174;0;2;48;2;190;1;4mz[38;2;178;0;1;48;2;196;1;3mz[38;2;201;2;2;48;2;172;2;2m~[38;2;167;0;1;48;2;195;1;5m=[38;2;174;0;0;48;2;195;1;3m=[38;2;171;0;0;48;2;194;0;3m=[38;2;194;0;2;48;2;143;3;4m'[0m [38;2;166;1;3;48;2;182;2;4mp[0m[38;2;94;2;4m▌[38;2;105;1;3;48;2;166;1;3m,[38;2;179;0;2;48;2;196;1;4mz[38;2;182;0;3;48;2;198;1;5mz[38;2;185;0;3;48;2;200;1;5mz[38;2;167;0;3;48;2;200;1;4m▀[38;2;177;0;1;48;2;199;1;4m=[38;2;173;0;2;48;2;199;1;3m=[38;2;169;0;2;48;2;195;1;4m=[38;2;187;0;2;48;2;127;3;4m▀[0m[38;2;178;6;9m~      [7m[38;2;96;0;3m▌[0m[38;2;168;0;2;48;2;181;1;4m▀[38;2;175;1;4;48;2;119;2;4m▌[0m[7m[38;2;158;1;4m▀[0m[38;2;158;0;0;48;2;173;2;5m=[0m[7m[38;2;78;1;2mj[0m[38;2;208;0;2;48;2;225;0;1m▌[0m[38;2;196;4;6m▌     [0m
  [38;2;82;2;6m▌[7m[38;2;61;1;1m4[0m[38;2;179;2;6;48;2;152;0;1m=[38;2;172;1;3;48;2;148;0;1m=[0m  [38;2;108;105;105m\[7m[38;2;105;102;101m▀[38;2;74;81;85mm[38;2;73;89;93m▌[0m[38;2;43;32;37;48;2;66;73;73m'[0m [38;2;145;3;9m-[0m [38;2;99;97;88m▌  [7m[38;2;121;0;4m▌[0m[38;2;190;1;7;48;2;146;1;2m=[38;2;180;0;2;48;2;112;1;3m▀[38;2;182;1;2;48;2;69;0;1m▀[38;2;179;1;7;48;2;127;1;4m_[38;2;199;2;3;48;2;181;0;2mz[38;2;175;2;4;48;2;90;3;3m▌[38;2;67;0;1;48;2;183;0;2m▌[38;2;196;1;5;48;2;171;1;2mz[0m[38;2;84;2;6m,[38;2;79;0;2m▀[38;2;180;2;6;48;2;123;0;3mt[0m[7m[38;2;93;1;2m\[0m[38;2;183;1;3;48;2;129;0;3m*[38;2;207;0;8;48;2;179;0;2m=[38;2;199;0;6;48;2;182;0;2mz[38;2;197;0;5;48;2;180;0;2mz[38;2;195;0;5;48;2;175;0;2mz[38;2;190;1;9;48;2;132;1;1m=[0m[38;2;122;2;3m▀[0m [38;2;94;3;5my      [7m[38;2;166;1;4m▌[0m[38;2;186;1;4;48;2;168;0;1mz[38;2;174;1;0;48;2;127;2;4m'[38;2;198;0;5;48;2;172;0;2m=[38;2;146;2;4;48;2;85;1;2mH[0m[7m[38;2;139;0;2m▌[0m[38;2;219;0;2;48;2;193;2;3m▀[0m[38;2;113;4;6m▌     [0m
  [7m[38;2;108;1;4m/[0m[38;2;103;0;2;48;2;170;1;3m▀[38;2;150;0;0;48;2;174;1;3m=[48;2;172;1;2m=[38;2;161;1;4;48;2;78;1;3m▌[0m  [38;2;87;81;72m~[38;2;84;92;98m▀[7m[38;2;95;101;93m▌[0m[38;2;48;48;48;48;2;79;82;84mx[0m[7m[38;2;65;62;60m▀[38;2;98;37;36mw[38;2;63;66;60m▀[0m[38;2;96;99;94;48;2;71;71;70m▌[0m[38;2;40;59;68m▌[0m   [38;2;99;2;5mi[7m[38;2;130;1;4mM[38;2;164;2;5mw[38;2;161;3;5mw[38;2;189;0;3m▀[0m[38;2;175;0;0;48;2;194;0;2m=[38;2;189;0;2;48;2;197;0;2m▀[38;2;155;1;4;48;2;197;0;3m▀[0m[7m[38;2;190;1;3m▀[0m[38;2;147;0;2m_[38;2;139;3;7m~[38;2;142;4;7m~[38;2;96;1;1m▀[38;2;128;1;2m▀[38;2;111;1;3m▀[38;2;98;4;7m' [38;2;93;1;4m▀[38;2;152;2;6m-[38;2;137;5;4m'     [7m[38;2;114;1;5m▀[0m[38;2;155;0;0;48;2;181;1;6m=[38;2;167;1;5;48;2;120;3;5mf[0m[7m[38;2;159;1;4m^[0m[38;2;160;0;0;48;2;180;1;3m=[0m[38;2;154;1;3m▌[7m[38;2;105;2;4m'[0m[38;2;159;8;12m'      [0m
 [7m[38;2;151;0;3m▌[0m[38;2;183;3;9;48;2;153;0;2m=[38;2;186;3;8;48;2;155;0;1m=[38;2;189;2;8;48;2;156;0;2m=[0m[38;2;148;2;5m▀[38;2;79;2;4m'[0m [38;2;42;41;51m,[7m[38;2;60;54;45m▌[0m[38;2;73;85;93me[7m[38;2;56;53;43m▌[0m[38;2;81;80;85;48;2;44;47;45m▀[0m[38;2;90;90;91m▀[38;2;104;107;105m-[38;2;80;83;80;48;2;43;42;39m*[38;2;135;130;118;48;2;102;103;100m=[0m[38;2;46;71;93m▌[7m[38;2;96;84;67m▌[0m[38;2;135;132;128;48;2;87;93;99m=[0m [7m[38;2;121;1;3m▀[0m[38;2;162;1;3m▀[7m[38;2;144;1;4me[0m[38;2;205;3;6;48;2;173;0;0m=[38;2;207;3;4;48;2;176;0;0m=[38;2;213;3;6;48;2;180;0;1m=[48;2;181;0;1m=[38;2;212;2;5m=[38;2;212;3;4;48;2;180;0;1m=[38;2;208;4;5;48;2;181;0;2m=[38;2;182;1;2;48;2;133;1;3m^[0m[7m[38;2;88;2;3m![0m[38;2;139;4;4;48;2;73;1;2m+[0m[7m[38;2;128;1;3m▀[38;2;104;2;2m▀[0m        [7m[38;2;76;0;2m▀[38;2;159;1;3m▀[0m[38;2;190;4;9;48;2;130;0;2m=[38;2;99;1;3;48;2;139;0;3mm[38;2;179;2;4;48;2;147;0;1mc[38;2;205;4;5;48;2;170;0;2m=[38;2;204;3;7;48;2;168;0;2m=[0m[38;2;163;2;4m▌[0m        [0m
  [38;2;147;0;4m▀[38;2;140;0;1;48;2;158;1;5m=[38;2;150;2;5;48;2;66;2;5m▀[0m  [7m[38;2;97;89;79m_[0m[38;2;103;103;90;48;2;109;108;110m_[0m[7m[38;2;110;111;110m▀[38;2;95;98;98m▀[0m [38;2;83;82;77m▀[38;2;98;96;92m▀[38;2;65;69;68m@[38;2;87;90;87m▀[0m  [7m[38;2;61;58;51m▀[38;2;60;60;59m▀[0m   [38;2;112;1;3m▀[7m[38;2;76;1;4mw[0m[38;2;93;0;2;48;2;179;1;3m▌[38;2;165;0;0;48;2;192;1;5m=[38;2;183;0;2;48;2;194;1;5mz[38;2;171;0;0;48;2;195;1;5m=[38;2;117;1;3;48;2;193;0;3m▀[0m[7m[38;2;129;2;7mm[0m[38;2;182;1;5;48;2;79;1;3m▀[38;2;143;1;4;48;2;182;1;4m▀[38;2;103;1;4;48;2;165;1;4m▀[0m[7m[38;2;103;2;3mC[0m[38;2;130;2;4;48;2;78;1;2mG[38;2;180;1;3;48;2;128;1;3m"[38;2;98;0;2;48;2;146;1;3mm[0m[7m[38;2;124;2;3m~[38;2;123;2;3m~[38;2;109;1;3m~[38;2;111;2;3m~[38;2;123;2;4m~[0m[38;2;91;0;1;48;2;142;2;5m.[38;2;182;0;2;48;2;127;0;3m~[38;2;102;2;3;48;2;175;1;3m▀[38;2;105;0;2;48;2;165;1;4m'[38;2;179;0;4;48;2;82;2;3m▀[0m[38;2;132;2;5m▀[38;2;136;1;4;48;2;176;0;4mM[38;2;175;0;4;48;2;143;2;6m@[0m[38;2;148;4;7m' [7m[38;2;80;73;63m,[0m[38;2;52;54;56;48;2;113;112;107m▀[0m[38;2;78;82;85m,    [0m
 [38;2;91;1;3mm[0m  [38;2;94;3;4m▀[38;2;93;8;10m.[7m[38;2;59;52;39m▌[0m[38;2;129;128;122;48;2;82;83;81m=[38;2;110;110;108;48;2;64;67;68mw[0m[38;2;83;88;92mm[38;2;88;91;91;48;2;54;55;55mG[38;2;96;97;98;48;2;68;70;71m▀[38;2;107;105;109;48;2;72;70;66m▀[38;2;129;130;127;48;2;100;99;100m=[38;2;129;131;127;48;2;97;96;94m=[38;2;129;132;128;48;2;100;99;97m=[38;2;129;132;129;48;2;102;102;102m=[38;2;131;130;127;48;2;101;101;104m=[38;2;130;130;127;48;2;99;102;105m=[38;2;116;126;132;48;2;66;76;83m=[0m[38;2;31;46;64m'[7m[38;2;72;64;54mF[0m[38;2;85;92;97m▌[7m[38;2;87;2;4m▌[0m[38;2;158;3;5m'[7m[38;2;69;1;2m▌[38;2;75;2;4m4[0m[38;2;202;3;8;48;2;178;0;2m=[38;2;209;1;8;48;2;183;0;2m=[38;2;210;2;9;48;2;182;0;2m=[38;2;210;1;9;48;2;159;0;2m=[0m[7m[38;2;179;1;5m▀[0m[38;2;102;0;2m~[38;2;174;1;1m▀[38;2;197;2;6;48;2;159;0;1m=[38;2;179;2;5;48;2;116;0;2mn[0m[7m[38;2;136;2;5m▀[0m[38;2;122;1;3m▀[38;2;167;0;2m▀[38;2;177;3;8;48;2;129;0;1m=[38;2;173;0;3;48;2;120;0;2mM[38;2;192;2;7;48;2;140;1;2m=[38;2;173;0;3;48;2;109;1;3m▀[38;2;178;0;3;48;2;119;0;2m^[0m[38;2;170;0;1m▀[38;2;160;1;4m▀[38;2;139;6;11m'[7m[38;2;154;0;5m▀[0m[38;2;193;1;7;48;2;154;0;3m=[0m[38;2;165;1;4m▀[38;2;130;6;11m' [7m[38;2;93;88;84m▌[38;2;98;100;103m▀[0m[38;2;65;60;55m~[38;2;107;110;110;48;2;68;66;59m▀[0m[7m[38;2;89;94;102m▀[0m   [0m
      [7m[38;2;82;1;4m▌[0m[38;2;86;2;6m,[38;2;107;106;101m~[38;2;98;99;97m▀[38;2;88;91;90mm[7m[38;2;84;87;84m'[0m[38;2;97;105;111;48;2;55;58;59mb[38;2;81;87;87;48;2;49;53;53mW[0m[38;2;79;85;85mW[38;2;69;79;81mF[38;2;79;88;91m~[0m    [38;2;116;111;105;48;2;57;54;49m▀[0m[38;2;97;102;108m▌[0m  [38;2;122;1;3m▀[38;2;131;8;11m'[38;2;157;0;0;48;2;187;1;4m=[38;2;209;2;10;48;2;188;1;3m-[38;2;209;3;8;48;2;188;1;4m-[38;2;212;3;7;48;2;189;1;4m-[38;2;210;3;8;48;2;188;1;3m-[38;2;162;3;4;48;2;183;1;1m▀[0m[7m[38;2;177;2;2m▀[0m[38;2;140;1;4m_[38;2;144;1;5m▀[38;2;183;1;3;48;2;142;1;4m▀[38;2;151;0;0;48;2;179;2;4m=[38;2;82;0;2;48;2;176;1;3m▀[0m[7m[38;2;156;1;3m▀[38;2;118;0;1m▀[38;2;96;0;1m▀[0m [7m[38;2;164;1;3m▀[38;2;174;1;3m▀[38;2;155;1;3m~[0m[38;2;171;1;5m▀[38;2;130;2;6m▀[38;2;80;5;5m'[7m[38;2;93;82;71m~[0m[38;2;87;81;80;48;2;118;112;107m=[0m[7m[38;2;79;82;86m▀[0m [38;2;82;78;72m▀[38;2;103;98;85;48;2;84;90;91m_[0m[38;2;59;72;77m,[7m[38;2;96;92;85my[0m[38;2;94;101;103m▌  [0m
   [38;2;92;0;3;48;2;138;0;4m▌[0m[38;2;98;3;6m▌ [0m [38;2;125;4;5m`          [7m[38;2;103;98;86m▌[0m[38;2;130;130;129;48;2;103;102;103m=[38;2;129;129;130;48;2;87;90;93m=[0m[38;2;34;47;56me[38;2;101;92;75;48;2;112;106;106m▌[38;2;132;128;126;48;2;92;87;87m=[0m[38;2;75;80;85m▌[0m [7m[38;2;137;0;3m~[0m[38;2;197;0;3;48;2;169;0;1m=[38;2;192;4;6;48;2;151;0;1m=[38;2;202;1;6;48;2;179;0;3m=[38;2;202;0;5;48;2;178;0;2m=[38;2;201;0;5;48;2;173;0;2m=[38;2;178;1;2;48;2;98;1;4m▀[0m[38;2;177;0;1m▀[38;2;189;1;4;48;2;160;0;1m=[0m[38;2;124;2;4m▌[0m [38;2;151;0;2m▀[38;2;167;0;3;48;2;125;0;2m#[38;2;194;1;5;48;2;170;0;2m=[38;2;196;1;3;48;2;175;0;1m=[38;2;195;0;2;48;2;173;0;1m=[38;2;194;0;2;48;2;172;0;1m=[38;2;194;1;4;48;2;171;0;1m=[38;2;192;0;5;48;2;166;0;2m=[0m[38;2;95;4;6m▌[7m[38;2;106;90;76m'[0m[38;2;137;128;124;48;2;109;101;100m=[0m[7m[38;2;105;103;107m▀[0m [38;2;108;104;100m▀[38;2;127;128;123;48;2;98;99;101m=[0m[38;2;72;85;95mm[0m [7m[38;2;74;70;60m▌[0m[38;2;123;126;122;48;2;85;91;94m=[0m [38;2;105;99;88;48;2;98;112;116m▌[0m  [0m
              [7m[38;2;89;88;76m▀[38;2;104;106;100m~[38;2;105;106;103m~[0m[38;2;55;52;42;48;2;107;107;106m~[38;2;92;89;90;48;2;114;120;120m=[38;2;115;117;118;48;2;46;54;61m▀[0m[38;2;104;115;122m▀[7m[38;2;102;96;81m▌[0m[38;2;93;88;85;48;2;123;120;118m=[38;2;93;88;86;48;2;111;116;122m=[0m[38;2;58;80;109m'[0m [38;2;146;2;4m▀[7m[38;2;142;1;4m▀[0m[38;2;96;0;4;48;2;175;1;4m'[38;2;206;2;3;48;2;181;1;2m-[38;2;187;0;3;48;2;135;2;4m~[0m[38;2;103;4;6m' [7m[38;2;76;0;1m▀[0m[38;2;178;4;9;48;2;145;1;3m_[0m[38;2;104;2;5m▌[0m  [7m[38;2;78;1;1m▀[38;2;91;2;2m*[38;2;119;1;3mm[0m[38;2;166;1;2m▀[38;2;197;1;7;48;2;148;1;3m-[38;2;195;2;3;48;2;174;0;2m-[38;2;171;2;4;48;2;74;4;6m▌[0m [38;2;114;103;99m▀[38;2;96;85;86;48;2;117;111;112m=[38;2;91;85;87;48;2;120;119;120m=[38;2;92;87;88;48;2;112;114;118m=[0m[7m[38;2;85;95;102m▀[0m[38;2;69;80;79m~[38;2;55;52;42m▀[38;2;111;113;107m▀[38;2;104;107;102;48;2;67;68;67mm[0m[7m[38;2;105;110;110m▀[38;2;92;96;95m~[0m[38;2;88;100;109m▀[0m  [0m
             [7m[38;2;84;81;69m'[0m[38;2;96;101;103;48;2;45;59;68m▀[0m[7m[38;2;77;76;69mm[0m[38;2;85;90;89m▀[38;2;99;102;103m▀[38;2;115;130;129;48;2;67;80;85m=[0m[7m[38;2;93;86;75m▀[0m[38;2;127;124;122;48;2;78;74;74m=[38;2;129;130;127;48;2;101;97;94m=[38;2;131;132;130;48;2;104;100;99m=[38;2;108;106;106;48;2;57;70;80m▌[0m [38;2;84;4;10m^[7m[38;2;148;0;6m▌[0m[38;2;184;0;5;48;2;162;0;2m=[38;2;185;1;3;48;2;166;0;1m=[48;2;162;0;2m=[0m[38;2;124;2;4m▌ [38;2;90;1;3m*[38;2;120;2;4m▀[38;2;68;2;3m'[7m[38;2;146;0;2m▀[0m[38;2;159;0;4;48;2;117;0;4mw[0m[38;2;158;0;2m▀[38;2;158;1;3m▀[38;2;163;1;3m▀[38;2;165;0;1;48;2;86;1;3m▀[38;2;165;1;4;48;2;128;1;3mw[0m[7m[38;2;94;1;4m▀[38;2;153;1;3m▌[0m[38;2;71;3;4m▌  [0m [38;2;96;94;91m▀[38;2;89;98;103m▀[7m[38;2;76;70;57m▀[38;2;101;101;101m▀[38;2;66;66;66m▀[0m  [7m[38;2;104;102;94m▀[0m[38;2;76;94;101mp   [0m
              [7m[38;2;74;70;59m/[0m[38;2;95;93;87;48;2;115;116;111m=[38;2;94;92;90;48;2;113;117;117m=[38;2;47;54;55;48;2;99;109;113m▀[0m [7m[38;2;89;91;83m*[38;2;76;82;78mq[0m[38;2;94;103;108m▀[7m[38;2;92;98;100mm[0m[38;2;112;114;115m▀[38;2;97;97;99;48;2;48;50;54m\[0m   [7m[38;2;119;1;3m*[38;2;112;0;3m▀[38;2;97;1;1m▀[38;2;101;1;2m▀[38;2;148;0;4m▀[38;2;145;1;3m~[0m[38;2;167;1;4;48;2;83;2;4m▀[0m[38;2;119;2;4m▀[7m[38;2;77;63;52m▀[38;2;110;98;94m~[0m[38;2;103;90;84;48;2;119;110;103m=[38;2;103;95;89;48;2;118;111;111m▀[0m[7m[38;2;109;107;110m▀[0m [38;2;168;1;4;48;2;140;2;4mI[0m        [38;2;110;109;107m▀[38;2;110;109;106;48;2;46;49;51m▀[38;2;111;108;105;48;2;65;69;73m▀[38;2;109;109;105;48;2;50;55;59m▀[0m[38;2;99;108;109m▀[38;2;46;74;102m'   [0m
            [7m[38;2;65;58;46m▀[38;2;94;89;80m~[0m[38;2;132;133;131;48;2;106;102;97m=[38;2;132;134;129;48;2;105;103;98m=[38;2;131;135;130;48;2;105;104;99m=[38;2;132;134;133;48;2;99;104;103m=[0m[7m[38;2;40;47;50m][0m[38;2;121;129;127;48;2;72;75;71m=[0m[38;2;81;93;102m#[38;2;92;93;82m*[38;2;55;66;74m▀[7m[38;2;92;90;83m_[0m[38;2;56;71;80m▌[38;2;82;95;97;48;2;37;44;47m#[0m[38;2;82;95;97m [0m [38;2;162;1;2m▀[38;2;165;1;2m▀[38;2;167;0;1m▀[38;2;166;1;2m▀[38;2;157;1;3m▀[38;2;127;5;7m~  [7m[38;2;84;75;67m▌[0m[38;2;136;135;133;48;2;107;100;98m=[38;2;134;134;132;48;2;108;102;101m=[38;2;133;133;130;48;2;107;101;101m=[38;2;133;133;131;48;2;108;101;100m=[38;2;132;133;135;48;2;91;88;90m=[38;2;102;3;5;48;2;73;68;70m▀[0m [38;2;64;3;5mv               [0m
         [7m[38;2;81;76;69m▀[38;2;106;104;102m▀[0m[38;2;62;55;41;48;2;104;101;97m"[38;2;98;92;89;48;2;113;115;111m=[38;2;97;94;89;48;2;113;115;113m=[48;2;113;116;114m=[38;2;99;95;91;48;2;111;116;116m=[38;2;108;117;119;48;2;62;70;77mF[0m[38;2;82;106;118m~[38;2;76;86;89m,                [0m [7m[38;2;84;89;86m▀[0m [38;2;113;109;106m▀[38;2;100;91;91;48;2;113;109;109m=[38;2;99;93;90;48;2;117;114;116m=[38;2;99;93;89;48;2;116;114;116m=[38;2;99;93;88;48;2;116;114;114m=[38;2;84;85;83;48;2;109;108;106m▀[0m[7m[38;2;107;108;105m▀[38;2;85;85;83m▀[0m              [0m
     [38;2;68;69;64mw[38;2;95;96;91mw[38;2;77;68;55;48;2;90;90;91m~[38;2;113;116;119;48;2;94;93;94m=[38;2;114;117;120;48;2;96;94;95m=[38;2;107;105;107;48;2;83;82;85m#[38;2;107;105;108;48;2;76;74;77m#[38;2;110;108;109;48;2;72;72;75m*[0m[38;2;107;105;105m▀[38;2;92;95;102m▀[38;2;57;72;83m~ [7m[38;2;65;51;31m▌[0m[38;2;104;97;100;48;2;115;107;110mE[0m[7m[38;2;98;93;100m▀[0m   [7m[38;2;61;63;66m▀[0m        [7m[38;2;73;63;64m▀[0m[38;2;50;52;54m,[0m [38;2;64;54;43;48;2;118;109;101m▀[38;2;112;108;105;48;2;81;101;112m▌[0m   [38;2;71;68;65m▀[38;2;105;102;99m▀[7m[38;2;92;90;87m_[0m[38;2;110;108;105;48;2;84;83;81m#[38;2;92;88;80;48;2;107;108;105m-[38;2;89;88;79;48;2;107;110;107m--[38;2;97;99;95;48;2;108;111;108mE[38;2;71;71;68;48;2;102;109;110m▀[38;2;102;105;102;48;2;40;44;44mw[0m[38;2;89;94;95mw[38;2;40;53;60me        [0m
            [7m[38;2;116;1;4m~[0m[38;2;176;7;10;48;2;141;1;3m_[0m[38;2;92;2;4m▌  [0m [38;2;123;112;113;48;2;74;65;63m▀[38;2;123;115;119;48;2;88;80;82mE[0m[38;2;85;89;95m▌[38;2;78;72;55m~[7m[38;2;144;0;3m▀[38;2;140;4;6m~[0m[38;2;189;1;6;48;2;146;0;3m_[38;2;188;1;6;48;2;159;2;3m_[38;2;171;3;5;48;2;137;1;3mB[38;2;171;2;3;48;2;137;1;2mB[38;2;177;3;5;48;2;146;1;3mE[38;2;179;2;4;48;2;164;1;4mE[38;2;178;1;3;48;2;160;2;4mz[38;2;192;3;1;48;2;129;0;3m_[0m[7m[38;2;159;1;3m▀[38;2;99;2;3m▀[0m[38;2;102;86;76m▀[38;2;124;114;113m▀[38;2;88;95;101m▀ [0m  [38;2;182;4;7;48;2;148;0;3m_[38;2;166;1;5;48;2;113;2;5mr[0m                  [0m
             [38;2;153;0;2;48;2;81;0;2m▀[38;2;162;0;3;48;2;157;1;3m"[38;2;94;1;2;48;2;154;0;3m~[0m[7m[38;2;168;0;3m▀▀▀[0m[38;2;85;0;1;48;2;170;0;2m▀[38;2;152;0;1;48;2;168;1;3mE[38;2;158;1;3;48;2;113;1;2mW[0m[38;2;151;1;2m▀[38;2;107;2;3m▀[38;2;107;5;7m~[0m     [38;2;105;1;4m▀[38;2;162;0;3m▀[38;2;175;0;1;48;2;126;0;2m~[38;2;171;0;1;48;2;163;0;2m~[38;2;160;0;1;48;2;171;0;2mE[38;2;107;0;1;48;2;170;0;1m▀[0m[7m[38;2;170;0;4m▀[38;2;167;0;3m▀[0m[38;2;103;0;2;48;2;158;0;2m~[38;2;158;0;1;48;2;169;0;3mE[38;2;169;0;2;48;2;115;2;4m~[0m[38;2;125;8;12m'                  [0m
               [38;2;125;1;3m▀[38;2;161;1;4m▀[38;2;165;1;3m▀[38;2;151;2;2m▀[38;2;65;1;1;48;2;140;2;2m*[38;2;74;2;3;48;2;167;1;2m▀[38;2;158;3;5;48;2;81;1;2mw[0m[38;2;133;4;6m'[7m[38;2;158;0;2m▀[0m[38;2;186;2;3;48;2;140;0;2mz[38;2;190;1;2;48;2;166;0;3mz[38;2;199;3;3;48;2;146;0;2m_[0m[7m[38;2;155;0;3m~[0m[38;2;189;1;2;48;2;167;0;2mz[38;2;188;0;2;48;2;167;0;1mz[38;2;201;1;3;48;2;134;1;2m_[0m[38;2;113;4;4m,[38;2;71;0;2;48;2;129;0;3m~[38;2;89;1;4;48;2;167;0;4m▀[38;2;85;1;1;48;2;159;0;2m▀[38;2;146;1;4;48;2;100;2;4m▀[0m[38;2;165;1;4m▀[38;2;149;1;3m▀[38;2;149;2;3m▀[38;2;125;2;6m~                    [0m
                   [38;2;143;2;5m▀[38;2;140;3;4m▀[7m[38;2;150;1;2m▀[0m[38;2;139;2;3;48;2;168;1;2m'[38;2;170;1;2;48;2;181;1;3m5[38;2;164;0;2;48;2;183;0;3mz[38;2;194;0;6;48;2;176;0;3m"[38;2;194;1;2;48;2;176;0;1m"[48;2;177;1;2m"[38;2;194;0;6;48;2;176;0;3m"[38;2;169;0;2;48;2;179;0;2m5[38;2;162;0;1;48;2;179;1;2mz[38;2;150;0;1;48;2;163;1;3m_[0m[7m[38;2;85;1;3m\[0m[38;2;163;0;2m▀[38;2;138;2;4m▀[38;2;79;3;6m'                        [0m
                     [38;2;118;0;3m▀[38;2;171;0;3;48;2;86;0;3m▀[38;2;172;0;3;48;2;148;0;2m0[38;2;177;0;3;48;2;166;0;3m5[38;2;176;0;3;48;2;166;0;1m5[38;2;173;0;3;48;2;131;2;1m▀[38;2;169;0;3;48;2;128;0;5m▀[38;2;174;0;2;48;2;165;0;2m5[38;2;172;0;3;48;2;163;0;3m5[38;2;173;0;3;48;2;148;0;1mc[0m[38;2;166;0;1m▀[38;2;99;3;4m▀                           [0m
