[0m                                                            [0m
                                          [7m[38;2;138;1;2m'[0m[38;2;78;5;4m'           [0m [38;2;66;1;2m,   [0m
                                    [7m[38;2;115;1;2m▀[38;2;117;1;1m▀[38;2;110;1;2m▀[38;2;122;1;2m▀[0m[38;2;155;2;4;48;2;94;1;1mz[0m[38;2;159;1;3m▀[38;2;133;6;6m'     [0m        [7m[38;2;107;2;3m▌[0m   [0m
                                   [38;2;100;0;0;48;2;148;2;3m5[38;2;139;0;2;48;2;154;2;2m5[38;2;119;0;0;48;2;136;2;3m=[0m[38;2;136;1;2m▀[38;2;93;1;2m▀[0m        [7m[38;2;115;1;2m▌[0m      [7m[38;2;118;1;2m▀[0m[38;2;116;0;2;48;2;149;1;2m5[0m[38;2;144;2;3m▌  [0m
     [38;2;99;3;4m▌                            [7m[38;2;92;0;2m▌[0m[38;2;178;3;3;48;2;139;0;1m=[38;2;179;3;3;48;2;140;0;1m=[0m[38;2;136;3;3m▌         [7m[38;2;120;1;2m▌[0m[38;2;165;6;7;48;2;90;1;1m=[0m[38;2;165;6;7m    [7m[38;2;102;0;1m▀[0m[38;2;84;0;1;48;2;113;2;3m~[0m[38;2;145;0;2m▀[38;2;160;0;2m▀[38;2;169;1;2m'  [0m
                                 [7m[38;2;91;1;2m▀[0m[38;2;146;1;2;48;2;173;1;2mM[38;2;152;0;1;48;2;177;1;2mz[38;2;151;0;1;48;2;176;2;2mz[0m[38;2;148;4;5m▌ [0m [38;2;68;2;4m▌     [0m [38;2;138;0;1;48;2;162;2;3mz[0m[38;2;100;4;5m▌   [0m [38;2;102;3;3m▌      [0m
     [38;2;108;4;7m'             [38;2;131;1;3m| [38;2;86;4;4m`     [0m [38;2;112;3;4m▌   [0m [38;2;194;2;4;48;2;147;0;1m=[38;2;199;3;4;48;2;155;0;1m=[38;2;202;4;5;48;2;157;1;1m=[38;2;201;3;5;48;2;155;0;1m=[38;2;196;3;5;48;2;137;1;1m=[0m[7m[38;2;156;1;1m▀[0m[38;2;158;3;3;48;2;103;1;1m=[0m[38;2;143;2;4m'     [7m[38;2;139;1;2m▌[0m[38;2;177;4;6;48;2;107;1;1m=[0m            [0m
   [7m[38;2;109;1;2m▀[0m[38;2;113;3;4m▌             [0m [38;2;127;1;3;48;2;155;1;3mW[0m        [7m[38;2;115;1;2m▌[38;2;153;1;2m▀[0m  [7m[38;2;131;0;1m▌[0m[38;2;144;0;0;48;2;185;2;2m=[38;2;147;0;0;48;2;188;2;3m=[38;2;150;0;0;48;2;191;2;2m=[38;2;149;0;0;48;2;190;2;2m=[38;2;146;0;0;48;2;186;2;3m=[38;2;169;2;3;48;2;142;1;2mF[38;2;170;1;3;48;2;129;2;4m▌[0m[38;2;112;2;5m,[0m     [7m[38;2;123;2;3m▌[0m[38;2;130;5;6m'[0m   [38;2;77;4;6m,        [0m
   [7m[38;2;105;1;2m▌[0m[38;2;125;2;3m*[38;2;74;3;4mc            [7m[38;2;145;1;2m▌[0m[38;2;183;4;6;48;2;142;0;1m=[38;2;149;1;2;48;2;86;2;3m▌[0m        [38;2;188;3;6;48;2;152;0;1m=[38;2;74;1;2;48;2;164;1;2m▀[0m[7m[38;2;88;0;0m▀[38;2;131;0;1m'[0m[38;2;208;3;5;48;2;166;0;2m=[38;2;210;4;4;48;2;167;0;1m=[38;2;213;5;5;48;2;168;0;1m=[38;2;212;5;4;48;2;167;0;1m=[38;2;208;5;3;48;2;163;1;1m=[38;2;85;0;0;48;2;155;1;2m"[38;2;197;5;6;48;2;141;0;1m=[38;2;162;2;3;48;2;107;1;2m*[38;2;192;4;6;48;2;142;0;1m=[38;2;153;2;3;48;2;88;1;2mm[0m[38;2;86;2;3me  [0m  [38;2;64;3;4m^[0m [7m[38;2;77;1;2m~[0m[38;2;116;4;4m'[0m        [0m
             [38;2;140;3;4m\[0m    [7m[38;2;157;2;4m▌[0m[38;2;135;0;0;48;2;171;2;3m=[38;2;138;0;0;48;2;173;2;4m=[0m[38;2;133;4;5m▌  [0m [7m[38;2;103;0;1m▀[0m[38;2;169;1;2;48;2;137;2;3m,[0m[7m[38;2;141;1;3m▀[38;2;174;1;3m▀[0m[38;2;153;0;0;48;2;188;2;3m=[38;2;157;0;2;48;2;192;2;3m=[38;2;159;0;1;48;2;194;2;3m=[38;2;160;0;1m=[48;2;195;2;3m=[38;2;160;0;0m=[38;2;161;0;0;48;2;195;3;4m=[38;2;160;0;0;48;2;193;2;4m=[38;2;156;0;0;48;2;190;2;2m=[38;2;151;0;0;48;2;186;2;2m=[0m[38;2;98;3;4m▌[7m[38;2;76;0;1m▌[0m[38;2;140;0;0;48;2;170;3;4m=[0m[38;2;124;5;7m' [0m [7m[38;2;158;1;2m▀[38;2;117;1;2m▀[0m  [38;2;147;3;7m-[38;2;85;6;5m'[7m[38;2;70;0;2m▌[0m[38;2;127;3;4m▌    [0m [38;2;116;4;6m/ [0m
        [38;2;114;1;7m,    [0m [38;2;145;2;4;48;2;90;1;2m#[0m[38;2;145;2;4m   [38;2;105;0;0;48;2;146;1;3m-[38;2;192;3;3;48;2;159;0;2m=[38;2;194;3;3;48;2;162;0;1m=[38;2;170;1;2;48;2;106;3;4m▌[0m  [7m[38;2;160;0;2m▌[0m[38;2;202;2;3;48;2;169;0;1m=[38;2;205;2;4;48;2;172;0;2m=[38;2;208;4;4;48;2;175;0;2m=[38;2;210;3;4;48;2;177;0;2m=[38;2;214;3;3;48;2;181;0;1m=[38;2;217;3;5;48;2;183;0;1m=[48;2;183;0;2m=[48;2;184;0;2m=[38;2;219;2;5;48;2;185;0;2m==[38;2;217;2;4;48;2;184;0;2m=[38;2;214;2;4;48;2;181;0;1m=[38;2;211;2;4;48;2;176;0;1m=[38;2;203;3;3;48;2;166;1;1m=[0m[38;2;146;1;2m▀[38;2;149;1;2m▀[38;2;141;3;4m▌  [7m[38;2;130;0;2m▌[0m[38;2;193;2;4;48;2;159;0;2m=[38;2;195;3;3m=[0m[38;2;146;1;2m▌[0m   [7m[38;2;136;1;2m'[0m[38;2;122;3;4m▌    [7m[38;2;127;2;3m▌[0m  [0m
        [7m[38;2;126;1;3m▌[0m[38;2;176;2;7;48;2;116;1;1m_[0m[7m[38;2;121;2;2m▀[0m   [38;2;89;2;4m~[38;2;61;2;4mx[0m  [38;2;135;3;4m▀[7m[38;2;116;1;3me[0m[38;2;197;2;8;48;2;171;2;3m_[38;2;184;2;4;48;2;166;2;3mE[0m[7m[38;2;70;1;2mB[0m[38;2;142;3;5m▌[7m[38;2;158;1;3m▌[0m[38;2;170;0;0;48;2;200;2;3m=[38;2;172;0;0;48;2;202;1;3m=[38;2;173;0;0;48;2;203;2;4m=[38;2;175;0;0;48;2;204;2;3m=[48;2;205;2;4m=[38;2;223;2;6;48;2;195;1;2m-[48;2;194;1;2m-[38;2;223;2;4;48;2;193;1;3m-[38;2;223;3;4m-[38;2;221;3;4;48;2;192;1;2m-[38;2;220;2;4;48;2;191;1;3m-[38;2;217;3;4;48;2;187;1;2m-[38;2;214;3;5;48;2;183;1;3m-[38;2;178;3;4;48;2;100;2;1m▀[0m [38;2;138;1;3m▌  [7m[38;2;91;0;2m▀[0m[38;2;202;3;6;48;2;162;1;2m_[38;2;154;0;0;48;2;184;2;3m=[38;2;155;0;0m=[38;2;177;2;5;48;2;149;3;3mE[0m  [38;2;163;1;4;48;2;139;1;2md[38;2;186;2;5;48;2;158;2;2m_[0m[38;2;125;5;6m▌  [0m [38;2;66;1;3;48;2;140;1;2m~[0m[38;2;143;2;3m▀[0m  [0m
   [38;2;64;2;3m^[7m[38;2;66;1;3m▀[0m [7m[38;2;81;1;2m▀[0m  [38;2;74;0;1;48;2;148;1;2m▌[38;2;131;0;0;48;2;160;1;1m_[0m[38;2;125;2;2m▌  [0m      [7m[38;2;157;0;2m▌[0m[38;2;162;1;2;48;2;182;1;3mE[38;2;89;1;1;48;2;177;1;2m▀[38;2;175;1;3;48;2;76;2;4m▌[0m[7m[38;2;124;0;1mP[0m[38;2;184;0;1;48;2;204;0;2mE[38;2;170;0;0;48;2;203;1;1m_[38;2;168;0;1;48;2;200;1;1m_[38;2;166;0;2;48;2;198;1;2m_[38;2;166;0;0;48;2;197;1;1m_[48;2;196;1;1m_[38;2;164;0;0;48;2;192;1;2m_[38;2;142;1;2;48;2;164;1;2mE[38;2;158;0;0;48;2;190;1;1m__[38;2;156;0;0;48;2;189;1;2m_[38;2;154;0;0;48;2;185;1;3m_[38;2;95;1;2;48;2;150;2;3mk[38;2;141;0;1;48;2;174;1;2mF[38;2;133;0;1;48;2;178;1;2mF[0m[38;2;167;2;2m▌[0m  [38;2;117;0;0;48;2;167;1;3m-[38;2;167;0;1;48;2;186;1;3mEE[38;2;165;0;1;48;2;184;1;3mE[38;2;169;1;2;48;2;75;2;3m▌[0m[38;2;169;1;2m  [38;2;111;0;3;48;2;159;1;1m▌[38;2;173;3;2;48;2;133;1;2m=[0m[38;2;138;6;6m'[0m   [38;2;89;0;2m~[38;2;113;2;3m▌  [0m
    [7m[38;2;92;1;3m▌[38;2;137;1;3m▀[0m[38;2;77;1;3m▀[7m[38;2;133;1;3m▀[0m[38;2;94;4;5m,[0m [38;2;164;2;3;48;2;117;0;2m▀[38;2;193;4;6;48;2;150;2;3m-[0m  [38;2;139;3;6m!   [38;2;102;2;3m,[0m [7m[38;2;166;1;2m▌[0m[38;2;221;2;4;48;2;182;1;3m-[38;2;225;3;3;48;2;186;1;3m-[38;2;228;3;3;48;2;173;1;3m-[38;2;232;2;3;48;2;192;1;3m-[38;2;233;3;4;48;2;195;2;3m-[38;2;205;2;3;48;2;192;1;4m▀[38;2;205;2;5;48;2;193;1;3mE[38;2;232;3;4;48;2;194;1;3m-[38;2;204;2;4;48;2;188;1;2mE[38;2;199;2;2;48;2;80;1;2m▀[0m[7m[38;2;117;3;4mw[0m[38;2;64;0;1;48;2;185;1;3m▌[38;2;193;3;4;48;2;148;2;2mP[0m[38;2;183;3;4m▀[7m[38;2;140;1;3mm[0m[38;2;92;2;2;48;2;174;1;3m▀[0m[7m[38;2;125;3;5m*[0m[38;2;176;0;0;48;2;189;1;4m=[38;2;225;3;6;48;2;186;1;3m-[48;2;186;1;2m-[38;2;224;3;5;48;2;180;1;2m-[38;2;199;1;3;48;2;178;2;3mr[0m[38;2;182;3;4m▀[38;2;191;2;3;48;2;174;1;2m▀[38;2;210;3;6;48;2;183;1;2m_[38;2;189;2;3;48;2;176;1;1mE[0m[38;2;162;3;4m▌[0m [7m[38;2;89;2;2m▀[0m[38;2;126;3;5m▀[0m  [38;2;72;0;1;48;2;149;3;5m▌[0m   [7m[38;2;97;4;7m▌[0m  [0m
[7m[38;2;105;1;3m▀[0m    [38;2;70;0;1;48;2;152;1;2m▌[38;2;108;1;2;48;2;160;1;2m▀[0m[7m[38;2;159;1;3m▀[0m[38;2;124;0;1;48;2;154;1;3m_[0m[7m[38;2;94;2;2m▀[0m [38;2;92;0;0;48;2;152;1;2m_[0m[38;2;148;2;2m▌ [7m[38;2;78;1;2m▌[38;2;87;1;2m▀[38;2;73;0;0m▀[0m[38;2;82;0;1;48;2;169;1;3m▀[0m[38;2;134;2;3m▌[7m[38;2;145;0;3m▌[0m[38;2;167;0;1;48;2;188;1;3mE[38;2;149;0;0;48;2;186;1;3m_[38;2;153;0;1;48;2;189;1;3m-[38;2;113;0;2;48;2;177;1;3m_[38;2;150;0;1;48;2;191;1;3m_[38;2;112;0;1;48;2;175;1;3m_[38;2;148;0;1;48;2;185;1;3m_[38;2;152;0;1;48;2;190;1;3m_[38;2;185;1;2;48;2;120;2;3m/[0m[7m[38;2;125;1;2m/[0m[38;2;91;0;1;48;2;193;1;2m▀[38;2;192;1;2;48;2;166;3;4my[38;2;64;1;2;48;2;112;3;4m_[0m[7m[38;2;168;0;2m▀[0m[38;2;141;0;2;48;2;187;1;2mF[38;2;157;0;0;48;2;189;1;2m_[38;2;155;0;1;48;2;184;2;4m_[38;2;57;0;0;48;2;151;2;4mI[38;2;152;0;1;48;2;190;1;2m-[38;2;155;0;3;48;2;192;1;3m-[38;2;156;0;0;48;2;193;1;3m_[38;2;201;3;4;48;2;171;2;3m=[0m[38;2;114;2;2m▀[0m [7m[38;2;179;1;3m▌[0m[38;2;149;0;0;48;2;185;1;3m_[38;2;139;0;0;48;2;178;1;3m_[0m[38;2;133;3;4m▌[38;2;134;1;5;48;2;163;1;2m"[0m[38;2;119;4;5m▌[0m [38;2;77;1;3m▌[7m[38;2;106;0;1m▌[0m[38;2;151;0;1;48;2;170;1;2mE[0m[38;2;149;1;2m▌  [7m[38;2;100;3;5m▌[0m  [0m
[38;2;151;2;4;48;2;137;0;2mE[0m[38;2;117;4;4m▌   [7m[38;2;127;1;2m▌[0m[38;2;164;2;4;48;2;139;1;1mP[38;2;167;3;3;48;2;151;0;1mE[38;2;163;3;3;48;2;106;3;3m5[0m[7m[38;2;99;3;4m▌[0m [7m[38;2;94;1;3m▌[0m[38;2;172;1;1;48;2;143;3;4mz[0m[38;2;172;1;1m  [7m[38;2;103;1;2m▌[0m[38;2;177;1;3;48;2;159;1;1mz[38;2;181;2;2;48;2;165;0;1mE[38;2;189;2;2;48;2;168;1;2mz[38;2;90;2;2;48;2;158;1;2m▀[38;2;185;2;3;48;2;141;0;1m▀[38;2;192;2;3;48;2;177;1;1mE[38;2;193;2;3;48;2;177;0;1mE[0m[38;2;105;2;2m▌[38;2;95;1;2m▀[38;2;138;5;5m9[7m[38;2;105;1;3mm[0m[38;2;192;2;3;48;2;168;2;3m{[38;2;94;3;3;48;2;148;1;1m▌[38;2;201;2;3;48;2;183;1;2mz[38;2;201;2;4;48;2;184;0;1mE[38;2;200;2;4;48;2;182;1;2mE[38;2;206;4;5;48;2;126;1;1m_[38;2;199;2;2;48;2;183;0;1mE[38;2;199;2;3mE[48;2;183;1;1mE[38;2;161;5;6;48;2;83;2;3mf[38;2;214;4;5;48;2;163;0;2m_[38;2;197;2;4;48;2;172;1;3mE[38;2;196;2;3;48;2;156;1;3m▀[38;2;203;2;4;48;2;187;0;1mE[38;2;205;2;3;48;2;178;1;3mz[38;2;217;4;6;48;2;173;0;1m_[38;2;203;2;2;48;2;174;1;2mz[38;2;216;5;7;48;2;152;0;2m_[38;2;195;2;3;48;2;177;0;1mE[38;2;191;3;3;48;2;174;1;1mE[0m[38;2;159;2;3m▌[38;2;97;0;2;48;2;174;2;2m▌[0m[38;2;162;3;3m▌[7m[38;2;131;1;4m▌[0m[38;2;194;4;5;48;2;151;1;2m_[38;2;177;2;2;48;2;147;1;2mz[38;2;175;2;4;48;2;145;2;3mi[0m[38;2;157;1;2m' [0m [38;2;101;1;3m▀[0m  [0m
[38;2;99;0;2m▀[38;2;72;3;4m▌[0m    [38;2;55;3;7m'[38;2;118;1;4m▀[0m [7m[38;2;86;73;60m▀[38;2;57;56;57m▀[38;2;88;84;76m▀[0m[38;2;155;2;6m"[7m[38;2;60;52;39m▌[38;2;123;110;109m▀[38;2;81;78;85m▀[0m[38;2;105;0;1;48;2;176;1;2m▌[38;2;170;1;2;48;2;188;1;3mE[38;2;177;0;3;48;2;194;1;3mE[38;2;181;1;3;48;2;198;2;3mE[38;2;149;1;3;48;2;194;2;3m▀[38;2;147;1;3;48;2;188;1;2mw[38;2;155;0;0;48;2;194;1;2m_[38;2;110;2;2;48;2;194;1;3m▀[0m[7m[38;2;151;2;4m▀[0m [38;2;123;0;2;48;2;171;1;3m'[38;2;164;1;2;48;2;193;1;3m▀[38;2;174;0;2;48;2;196;1;3mE[38;2;186;1;2;48;2;202;1;3mE[48;2;202;0;2mz[38;2;191;1;2;48;2;206;1;3mE[38;2;190;1;2;48;2;205;1;3mE[38;2;185;1;2;48;2;201;1;2mz[38;2;187;0;2;48;2;201;1;3mE[38;2;162;2;3;48;2;103;2;3m▌[0m[7m[38;2;147;1;4m'[38;2;135;2;3mw[38;2;195;1;3m▀[0m[38;2;182;0;2;48;2;205;1;3mE[38;2;170;0;1;48;2;204;1;3m_[38;2;170;0;0m_[38;2;190;0;1;48;2;204;1;2mE[38;2;188;1;2;48;2;201;1;3mE[38;2;185;1;1;48;2;199;1;2mE[38;2;183;0;1;48;2;196;1;2mE[38;2;180;0;2;48;2;194;1;2mE[38;2;152;0;1;48;2;188;1;3m_[0m[7m[38;2;105;2;3m\[0m[38;2;174;1;2;48;2;114;4;6m▌[0m [38;2;89;0;2;48;2;173;1;2m▌[38;2;137;0;0;48;2;167;2;3m_[0m[38;2;143;9;13m'      [0m
   [38;2;124;3;3mi   [0m [7m[38;2;99;95;92m▀[0m[38;2;137;143;148;48;2;107;104;104m-[38;2;136;142;148;48;2;107;104;105m-[38;2;138;140;143;48;2;105;103;104m_[38;2;138;141;142;48;2;73;74;79m_[38;2;137;141;141;48;2;87;82;77m_[38;2;140;142;141;48;2;110;104;107m_[38;2;143;143;149;48;2;112;104;107m-[38;2;43;49;62;48;2;118;1;2m▌[38;2;181;3;3;48;2;167;0;1mE[38;2;179;2;1;48;2;130;2;3m'[38;2;199;2;5;48;2;182;1;2mz[38;2;205;2;3;48;2;176;2;2mz[38;2;201;2;2;48;2;178;0;1m▀[38;2;203;2;2;48;2;189;1;1mE[38;2;201;2;3;48;2;188;1;1mE[48;2;187;1;1mE[38;2;181;3;5;48;2;67;2;2m▌[38;2;162;2;4;48;2;187;2;3m▌[38;2;195;3;3;48;2;182;1;1mE[38;2;197;3;3;48;2;184;1;2mE[38;2;200;3;4;48;2;186;1;2mE[38;2;209;5;7;48;2;177;2;3m-[38;2;192;3;4;48;2;157;2;3m'[38;2;200;3;4;48;2;185;0;1mE[38;2;199;3;3;48;2;184;0;1mE[38;2;191;1;2;48;2;146;2;3m'[0m[38;2;95;3;5m▀[7m[38;2;154;0;2m▀[0m[38;2;204;2;3;48;2;171;1;2mz[38;2;201;3;3;48;2;186;0;1mE[38;2;202;3;3;48;2;187;1;1mE[38;2;204;3;4;48;2;190;0;2mE[38;2;205;2;4;48;2;193;0;1mE[38;2;219;4;4;48;2;189;1;3m_[0m[38;2;191;2;3m▀[38;2;140;4;5m▀[38;2;156;3;4m~[38;2;129;2;3m▀[38;2;181;2;3;48;2;150;1;3m^[0m[38;2;153;4;5m▌[38;2;74;0;1;48;2;160;2;4m▌[0m[38;2;77;3;3m▌[7m[38;2;171;1;2m▌[0m[38;2;169;2;2m▌[7m[38;2;90;0;1m▌[0m[38;2;83;2;3m▌     [0m
   [7m[38;2;73;1;2m▌[38;2;118;2;3m▀[0m  [38;2;81;78;69;48;2;41;48;45m▀[0m[38;2;75;83;89m▀[38;2;65;83;94m~[0m [38;2;70;72;72m~[7m[38;2;79;77;69mw[38;2;98;101;97mm[0m[38;2;88;87;89;48;2;57;56;53m▀[38;2;63;63;66;48;2;104;102;99mm[0m[7m[38;2;94;15;20m1[0m[38;2;161;0;1;48;2;178;1;3m5[0m[38;2;113;4;3m▌[38;2;133;0;2;48;2;183;1;3m_[38;2;186;2;4;48;2;68;4;3m▌[38;2;130;1;2;48;2;166;0;2m"[38;2;190;0;2;48;2;205;1;3m5[48;2;206;1;3m55[38;2;189;0;2;48;2;203;1;2m5[38;2;186;0;2;48;2;203;1;3m5[38;2;204;2;2;48;2;183;2;3m~[38;2;79;1;3;48;2;187;0;2m▌[38;2;185;0;1;48;2;198;2;3m5[0m[38;2;101;3;4m▌[38;2;173;0;2;48;2;198;1;3m5[38;2;186;0;1;48;2;202;1;2m5[38;2;188;0;1;48;2;204;1;2m5[0m[38;2;191;2;4m▌[0m [38;2;202;2;2;48;2;186;1;2m~[38;2;188;0;1;48;2;204;1;2m5[38;2;189;0;1m5[38;2;188;0;1;48;2;202;1;1m5[38;2;189;0;1;48;2;203;1;3m5[0m[38;2;200;2;3m▀[38;2;137;6;7m'    [7m[38;2;114;1;3m▌[0m[38;2;153;0;0;48;2;164;2;3m=[0m[38;2;101;4;3m,[38;2;96;3;4m▌[38;2;74;0;2;48;2;177;1;2m▌[0m[38;2;147;4;6m▌[7m[38;2;185;0;1m'[0m[38;2;199;3;5m▌     [0m
    [7m[38;2;145;1;3m▌[0m[38;2;144;3;5;48;2;103;2;3mu[0m [7m[38;2;42;44;35m▌[0m [7m[38;2;83;81;75m~[38;2;86;93;96m▀[38;2;96;95;80m▌[0m[38;2;110;116;113;48;2;72;77;82mP[38;2;96;104;102;48;2;64;71;77mE[0m[38;2;126;138;143m_[38;2;132;143;141;48;2;59;63;65m_[0m [38;2;139;1;3m▀[38;2;120;4;5m▌[7m[38;2;170;1;2m▌[0m[38;2;198;3;7;48;2;148;1;2m_[38;2;191;2;3;48;2;175;1;2mE[38;2;195;2;4;48;2;179;0;1mE[38;2;193;2;2;48;2;156;1;3m▀[38;2;197;1;4;48;2;179;0;2mE[38;2;204;2;3;48;2;182;1;2mz[38;2;196;1;3;48;2;177;1;2m▀[38;2;189;8;10;48;2;138;2;3m_[0m[7m[38;2;77;0;1m▌[0m[38;2;189;1;5;48;2;170;2;2m[[0m[38;2;77;2;3m▌[38;2;189;1;3;48;2;150;0;3m▀[38;2;196;1;4;48;2;179;0;1mE[38;2;198;1;4;48;2;180;0;2mE[38;2;197;1;4;48;2;180;1;2mE[38;2;211;4;8;48;2;155;1;2m_[38;2;202;1;4;48;2;175;0;2mz[38;2;194;2;4;48;2;177;1;1mE[38;2;192;2;3;48;2;174;1;1mE[38;2;188;1;2;48;2;148;2;3m'[0m[38;2;106;4;5m▀      [7m[38;2;90;0;1m▌[0m[38;2;178;2;3;48;2;164;0;1mE[0m[38;2;163;3;4m▌[7m[38;2;146;0;1m▀[0m[38;2;178;3;4;48;2;110;2;2mP[0m[7m[38;2;122;1;2mf[0m[38;2;206;0;1;48;2;223;0;2m▌[0m[38;2;195;3;5m▌     [0m
  [38;2;104;3;4m,[0m [38;2;108;0;2;48;2;159;1;3m▌[38;2;143;0;2;48;2;160;2;4mE[0m[38;2;77;3;3m▌[0m [38;2;101;104;104m\[7m[38;2;110;113;109m▀[38;2;84;93;90mm[38;2;73;91;90m▌[0m[38;2;80;96;85;48;2;58;63;61m|[0m[38;2;37;62;85m'[38;2;122;0;5m-[0m [38;2;99;97;89m▌  [7m[38;2;121;1;2m▌[0m[38;2;124;1;4;48;2;158;2;2m_[38;2;193;2;3;48;2;128;0;2m~[0m[7m[38;2;153;1;4m_[0m[38;2;82;0;1;48;2;160;2;4mm[38;2;171;0;1;48;2;195;2;4mz[38;2;194;4;6;48;2;124;3;4m~[38;2;75;0;1;48;2;187;1;3m▌[38;2;175;2;4;48;2;193;2;2m▀[0m[38;2;89;5;5m,[38;2;86;0;1m▀[38;2;119;1;2;48;2;150;2;3mj[0m[7m[38;2;109;1;3m\[0m[38;2;201;2;4;48;2;139;1;2m~[38;2;167;0;1;48;2;188;2;4mz[38;2;168;0;1;48;2;192;2;3mz[38;2;168;0;2mz[38;2;167;0;1;48;2;189;3;4mz[38;2;179;1;3;48;2;100;3;4m▀[0m[38;2;123;2;3m▀[0m [38;2;93;3;5my      [7m[38;2;171;1;2m▌[0m[38;2;169;1;1;48;2;185;2;2m5[38;2;93;2;3;48;2;155;2;4mj[38;2;164;0;1;48;2;187;2;3mz[0m[38;2;122;3;3m▌[38;2;113;0;3;48;2;169;1;2m'[0m[38;2;185;2;3m▀[0m      [0m
  [7m[38;2;83;1;2m/[38;2;140;1;2m▀[0m[38;2;195;2;2;48;2;155;1;2m=[38;2;195;2;1m=[0m[38;2;150;2;2m▌[0m   [38;2;82;98;102m▀[7m[38;2;91;98;90m▌[0m[38;2;83;91;97;48;2;54;58;57mj[0m[38;2;127;135;132m_[38;2;81;81;77m_[7m[38;2;65;71;65m▀[0m[38;2;54;38;33;48;2;83;88;87m,[0m[38;2;40;59;69m▌ [0m  [38;2;112;4;6mi[7m[38;2;107;1;2m*[38;2;144;1;2mw[0m[38;2;81;3;3;48;2;142;1;2mm[0m[7m[38;2;186;1;2m▀[0m[38;2;220;2;2;48;2;176;1;2m=[38;2;222;1;1;48;2;183;1;1m=[38;2;221;2;2;48;2;167;1;2m=[0m[7m[38;2;194;1;2m▀[38;2;90;0;1m▀[0m[38;2;99;0;1m~[38;2;65;1;2m▀[38;2;99;2;3m▀[38;2;139;3;4m▀[38;2;108;2;3m▀[0m  [38;2;93;2;3m▀[38;2;75;1;2m▀[38;2;139;5;6m'     [7m[38;2;113;1;1m▀[0m[38;2;207;1;2;48;2;168;1;2m=[38;2;180;5;6;48;2;125;2;3m=[38;2;103;2;2;48;2;174;1;2m▀[38;2;208;3;3;48;2;161;1;2m=[0m[38;2;149;2;3m▌[38;2;142;3;5mF[0m       [0m
 [7m[38;2;147;1;3m▌[0m[38;2;151;0;1;48;2;171;1;3mz[38;2;160;0;1;48;2;174;1;3m5[38;2;142;0;0;48;2;168;2;5m=[0m[38;2;118;2;4m▀[0m  [38;2;57;58;62m,[7m[38;2;51;45;36m▌[0m[38;2;61;75;84me[7m[38;2;56;53;42m▌[38;2;80;85;83mm[38;2;73;78;77m,[38;2;61;64;62m;[38;2;88;88;83mZ[0m[38;2;78;77;68;48;2;113;118;111m_[0m[38;2;47;74;94m▌[7m[38;2;97;84;65m▌[0m[38;2;122;119;111;48;2;96;103;106m~[0m [7m[38;2;132;2;4m▀[0m[38;2;160;1;3m▀[38;2;71;0;1;48;2;164;2;4mm[38;2;168;0;1;48;2;192;2;3mz[38;2;172;0;2;48;2;196;2;3mz[38;2;184;0;2;48;2;199;2;3m5[38;2;181;0;2;48;2;203;2;2mz[38;2;183;0;2;48;2;205;2;3mz[38;2;182;0;1;48;2;204;2;3mz[38;2;181;0;2;48;2;200;2;3mz[38;2;176;1;3;48;2;124;2;3m▀[0m[7m[38;2;95;2;3m![0m[38;2;128;3;5m▌[7m[38;2;132;2;3m▀[38;2;110;1;2m▀[0m        [7m[38;2;87;1;1m▀[38;2;175;2;3m▀[0m[38;2;176;1;2;48;2;124;2;3m▀[38;2;80;0;1;48;2;157;3;5mx[38;2;130;0;1;48;2;186;2;4m5[38;2;176;1;2;48;2;190;2;3m5[38;2;167;0;2mz[0m[38;2;170;3;4m▌[38;2;58;4;8m`[0m       [0m
  [38;2;119;0;2m▀[38;2;183;4;6;48;2;130;0;1m=[38;2;154;1;3;48;2;103;2;3m^[0m  [38;2;103;95;89;48;2;63;58;53m▀[38;2;133;132;125;48;2;94;95;100m=[38;2;110;112;114;48;2;56;57;59mn[0m[7m[38;2;90;89;90m▀[0m[38;2;47;51;57m_[38;2;78;80;76m▀[38;2;96;99;95m▀[38;2;78;84;82m▀[38;2;88;98;97m▀[0m  [38;2;108;106;95m_[7m[38;2;59;61;63m▀[0m   [38;2;109;2;4m▀[0m [38;2;88;0;1;48;2;171;1;2m▌[38;2;216;3;5;48;2;173;0;1m=[38;2;221;3;4;48;2;179;0;1m=[38;2;224;3;5;48;2;180;1;2m=[38;2;191;4;4;48;2;141;1;2m=[0m[7m[38;2;102;1;3m-[0m[38;2;176;1;3m▀[38;2;209;3;5;48;2;146;1;2m=[38;2;83;1;3;48;2;160;1;2m▀[0m[38;2;119;2;4mr[7m[38;2;123;1;2m▀[0m[38;2;184;2;4;48;2;127;1;2m.[38;2;101;2;4;48;2;135;1;2m-[0m[7m[38;2;118;2;2m~[38;2;108;1;2m~[38;2;94;1;2m~[38;2;97;1;2m~[38;2;118;1;2mZ[0m[38;2;99;2;3;48;2;139;1;3mw[38;2;183;5;6;48;2;128;1;2m=[38;2;89;1;2;48;2;169;1;1m▀[38;2;205;3;5;48;2;136;1;2m=[0m[38;2;171;1;3m▀[38;2;131;3;4m▀[38;2;161;1;2;48;2;145;1;1ma[38;2;204;3;4;48;2;143;1;2m=[0m[38;2;147;4;7m' [7m[38;2;95;87;83m▌[0m[38;2;114;112;113;48;2;62;59;61mn[0m     [0m
 [38;2;90;1;1m*[0m  [38;2;112;1;3m▀[0m [7m[38;2;66;57;40m▌[0m[38;2;117;112;111;48;2;91;89;88m+[38;2;61;60;57;48;2;112;117;119m▀[0m[38;2;87;92;93mm[38;2;91;96;94;48;2;56;59;59mG[38;2;53;54;53;48;2;104;105;103mm[38;2;70;68;64;48;2;106;109;103mc[38;2;96;95;92;48;2;121;124;119mz[38;2;101;101;97;48;2;117;121;116m5[38;2;97;97;92;48;2;119;126;118mz[38;2;97;99;93;48;2;121;128;121mz[38;2;97;99;95;48;2;121;128;123mz[38;2;85;89;92;48;2;118;124;121m=[38;2;101;111;114;48;2;55;71;82m▀[0m[38;2;36;55;73m'[7m[38;2;81;73;60mP[0m[38;2;88;97;102m▌[7m[38;2;96;3;5m▌[0m[38;2;156;4;5m'[7m[38;2;86;2;5mw[38;2;84;2;5mq[0m[38;2;159;0;0;48;2;199;1;4m=[38;2;166;0;0;48;2;204;1;4m=[48;2;202;2;4m=[38;2;98;1;2;48;2;182;1;3m~[0m[7m[38;2;186;2;3m▀[0m[38;2;132;2;4m~[38;2;177;1;3m▀[38;2;182;1;2;48;2;159;1;2m@[38;2;95;1;2;48;2;186;1;3m▀[0m[7m[38;2;135;2;5m*[38;2;116;2;3mw[0m[38;2;173;2;3m▀[38;2;181;1;3;48;2;95;0;1m▀[38;2;101;0;1;48;2;163;1;3m,[38;2;183;1;3;48;2;136;1;2m▀[38;2;185;1;3;48;2;102;0;0m▀[0m[38;2;185;1;3m▀[38;2;181;1;2m▀[38;2;164;3;3m▀[38;2;137;5;7m'[7m[38;2;160;1;3m▀[0m[38;2;145;0;0;48;2;178;2;3m=[0m[38;2;174;2;3m▀[38;2;135;5;5m' [7m[38;2;94;89;87m▌[38;2;103;108;111m▀[0m[38;2;87;79;68m~[38;2;121;128;130;48;2;85;84;80m~[0m[7m[38;2;93;103;109m▀[0m   [0m
       [7m[38;2;73;1;2m▀[0m[38;2;57;56;54m▀[38;2;92;94;93m▀[38;2;95;96;96mm[38;2;103;109;110;48;2;65;67;65mu[38;2;107;114;118;48;2;56;61;66mn[38;2;83;87;87;48;2;43;50;53mw[38;2;78;83;80;48;2;41;48;52mw[0m[38;2;51;64;70mF[38;2;46;58;63m~[0m  [38;2;91;84;72m_[0m [38;2;109;106;103;48;2;54;48;42m▀[0m[38;2;92;95;99m▌  [38;2;120;1;1m▀[38;2;126;8;8m'[38;2;206;5;4;48;2;168;0;1m=[38;2;215;5;4;48;2;175;0;1m=[38;2;218;6;5;48;2;176;0;2m=[38;2;218;5;5m=[38;2;218;6;5;48;2;175;0;1m=[38;2;215;6;4;48;2;158;1;1m=[0m[7m[38;2;178;1;1m▀[38;2;83;1;2m▀[0m[38;2;140;1;2m▀[38;2;203;4;7;48;2;149;0;1m=[38;2;208;4;6;48;2;161;0;1m=[38;2;82;1;1;48;2;178;1;2m▀[0m[7m[38;2;163;1;1m▀[38;2;118;0;1m▀[38;2;79;0;0m▀[0m [7m[38;2;164;1;4m▀[38;2;172;1;1m▀[38;2;151;2;2m~[0m[38;2;161;1;2m▀[38;2;127;2;2m▀[0m [7m[38;2;91;82;70m~[0m[38;2;144;140;130;48;2;96;91;88m=[0m[7m[38;2;72;75;78m▀[0m [38;2;73;70;65m▀[38;2;111;116;115;48;2;69;71;74mz[0m[38;2;52;63;73m,[7m[38;2;79;76;70m,[0m[38;2;91;97;100;48;2;36;46;55m▌[0m[38;2;91;97;100m  [0m
  [7m[38;2;85;1;3m▌[0m[38;2;161;2;3;48;2;123;2;4m~[0m   [38;2;140;5;8m"          [7m[38;2;113;106;90m▌[0m[38;2;108;99;95;48;2;122;121;117mz[38;2;81;76;80;48;2;106;108;108m=[0m[38;2;37;50;62me[38;2;73;65;57;48;2;120;115;105m=[38;2;88;84;83;48;2;117;114;114m▀[0m[38;2;72;78;82m▌[0m [7m[38;2;166;1;4m▀[0m[38;2;152;0;0;48;2;186;2;4m=[38;2;189;2;3;48;2;126;1;2m▀[38;2;158;0;1;48;2;196;2;3m=[38;2;159;0;1m=[38;2;157;0;1;48;2;192;3;3m=[38;2;186;2;2;48;2;88;2;2m▀[0m[38;2;184;2;2m▀[38;2;148;0;0;48;2;177;2;2m=[0m[38;2;127;2;3m▌[0m [38;2;158;1;3m▀[38;2;191;2;5;48;2;146;1;3m~[38;2;155;0;0;48;2;190;2;3m=[38;2;156;0;0;48;2;194;2;3m=[48;2;193;1;3m=[48;2;191;1;2m=[38;2;154;0;0;48;2;188;2;3m=[38;2;149;0;0;48;2;183;2;3m=[0m[38;2;101;4;4m▌[38;2;84;67;52;48;2;121;107;101m▌[38;2;89;78;80;48;2;128;122;120m=[0m[7m[38;2;109;109;111m▀[0m [38;2;113;110;104m▀[38;2;101;99;94;48;2;112;118;117mz[0m[38;2;90;102;109m+[38;2;58;62;59m,[7m[38;2;79;75;64m▌[0m[38;2;74;73;72;48;2;105;113;113m=[0m [38;2;105;96;83;48;2;110;121;119mn[0m  [0m
   [38;2;53;1;2m`          [7m[38;2;85;77;65m▀[0m[38;2;142;139;127;48;2;82;77;74m=[38;2;141;142;134;48;2;82;78;77m=[38;2;142;142;134;48;2;82;79;78m=[38;2;118;122;123;48;2;91;91;91mz[38;2;128;136;133;48;2;66;66;71m=[0m[38;2;93;101;108m▀[7m[38;2;92;87;74m▌[0m[38;2;142;145;131;48;2;96;94;93m=[38;2;143;144;134;48;2;86;90;96m=[0m[38;2;48;71;99m'[0m [38;2;135;2;3m▀[7m[38;2;147;1;3m▀[0m[38;2;140;1;2;48;2;179;1;2mT[38;2;216;3;7;48;2;168;0;2m=[38;2;173;1;2;48;2;96;2;2m▌[0m[38;2;80;1;0m' [0m [38;2;86;0;2;48;2;147;1;2m'[0m[38;2;99;2;2m▌[0m   [7m[38;2;66;0;0m*[38;2;102;0;1mm[0m[38;2;158;2;2m▀[38;2;173;1;3;48;2;129;1;2m*[38;2;205;3;5;48;2;156;0;1m=[38;2;158;2;2;48;2;68;3;3m▌[0m [38;2;103;92;88m▀[38;2;142;139;128;48;2;92;86;86m=[38;2;140;139;129;48;2;94;90;92m=[38;2;138;140;129;48;2;86;86;88m=[0m[7m[38;2;73;83;90m▀[0m [38;2;48;46;39m▀[38;2;97;99;100m▀[38;2;111;118;114;48;2;62;64;62mz[38;2;99;99;97;48;2;48;52;54mw[38;2;109;113;107;48;2;65;68;67mz[0m[38;2;79;92;100m▀[0m  [0m
             [38;2;62;57;41;48;2;107;109;96m▌[38;2;123;131;124;48;2;67;82;85m~[0m[7m[38;2;90;93;85mm[38;2;86;91;90mw[0m[38;2;110;111;107m▀[38;2;107;114;114;48;2;59;79;93m▌[0m[7m[38;2;96;94;82m▀[38;2;100;100;96m~[0m[38;2;82;77;75;48;2;123;126;117m=[38;2;83;78;75;48;2;124;128;122m=[38;2;115;119;115;48;2;63;79;90m▌[0m [38;2;105;6;7m"[7m[38;2;160;2;4m▌[0m[38;2;204;4;5;48;2;176;1;2m-[38;2;208;2;4;48;2;180;1;2m-[38;2;209;3;4;48;2;175;2;3m-[0m[38;2;128;3;4m▌ [38;2;102;2;4m*[38;2;124;3;3m▀[38;2;83;5;6m'[7m[38;2;150;1;2m▀[0m[38;2;167;2;3;48;2;130;2;3mm[0m[38;2;176;2;2m▀[38;2;176;2;3m▀[38;2;177;2;4m▀[38;2;179;2;2;48;2;77;0;0m▀[38;2;173;2;4;48;2;135;1;3mb[0m[7m[38;2;94;2;3m▀[38;2;161;2;4m▌[0m[38;2;138;6;6m'  [0m [38;2;105;104;98m▀[38;2;97;108;111m▀[7m[38;2;70;72;64m/[38;2;106;110;112m▀[38;2;71;72;70m▀[0m  [7m[38;2;111;110;106m▀[0m[38;2;89;103;106me   [0m
              [7m[38;2;70;67;56mf[0m[38;2;132;143;137;48;2;97;93;86m=[38;2;132;141;139;48;2;95;93;90m=[38;2;43;48;53;48;2;92;98;99m▀[0m [7m[38;2;84;82;72m▀[38;2;64;64;63mq[0m[38;2;91;96;100m▀[7m[38;2;81;83;83mm[0m[38;2;102;103;105m▀[38;2;96;96;95m\[0m   [7m[38;2;111;1;1m▀[38;2;93;0;0m▀[38;2;69;0;0m▀[38;2;81;0;0m▀[38;2;148;1;2m▀[0m[38;2;86;0;2;48;2;156;1;1m▀[38;2;151;0;2;48;2;84;2;2m▀[0m[38;2;114;2;3m▀[7m[38;2;67;57;44m▀[0m[38;2;131;124;113;48;2;81;71;67m=[38;2;141;141;140;48;2;100;86;82m=[38;2;141;140;141;48;2;94;83;80m=[0m[7m[38;2;103;99;99m▀[38;2;74;0;1m▌[0m[38;2;153;1;3;48;2;121;1;2m#[0m        [38;2;96;97;98m▀[38;2;114;127;127;48;2;67;68;67m=[38;2;124;138;139;48;2;73;73;75m=[38;2;122;136;141;48;2;69;69;71m=[0m[38;2;92;99;104m▀[38;2;41;70;100m'   [0m
            [7m[38;2;69;64;54m▀[0m[38;2;55;50;38;48;2;113;111;110m▀[38;2;81;72;72;48;2;121;123;121m=[38;2;82;73;73;48;2;123;125;124m=[38;2;109;103;99;48;2;117;120;120mz[38;2;105;101;97;48;2;109;119;123mz[0m[38;2;32;50;67m▌[38;2;112;112;106m▀[38;2;79;93;100mQ[38;2;89;87;74m▀[38;2;53;67;74m▀[38;2;109;105;93;48;2;49;54;55m▀[0m[38;2;96;110;118m'[38;2;89;100;102m@ [0m [38;2;169;2;2m▀[38;2;172;3;2m▀[38;2;174;2;3m▀[38;2;171;2;3m▀[38;2;161;3;5m▀[38;2;141;7;9m~  [7m[38;2;83;76;68m▌[0m[38;2;84;71;73;48;2;124;121;120m=[38;2;82;72;73;48;2;124;123;123m=[38;2;82;73;72;48;2;125;124;122m=[48;2;125;124;121m=[38;2;80;74;73;48;2;104;107;107m=[38;2;110;6;8;48;2;77;73;78m▀[0m [38;2;63;2;4mv               [0m
         [7m[38;2;83;77;66m▀[38;2;109;104;98m▀[0m[38;2;130;135;129;48;2;92;83;77m=[38;2;130;136;137;48;2;101;94;92m=[38;2;129;138;138;48;2;100;95;93m=[48;2;101;96;94m=[38;2;130;139;139;48;2;100;98;98m=[38;2;118;135;142;48;2;69;72;78m=[0m[38;2;95;111;118m'[38;2;70;81;85m,                [0m [7m[38;2;84;89;85m▀[0m[38;2;46;40;35m~[38;2;103;100;98m▀[38;2;134;139;139;48;2;97;91;88m=[38;2;133;140;139;48;2;103;97;94m=[38;2;134;140;140;48;2;104;97;95m=[38;2;133;141;140;48;2;103;97;96m=[38;2;131;141;139;48;2;90;87;84m=[0m[7m[38;2;110;108;102m▀[38;2;86;87;85m▀[0m[38;2;57;52;48m,[0m             [0m
     [38;2;55;57;51mm[38;2;92;95;89mm[38;2;131;142;136;48;2;83;84;78m-[38;2;132;143;139;48;2;100;103;102m-[38;2;133;142;140;48;2;100;101;104m-[38;2;111;113;114;48;2;85;85;90mE[38;2;111;112;115;48;2;77;78;84mF[38;2;116;114;115;48;2;46;49;57m▀[0m[38;2;117;117;116m▀[38;2;96;105;111m▀[38;2;73;92;107m~ [7m[38;2;63;53;32m▌[0m[38;2;96;84;75;48;2;111;113;110m=[0m[7m[38;2;95;94;90m▀[0m   [38;2;109;108;105m_ [0m       [7m[38;2;72;68;64m▀[0m[38;2;63;71;72m,[0m [38;2;72;65;51;48;2;113;105;101m▀[38;2;139;146;145;48;2;95;105;113m-[0m   [38;2;70;71;68m▀[38;2;115;116;110m▀[38;2;116;118;113m▀[38;2;115;118;114;48;2;83;82;81m▀[38;2;92;83;75;48;2;113;118;116m=[38;2;92;84;76;48;2;114;119;119m=[38;2;92;83;77;48;2;114;119;120m=[38;2;91;83;76;48;2;108;113;113m=[38;2;133;142;138;48;2;79;80;78m-[0m[7m[38;2;80;84;83m~[0m[38;2;83;89;90mm[38;2;92;120;130m-        [0m
            [7m[38;2;117;1;2m~[0m[38;2;128;1;1;48;2;164;2;2mE[0m[38;2;93;2;3m▌  [0m [38;2;140;136;127;48;2;88;78;73m=[38;2;144;141;139;48;2;92;83;80m=[0m[38;2;94;96;101mA[7m[38;2;97;34;29mm[38;2;165;2;3m▀[0m[38;2;72;5;8;48;2;181;2;2m▀[38;2;141;1;2;48;2;180;2;3mE[38;2;143;0;1;48;2;170;3;3m-[38;2;171;2;2;48;2;128;2;2m#[38;2;167;1;2;48;2;115;1;1m#[38;2;165;1;1;48;2;131;1;2m#[38;2;135;0;0;48;2;167;2;2m-[38;2;148;1;1;48;2;173;1;2mE[38;2;105;2;2;48;2;171;1;2m▀[0m[7m[38;2;167;1;2m▀[38;2;96;1;1m▀[0m[38;2;90;78;65m▀[7m[38;2;95;87;87m_[0m[38;2;78;83;95m▀ [0m  [38;2;99;0;4;48;2;152;1;2m'[38;2;162;1;3;48;2;111;2;3mp[0m                  [0m
             [38;2;163;3;3;48;2;75;1;1m▀[38;2;173;3;3;48;2;154;2;2mz[38;2;190;7;5;48;2;133;1;1m_[0m[7m[38;2;143;3;3m~[38;2;164;2;2m▀[38;2;169;3;3m▀[0m[38;2;177;3;4;48;2;107;1;2mm[38;2;205;10;7;48;2;165;3;3m_[38;2;201;9;8;48;2;151;4;3m-[0m[38;2;178;5;5m▀[38;2;117;4;3m▀[38;2;128;8;5m~[0m     [38;2;101;2;2m▀[38;2;171;3;3m▀[38;2;175;3;3;48;2;100;1;2m▀[38;2;177;3;4;48;2;154;1;2mE[38;2;179;2;3;48;2;157;1;2mz[38;2;191;5;5;48;2;127;0;1m_[0m[7m[38;2;162;1;2m▀[38;2;136;1;2m~[0m[38;2;174;2;3;48;2;133;1;1mz[38;2;173;2;3;48;2;154;1;2mz[38;2;164;3;4;48;2;78;2;2m▀[0m[38;2;124;7;6m'                  [0m
               [38;2;122;3;2m▀[38;2;157;3;3m▀[38;2;160;4;3m▀[7m[38;2;144;5;4mw[38;2;156;6;5m-[0m[38;2;74;3;3;48;2;201;8;5m▀[38;2;182;10;7;48;2;113;5;3mg[0m[38;2;173;11;6m'[7m[38;2;196;7;5m▀[0m[38;2;131;3;3;48;2;195;5;4m~[38;2;185;4;4;48;2;211;5;3m▀[38;2;136;4;3m▀[38;2;91;1;1;48;2;208;5;4m▀[38;2;178;2;2;48;2;205;4;3m▀[38;2;174;2;2;48;2;200;3;3m▀[38;2;109;2;2;48;2;194;3;3m▀[0m[38;2;127;3;3m,[38;2;86;0;0;48;2;135;2;2m_[38;2;60;0;1;48;2;180;1;3m▀[38;2;93;1;2;48;2;169;2;3m▀[38;2;72;1;1;48;2;139;2;2mm[0m[38;2;147;0;1m▀[38;2;132;1;1m▀[38;2;128;1;1m▀[38;2;137;4;6m~                    [0m
                   [38;2;179;13;8m▀[38;2;178;15;9m▀[38;2;91;7;5;48;2;193;15;7m▀[38;2;176;8;4;48;2;211;14;7m~[38;2;221;14;6;48;2;212;14;5m5[38;2;222;12;5;48;2;213;12;5m5[38;2;220;12;6;48;2;212;10;4mE[38;2;219;10;6;48;2;210;8;3mE[38;2;217;9;5;48;2;207;6;3mE[38;2;214;7;5;48;2;203;4;3mE[38;2;210;6;5;48;2;197;3;3mE[38;2;204;6;4;48;2;188;2;2mE[38;2;213;10;7;48;2;175;3;2m_[0m[7m[38;2;104;3;3m\[0m[38;2;174;3;4m▀[38;2;146;4;4m▀[0m                         [0m
                    [38;2;82;45;33m,[38;2;176;19;11;48;2;63;21;13m▀[38;2;217;20;12;48;2;168;31;16m▀[38;2;228;20;11;48;2;218;25;13m~[38;2;219;22;12;48;2;227;23;13mz[38;2;222;19;10;48;2;227;22;12m5[38;2;226;16;10;48;2;205;20;11m~[38;2;223;13;8;48;2;200;15;8m~[38;2;207;10;4;48;2;216;14;8m5[38;2;201;8;4;48;2;211;11;8m5[38;2;208;7;6;48;2;183;8;6m~[0m[38;2;185;4;3m▀[38;2;118;6;5m▀                           [0m
