[0m [38;2;0;0;0m                                         [38;2;83;2;4m_                 [0m
 [38;2;0;0;0m                                        [0m [38;2;93;1;2;48;2;144;1;3m~[0m [38;2;0;0;0m           [0m  [38;2;0;0;0m   [0m
 [38;2;0;0;0m                                  [38;2;107;3;3m_[38;2;162;5;5m_[7m[38;2;116;2;2m▀[38;2;115;2;2m▀[38;2;142;2;3m▀[38;2;151;3;3m▀[38;2;138;2;3m_[0m[38;2;116;3;4m▀            [0m [38;2;114;3;4m▌   [0m
 [38;2;0;0;0m                                 [7m[38;2;91;1;3m▌[0m[38;2;125;0;1;48;2;141;2;3m:[38;2;135;1;1;48;2;147;2;2mg[0m[7m[38;2;128;2;3m_[0m[38;2;131;2;2m▀[38;2;110;2;2m▀[0m [38;2;47;1;1m       [0m [38;2;99;3;4m▌     [7m[38;2;72;1;2m▌[0m[38;2;120;0;0;48;2;135;1;3m:[0m[38;2;58;8;6m,  [0m
 [38;2;0;0;0m   [0m [7m[38;2;107;2;3m▀[0m[38;2;33;1;2m                            [7m[38;2;152;2;3m▌[0m[38;2;170;3;4;48;2;147;2;2mz[38;2;168;4;4;48;2;144;3;3mz[0m [38;2;0;0;0m [0m [38;2;0;0;0m      [0m [7m[38;2;112;1;3m▀[0m[38;2;166;7;9;48;2;110;2;3m:[0m[38;2;65;4;5m^   [0m [7m[38;2;114;2;3m~[38;2;132;2;3m_[0m[38;2;167;2;3m▀[0m [38;2;70;3;3m  [0m
 [38;2;0;0;0m   [7m[38;2;122;1;2m▌[0m[38;2;111;3;4m▌                      [38;2;67;0;1m_[0m [38;2;0;0;0m   [0m [38;2;96;0;1;48;2;137;1;2m~[38;2;148;1;2;48;2;160;2;3mz[38;2;147;1;1;48;2;159;2;3mz[0m[38;2;83;3;4m▌ [38;2;53;3;4m)[0m [38;2;0;0;0m    [0m [7m[38;2;114;1;2m`[0m[38;2;126;0;0;48;2;142;2;2m:[0m [38;2;47;0;1m   [0m [7m[38;2;89;2;2m_[0m[38;2;79;1;1m~     [0m
 [38;2;0;0;0m  [0m [7m[38;2;96;2;3m+[0m [38;2;48;4;5m            [0m [38;2;53;2;1m, [0m [38;2;83;3;6mz    [0m [38;2;72;3;5m▌   [0m [7m[38;2;128;1;3m~[0m[38;2;190;3;3;48;2;165;1;2mz[38;2;191;3;3;48;2;166;2;2mz[38;2;190;3;2mz[38;2;195;6;6;48;2;157;2;3m:[0m[7m[38;2;154;2;2m▀[38;2;124;2;2m~[0m[38;2;87;4;4m▌    [0m [38;2;172;3;4;48;2;150;2;3mz[0m[38;2;136;3;4m▌    [0m  [38;2;0;0;0m      [0m
 [38;2;0;0;0m  [7m[38;2;71;1;2m▀[0m[38;2;60;0;0;48;2;109;2;2m:[0m [38;2;0;0;0m             [38;2;63;2;2;48;2;112;1;3m▀[0m  [38;2;51;4;4m     [7m[38;2;82;1;2m▌[0m[38;2;54;0;0;48;2;131;2;2m,[0m[7m[38;2;98;2;3m▀[0m[38;2;15;0;1m  [7m[38;2;142;1;3m▌[0m[38;2;151;1;1;48;2;171;1;2mz[38;2;153;1;2;48;2;174;1;3mz[38;2;156;1;2;48;2;176;1;3mz[48;2;176;2;3mz[38;2;152;1;2;48;2;173;1;3mz[38;2;146;1;1;48;2;165;1;3mq[38;2;144;1;1;48;2;162;1;3mz[0m[38;2;79;3;3m▌ [38;2;77;0;1m_[7m[38;2;108;2;4m▀[0m [7m[38;2;113;1;1m▌[0m[38;2;67;1;2;48;2;132;2;2my[0m [38;2;0;0;0m [0m   [38;2;0;0;0m        [0m
 [38;2;0;0;0m  [7m[38;2;118;2;2m▌[0m[38;2;120;3;4m▌             [0m [38;2;183;7;5;48;2;148;2;3m:[38;2;73;3;3;48;2;141;2;3m"[0m[38;2;90;3;2m▌     [0m [7m[38;2;155;2;3m▌[0m[38;2;154;1;2;48;2;169;2;4mT[0m[7m[38;2;161;1;3m▀[38;2;163;2;2m▀[0m[38;2;158;1;1;48;2;178;2;3mT[38;2;198;4;4;48;2;174;2;3mz[38;2;199;4;4;48;2;175;2;3mz[38;2;200;6;5;48;2;176;2;3mz[38;2;198;5;5;48;2;174;2;3mz[38;2;194;4;7;48;2;169;2;3mz[38;2;202;7;8;48;2;139;2;3m.[38;2;196;5;7;48;2;152;3;4m:[0m[7m[38;2;131;2;3m_[38;2;126;1;2m~[0m[38;2;189;5;5;48;2;148;2;3m:[38;2;188;5;5;48;2;132;3;4m:[0m[38;2;188;5;5m [0m     [7m[38;2;115;2;3m▀[0m  [38;2;0;0;0m       [0m
 [38;2;0;0;0m   [0m  [38;2;23;2;2m  [0m [38;2;29;4;4m   [0m [7m[38;2;100;2;3m▀[0m [38;2;57;4;5m   [0m [38;2;146;1;1;48;2;164;2;4mz[38;2;148;1;1;48;2;169;2;3mz[38;2;170;2;3;48;2;143;3;4m'[0m [38;2;0;0;0m  [0m [7m[38;2;133;1;3m`[38;2;157;1;3m`[0m[38;2;160;1;1;48;2;181;2;3mz[38;2;166;1;1;48;2;187;2;4mz[38;2;171;1;2;48;2;190;2;4mz[48;2;191;2;4mz[38;2;173;1;1;48;2;193;2;3mzz[38;2;172;1;1;48;2;192;3;3mz[38;2;169;1;1;48;2;191;2;3mz[38;2;166;1;1;48;2;188;2;2mz[38;2;163;1;1;48;2;185;2;4mz[38;2;181;2;4;48;2;146;3;3m'[0m  [38;2;143;1;1;48;2;165;2;3mg[38;2;151;1;3;48;2;162;2;2mg[0m[38;2;91;3;3m▌ [38;2;81;1;2m_[7m[38;2;122;3;4m▀[0m  [38;2;82;2;2m▀[0m [38;2;79;2;5m_[38;2;82;3;5;48;2;115;3;5m~[0m[38;2;82;3;5m    [0m  [38;2;59;4;5m [0m
 [38;2;0;0;0m       [38;2;124;3;4mt[38;2;146;7;6m,   [38;2;78;0;1m`[38;2;113;2;3m▀[38;2;80;2;4m<   [38;2;186;4;5;48;2;145;1;3m:[38;2;181;3;4;48;2;161;1;2mz[38;2;137;0;1;48;2;167;3;4m-[0m [38;2;0;0;0m [38;2;93;0;2m_[7m[38;2;161;2;2m▀[0m[38;2;192;2;4;48;2;169;1;2mz[38;2;194;2;4;48;2;172;1;2mz[38;2;198;2;4;48;2;177;1;2mz[38;2;200;3;5;48;2;180;2;3mz[38;2;204;2;4;48;2;183;1;2mz[38;2;204;3;3mzzz[38;2;203;3;3mz[38;2;199;3;3;48;2;180;1;2mz[38;2;195;3;3;48;2;175;1;2mz[38;2;190;3;3;48;2;171;1;2mz[38;2;189;5;5;48;2;129;2;3m:[0m [7m[38;2;84;2;3m▌[0m  [38;2;25;1;2m [7m[38;2;103;1;2m▀[0m[38;2;80;0;0;48;2;155;1;2m~[38;2;178;2;3;48;2;156;1;2mz[0m[38;2;79;3;3m▌[0m  [7m[38;2;86;1;1m▀[0m[38;2;181;3;5;48;2;142;2;3m:[0m[38;2;132;3;4m▌   [38;2;81;1;2my[7m[38;2;130;2;3m~[0m [38;2;51;2;2m [0m
 [38;2;0;0;0m [0m  [38;2;35;3;4m  [0m [38;2;0;0;0m [7m[38;2;81;1;1m▌[0m[38;2;105;3;2;48;2;136;2;3m"[0m[7m[38;2;99;1;2m▀[0m[38;2;62;4;5m,      [7m[38;2;153;2;3m▌[0m[38;2;199;2;5;48;2;167;1;2m-[38;2;202;3;6;48;2;171;1;3m-[38;2;185;2;3;48;2;145;3;4m'[0m[7m[38;2;127;2;6m▌[0m [38;2;91;0;2;48;2;186;2;4m▌[38;2;220;2;4;48;2;189;2;3m_[38;2;223;1;2;48;2;191;1;3m_[38;2;224;3;4;48;2;193;2;2m_[38;2;223;3;6;48;2;193;1;2m_[38;2;222;5;3;48;2;193;2;3m-[38;2;221;4;3;48;2;193;1;2m-[38;2;222;5;3;48;2;193;2;2m-[38;2;220;6;3;48;2;192;2;2m-[38;2;220;5;3m--[38;2;219;3;3;48;2;188;2;2m-[38;2;214;5;3;48;2;183;2;3m-[38;2;75;0;0;48;2;169;2;3m,[0m[38;2;149;3;3m▌[38;2;52;3;4m+[7m[38;2;87;5;6m▌[0m[38;2;26;0;1m  [7m[38;2;121;1;3m▌[0m[38;2;167;2;2;48;2;185;2;3m▀[38;2;207;3;3;48;2;175;2;2m_[38;2;207;3;5;48;2;172;2;2m-[0m[38;2;149;3;5m▌ [7m[38;2;93;1;3m▌[0m[38;2;141;0;0;48;2;159;2;2m:[38;2;191;4;5;48;2;158;2;3m-[0m [38;2;43;4;5m   [38;2;160;2;4;48;2;137;1;2m'[38;2;170;3;3;48;2;134;3;3m'[0m[38;2;170;3;3m  [0m
 [38;2;0;0;0m  [38;2;90;3;4m^[38;2;109;7;8m,[0m [38;2;88;3;4m▌ [0m [7m[38;2;133;1;2m▌[0m[38;2;133;0;0;48;2;161;1;2m-[38;2;71;2;3;48;2;130;2;3m"[0m [38;2;0;0;0m    [0m [38;2;118;1;3m~[38;2;117;1;1m~[38;2;187;4;6;48;2;157;1;2m:[38;2;189;4;4;48;2;163;2;3m:[38;2;90;0;3;48;2;158;2;4m~[0m[38;2;93;2;2m▌[38;2;105;0;1;48;2;149;1;2m^[38;2;164;0;0;48;2;195;2;2m_[38;2;166;0;3;48;2;199;2;2m_[38;2;169;0;1;48;2;201;2;2m_[38;2;167;0;2;48;2;198;2;3m_[38;2;166;0;2;48;2;196;2;3m_[38;2;163;0;0;48;2;193;2;3m-[38;2;157;0;0;48;2;190;2;3m_[38;2;76;0;1;48;2;167;2;3m_[38;2;156;0;1;48;2;190;2;3m_[38;2;155;0;1m_[38;2;155;0;0;48;2;187;2;3m-[38;2;151;0;0;48;2;182;2;3m-[0m[7m[38;2;133;3;4m+[38;2;168;1;2m▀[0m[38;2;69;1;1;48;2;144;2;3m~[0m[7m[38;2;113;2;2m▀[0m[38;2;128;0;0m_[7m[38;2;141;1;4m~[0m[38;2;147;0;0;48;2;177;2;3m_[38;2;149;0;1;48;2;180;2;3m-[38;2;150;0;1m-[38;2;148;0;1;48;2;177;2;2m-[0m[38;2;163;3;3m▌ [7m[38;2;71;0;2m▌[0m[38;2;131;0;1;48;2;161;1;2m_[0m[7m[38;2;123;3;3my[0m [38;2;61;2;3m,  [7m[38;2;151;1;2m▌[0m[38;2;164;2;2m▌  [0m
 [38;2;0;0;0m  [0m [7m[38;2;105;2;4m▌[38;2;90;3;4m▀[0m[38;2;118;2;4m▀[7m[38;2;141;3;5m▀[0m  [38;2;148;1;2;48;2;160;2;4mz[38;2;150;1;2;48;2;163;3;4mb[0m [38;2;0;0;0m [7m[38;2;77;1;3m▌[0m [38;2;0;0;0m [0m [7m[38;2;83;2;3m▀[0m[38;2;63;4;7m~[7m[38;2;176;2;3m▌[0m[38;2;171;1;1;48;2;185;3;3mz[38;2;172;1;2;48;2;187;3;3mb[38;2;173;1;1;48;2;190;3;4mz[38;2;176;1;1;48;2;193;3;5mz[38;2;178;1;1;48;2;195;2;3mz[38;2;179;1;1;48;2;197;2;4mz[38;2;178;1;1;48;2;196;2;3mz[38;2;177;1;1;48;2;195;2;4mz[48;2;194;3;4mz[0m[7m[38;2;170;3;3m_[0m[38;2;136;3;4m▀[7m[38;2;182;2;3m▌[0m[38;2;87;6;9;48;2;170;2;3m_[0m[38;2;168;2;3m▀[7m[38;2;137;2;3mm[38;2;154;3;4mr[38;2;122;4;5m1[0m[38;2;173;1;2;48;2;185;2;4mb[48;2;188;2;4md[38;2;172;1;2;48;2;187;2;3md[38;2;171;1;1;48;2;186;2;3md[38;2;171;0;1;48;2;184;3;4mc[0m[7m[38;2;91;2;4mz[0m[38;2;168;0;2;48;2;183;2;4mc[38;2;169;1;1;48;2;184;2;4mz[38;2;167;1;2;48;2;182;2;4md[38;2;101;3;3;48;2;128;3;3m"[0m[38;2;101;3;3m [38;2;154;2;4m_[38;2;120;2;5m▌[0m [38;2;0;0;0m [38;2;67;2;2;48;2;131;3;4m▀[0m [38;2;27;3;3m [0m [38;2;153;2;3m▌  [0m
 [38;2;0;0;0m   [0m [38;2;164;3;4;48;2;133;1;2m:[0m[7m[38;2;128;2;2m~[0m[38;2;174;4;4;48;2;137;1;2m.[38;2;61;0;1;48;2;124;2;4m_[0m [38;2;107;1;2m▀[38;2;172;3;2;48;2;154;1;2m:[0m[38;2;101;4;4m▌ [7m[38;2;109;1;3m▌[38;2;126;1;2m▀[38;2;110;1;2m▀[38;2;139;1;3m`[0m[38;2;178;5;5;48;2;124;2;3m:[0m [38;2;195;3;3;48;2;170;1;3m:[38;2;150;0;0;48;2;184;1;3m_[38;2;152;0;0;48;2;186;1;3m_[38;2;136;0;4;48;2;187;2;3m_[38;2;154;0;0m_[38;2;183;9;6;48;2;162;2;3m:[38;2;199;3;4;48;2;180;1;3m:[38;2;154;0;0;48;2;187;2;2m-[38;2;183;2;4;48;2;79;2;3m▀[0m[7m[38;2;121;2;3m=[38;2;183;1;2m▀[0m[38;2;202;3;5;48;2;167;2;4m:[38;2;132;3;5;48;2;61;2;2m▀[0m[7m[38;2;161;1;3m▀[0m[38;2;141;1;4;48;2;176;1;3m'[38;2;157;0;0;48;2;189;1;3m-[38;2;201;3;3;48;2;181;3;3m:[0m[7m[38;2;133;2;4m'[0m[38;2;157;0;0;48;2;190;2;3m-[38;2;156;0;0;48;2;190;1;3m-[38;2;155;0;0;48;2;189;1;3m-[38;2;200;3;6;48;2;173;2;3m:[0m[38;2;129;3;4m▀[0m [38;2;76;3;4;48;2;152;1;3m,[38;2;149;0;1;48;2;184;2;3m-[38;2;142;0;1;48;2;175;2;3m-[0m[7m[38;2;125;3;3m_[38;2;146;1;3m▀[0m[38;2;178;4;7;48;2;127;2;4m:[0m [7m[38;2;79;2;3m▀[0m [38;2;136;0;0;48;2;161;1;3m-[0m[7m[38;2;127;2;3m`[0m [38;2;0;0;0m [7m[38;2;110;5;6m▌[0m[38;2;61;0;1m  [0m
[7m[38;2;102;2;3m▀[38;2;106;4;4m▀[0m[38;2;23;0;0m   [7m[38;2;98;1;3m▌[0m[38;2;175;3;5;48;2;155;2;3m'[38;2;176;3;5;48;2;162;2;4m'[0m[38;2;158;3;5m▌[38;2;84;2;4m▀[0m [7m[38;2;104;1;3m▌[0m[38;2;178;1;6;48;2;135;4;4m,[0m[38;2;178;1;6m [0m [7m[38;2;135;2;3m▌[0m[38;2;164;2;3;48;2;173;2;3m^[38;2;170;2;3;48;2;178;2;3m^[38;2;194;3;5;48;2;180;2;3m,[0m[7m[38;2;128;2;3m^[0m[38;2;81;0;1;48;2;161;2;3m,[38;2;182;3;3;48;2;189;2;4m^[38;2;201;4;4;48;2;187;2;3m'[0m[38;2;109;3;4m▌[38;2;140;2;3m▀[7m[38;2;108;3;4m_[0m[38;2;143;6;8m_[38;2;201;2;4;48;2;178;2;4m'[0m[7m[38;2;133;2;4m[[0m[38;2;205;3;3;48;2;193;2;3m,[38;2;189;2;3;48;2;197;2;3m^[38;2;208;4;3;48;2;194;3;3m,[0m[7m[38;2;148;2;3m^[0m[38;2;189;3;3;48;2;195;3;3m^[38;2;206;3;5;48;2;193;2;3m'[38;2;208;3;5;48;2;194;2;4m'[38;2;147;4;6;48;2;75;3;4m▌[38;2;204;2;2;48;2;172;1;3m,[38;2;205;3;4;48;2;184;2;4m'[38;2;75;0;1;48;2;178;2;4m,[38;2;187;2;3;48;2;197;2;3m^[38;2;209;3;4;48;2;188;2;3m,[38;2;207;3;3;48;2;182;2;2m,[38;2;205;2;3;48;2;185;3;3m,[38;2;96;2;3;48;2;168;2;2m"[38;2;182;2;5;48;2;190;2;3m^[38;2;178;3;3;48;2;186;2;3m^[0m[38;2;166;2;4m▌[38;2;187;3;8;48;2;136;1;3m'[0m[38;2;175;2;4m▌[0m [38;2;184;3;7;48;2;168;2;4m'[0m[7m[38;2;156;2;2m`[0m[38;2;163;3;3;48;2;172;2;3m^[0m[7m[38;2;133;3;4m_[0m  [38;2;94;3;4m▀[0m [38;2;0;0;0m [0m
 [38;2;74;0;1m` [0m [38;2;12;0;0m  [38;2;109;1;2m`[38;2;93;2;3m▀[0m [7m[38;2;83;74;64m▀[38;2;53;55;59m▀[0m[38;2;96;97;88mg[38;2;137;2;1m"[7m[38;2;60;51;37m▌[38;2;117;106;107m▀[38;2;76;76;85m▀[0m[38;2;80;2;2;48;2;138;1;2m,[38;2;181;2;4;48;2;166;1;2mc[38;2;187;2;3;48;2;171;1;2mc[38;2;193;3;4;48;2;175;1;3mc[38;2;62;0;2;48;2;156;2;3m'[38;2;102;0;1;48;2;166;1;2m-[38;2;194;3;2;48;2;177;1;2mc[38;2;80;2;2;48;2;168;2;3m▀[0m[38;2;158;0;0m_[0m [38;2;191;4;5;48;2;146;1;2m:[38;2;138;0;1;48;2;168;2;3m'[38;2;144;0;1;48;2;181;1;4m~[38;2;197;3;3;48;2;182;1;3mc[38;2;200;3;3;48;2;184;1;2mc[38;2;200;2;3;48;2;185;1;3mc[38;2;199;2;3mc[38;2;198;3;3;48;2;183;1;3mc[38;2;197;3;2;48;2;180;1;2mc[0m[7m[38;2;132;2;3mv[38;2;138;2;3m'[0m[38;2;118;3;3m▀[38;2;80;1;2;48;2;184;2;4m▀[38;2;153;0;1;48;2;184;1;3m'[38;2;203;2;3;48;2;187;1;2mc[38;2;201;2;3;48;2;185;1;2mc[38;2;199;2;3;48;2;182;1;2mc[38;2;197;3;3;48;2;180;1;2mc[38;2;194;3;3;48;2;177;1;2mc[38;2;191;3;2;48;2;174;1;2mc[38;2;188;2;2;48;2;173;1;2mc[38;2;189;3;4;48;2;166;2;3m:[0m[7m[38;2;137;1;3m▌[0m[38;2;163;2;4m▌[0m [38;2;178;3;4;48;2;146;1;3m:[38;2;73;0;1;48;2;148;2;3m_[0m[38;2;81;2;2m▀[0m [38;2;0;0;0m     [0m
 [38;2;0;0;0m  [38;2;124;3;5mz   [38;2;122;109;86m_[7m[38;2;111;110;102m▀[0m[38;2;140;146;146;48;2;113;110;106m-[38;2;141;144;147;48;2;114;109;108m-[38;2;138;142;146;48;2;112;108;107m-[0m[7m[38;2;88;89;92m`[0m[38;2;74;61;44;48;2;101;96;91m^[38;2;141;143;144;48;2;117;109;108m-[38;2;135;125;120;48;2;117;111;112m=[0m[7m[38;2;100;30;38m)[0m[38;2;195;2;3;48;2;181;2;3m'[38;2;94;5;7;48;2;141;2;5m_[38;2;204;3;6;48;2;191;2;3m'[38;2;207;3;5;48;2;178;3;4m'[38;2;159;0;2;48;2;186;2;2m,[38;2;191;2;2;48;2;200;2;3m^[38;2;189;2;2m^[38;2;187;3;3;48;2;199;2;3m^[38;2;86;7;6;48;2;146;3;4m"[38;2;172;1;2;48;2;193;2;4mW[38;2;185;3;2;48;2;196;3;3m^[38;2;187;3;2;48;2;197;2;3m^[38;2;190;2;3;48;2;201;2;3m^[38;2;210;4;4;48;2;188;3;4m'[38;2;207;6;5;48;2;165;2;4m'[38;2;192;3;1;48;2;202;2;3m^[38;2;190;3;2;48;2;200;2;3m^[38;2;209;2;3;48;2;147;3;4m'[0m[38;2;116;4;5m~[7m[38;2;162;2;3m▀[0m[38;2;208;3;4;48;2;181;2;3m,[38;2;190;3;3;48;2;199;2;3m^[38;2;190;2;3;48;2;200;2;3m^[38;2;191;2;3;48;2;201;2;3m^[38;2;190;3;3;48;2;202;2;3m^[38;2;211;4;5;48;2;193;3;3m,[0m[38;2;192;2;3m▀[38;2;129;4;4m▀[38;2;177;7;8m~[38;2;123;2;4m▀[38;2;68;1;3;48;2;158;2;4m,[0m[38;2;161;4;6m▌[38;2;67;0;0;48;2;123;3;5m,[0m [38;2;195;2;3;48;2;176;2;4m'[0m[38;2;100;6;7m▌[7m[38;2;130;4;4m▀[0m[38;2;23;1;1m      [0m
 [38;2;0;0;0m  [7m[38;2;128;2;2m▌[38;2;65;2;2m▀[0m [38;2;56;0;0m [38;2;86;82;72m▀[38;2;73;86;92m▀[38;2;46;61;72m~[38;2;67;81;93m`[38;2;87;101;113m`[7m[38;2;46;47;46ms[38;2;88;90;86m=[38;2;89;91;90m_[38;2;96;100;100m-[38;2;118;1;3m▌[0m[38;2;176;2;3;48;2;163;1;2m^[0m[38;2;98;3;4m▌[38;2;146;0;2;48;2;170;1;3m,[0m[38;2;174;3;4m▌[38;2;168;1;3;48;2;151;1;2m:[38;2;197;2;2;48;2;184;1;2mM[48;2;184;1;1mM[38;2;167;1;1;48;2;188;1;2m,,,[38;2;168;1;1;48;2;175;2;3m,[0m[7m[38;2;135;1;3mr[0m[38;2;176;0;2;48;2;189;1;3mg[0m[7m[38;2;83;2;3mj[0m[38;2;166;0;0;48;2;178;2;4m,[38;2;166;1;2;48;2;187;1;3m,[38;2;167;1;1m,[38;2;82;1;2;48;2;138;2;3m"[0m[7m[38;2;112;1;3m▌[0m[38;2;149;0;2;48;2;186;1;2m_[38;2;197;2;2;48;2;184;1;2mM[38;2;197;1;2;48;2;183;1;1mM[38;2;195;2;2;48;2;181;1;1mM[38;2;198;1;2;48;2;185;1;2mM[0m[38;2;197;2;3m▀[38;2;116;4;1m`    [7m[38;2;108;1;3m▌[0m[38;2;149;0;1;48;2;161;2;3m,[0m[38;2;74;3;3m▌[0m [38;2;158;1;2;48;2;147;1;3m'[0m[38;2;58;5;4mL[38;2;182;1;4;48;2;196;2;4m~[0m [38;2;65;5;3m     [0m
  [38;2;48;4;6m [0m [38;2;166;1;4;48;2;139;3;3m:[38;2;163;4;6;48;2;119;3;4m'[0m  [38;2;96;71;33m`[7m[38;2;82;82;74m~[38;2;96;107;108m▀[38;2;104;103;85m▌[0m[38;2;124;125;117;48;2;94;99;99m'[38;2;124;126;119;48;2;78;88;89m'[0m[7m[38;2;73;76;74m▀[38;2;81;84;82m=[0m [38;2;143;2;4m▀[38;2;109;4;6m▌[7m[38;2;179;2;5m▌[0m[38;2;90;4;5;48;2;167;2;4m"[38;2;205;2;5;48;2;189;2;4m'[38;2;185;1;2;48;2;194;2;4m^[38;2;195;2;4;48;2;164;3;5m▌[38;2;213;3;4;48;2;194;2;4m'[38;2;211;3;5;48;2;195;2;4m'[38;2;210;3;6m'[38;2;208;3;3;48;2;145;4;4m,[0m[38;2;124;0;3m`[38;2;208;3;4;48;2;182;2;3m'[0m[38;2;94;6;7m,[38;2;206;3;6;48;2;182;2;4m'[38;2;187;1;3;48;2;196;2;3m^[38;2;210;4;3;48;2;195;2;3m'[38;2;211;3;4;48;2;196;2;3m'[38;2;188;2;3;48;2;196;2;2m^[38;2;211;4;6;48;2;196;2;3m'[38;2;209;3;5;48;2;194;2;3m'[38;2;206;3;4;48;2;191;2;3m'[0m[7m[38;2;164;3;4m_[0m[38;2;103;5;5m▀      [7m[38;2;109;1;3m▌[0m[38;2;169;2;4;48;2;180;2;4m^[38;2;194;3;4;48;2;140;3;3m,[0m[7m[38;2;121;1;2m▀[0m[38;2;203;3;3;48;2;173;3;4m,[0m[7m[38;2;75;3;2m$[0m[38;2;223;0;1;48;2;216;0;2m,[0m[38;2;200;5;7m▌     [0m
  [38;2;88;3;4m▌[38;2;60;0;2m_[0m [38;2;132;0;0;48;2;150;1;4m=[0m  [7m[38;2;66;67;62m_[38;2;102;104;97m▀[38;2;67;79;75m=[38;2;72;89;90m▌[38;2;60;70;68m`[0m [38;2;82;1;2mn[38;2;52;48;42m`[38;2;95;96;86m▌  [7m[38;2;122;1;4m▌[38;2;163;1;3m_[38;2;157;2;4m_[0m[38;2;179;1;2;48;2;77;2;3m▀[0m[7m[38;2;131;1;3m*[0m[38;2;196;2;5;48;2;181;1;3m^[0m[7m[38;2;139;3;5m_[0m[38;2;72;0;2;48;2;184;1;3m▌[38;2;167;0;1;48;2;178;2;3m:[0m[38;2;77;2;2m_[38;2;88;1;2m▀[7m[38;2;138;2;4m_[38;2;102;1;3m=[38;2;161;2;3m_[0m[38;2;144;0;6;48;2;178;2;2m_[38;2;187;3;2;48;2;177;1;2mM[38;2;189;2;2;48;2;178;1;2mM[38;2;169;1;2;48;2;182;2;3mg[0m[7m[38;2;154;2;3m_[0m[38;2;119;2;3m▀[0m [38;2;85;2;3m▌      [7m[38;2;167;1;4m▌[0m[38;2;181;2;3;48;2;171;1;3mM[38;2;68;0;2;48;2;150;2;5mj[38;2;185;2;4;48;2;174;1;3mM[38;2;141;2;3;48;2;71;3;3m▌[0m[7m[38;2;153;0;3m▌[0m[38;2;219;0;0;48;2;199;1;3m'[0m[38;2;96;4;5m▌     [0m
 [38;2;90;2;3my[7m[38;2;102;1;3m▌[0m[38;2;146;3;4m▌[7m[38;2;154;2;3m▌[0m[38;2;152;1;2;48;2;168;2;3mR[0m[38;2;155;3;4m▌[0m  [38;2;96;98;87m~[38;2;87;105;104m▀[7m[38;2;94;103;93m▌[0m[38;2;41;42;43;48;2;76;83;84mK[0m[7m[38;2;62;62;59m▀[0m[38;2;133;148;141m_[7m[38;2;59;67;63m▀[0m[38;2;65;63;54;48;2;87;93;91mV[0m[38;2;39;67;80mr[0m  [38;2;40;40;35m [38;2;97;6;8ms[7m[38;2;103;2;3m=[38;2;137;3;4m-[38;2;140;3;3m=[38;2;178;2;4m▀[0m[38;2;175;1;2;48;2;191;2;4mT[38;2;181;1;2;48;2;198;2;3mR[38;2;214;1;2;48;2;175;2;3m:[0m[7m[38;2;191;1;3m▀[0m[38;2;204;5;4m_[38;2;134;5;6m~[38;2;131;5;5m~[38;2;83;1;1m▀[38;2;129;2;3m▀[38;2;103;2;2m▀[38;2;167;16;17m`[0m [38;2;105;3;4m▀[38;2;83;2;3m▀[38;2;143;16;20m`     [7m[38;2;117;2;4m▀[0m[38;2;190;4;4;48;2;171;3;4mg[38;2;85;4;4;48;2;152;4;5my[0m[7m[38;2;146;2;3m'[0m[38;2;198;2;4;48;2;171;2;3m:[0m[38;2;147;3;4m▌[38;2;139;3;4m▀[38;2;108;10;11m`      [0m
 [7m[38;2;140;1;2m▌[0m[38;2;67;0;0;48;2;149;1;2m'[38;2;167;2;3;48;2;160;1;2mM[38;2;169;2;3;48;2;159;1;2mM[0m[38;2;147;2;4m▀[0m [38;2;55;45;32my[38;2;52;49;48m_[0m [38;2;57;70;73m▌[7m[38;2;53;52;40m▌[38;2;73;76;76m=[0m[38;2;84;91;91m▀[38;2;84;88;89m=[7m[38;2;63;64;60mL[0m[38;2;88;91;80;48;2;105;111;104m,[0m[38;2;43;72;92m▌[7m[38;2;95;83;63m▌[0m[38;2;32;42;48;48;2;99;105;106m_[0m [7m[38;2;127;2;2m▀[0m[38;2;158;2;4m▀[7m[38;2;137;2;4mr[0m[38;2;186;1;3;48;2;177;1;2m7[38;2;189;2;4;48;2;181;1;3mM[38;2;193;2;3;48;2;185;1;2mM[38;2;196;3;4;48;2;188;2;2mM[38;2;197;2;4;48;2;189;2;2mM[38;2;197;2;3;48;2;189;1;3mM[38;2;172;1;1;48;2;194;1;2mz[38;2;113;1;1;48;2;148;2;3m{[0m[38;2;119;4;6mL[38;2;145;1;3;48;2;78;2;2m=[0m[7m[38;2;130;1;4m▀[38;2;106;2;3m▀[0m[38;2;124;2;4m_      [0m [38;2;163;0;3m_[7m[38;2;169;1;3m▀[38;2;157;2;3m_[38;2;134;2;4mr[0m[38;2;101;0;2;48;2;166;1;2m~[38;2;182;2;3;48;2;173;1;3mM[38;2;181;2;3;48;2;172;1;2mM[0m[38;2;163;3;4m▌[0m [38;2;53;40;31m_[0m [38;2;0;0;0m     [0m
 [38;2;81;1;1m~[38;2;167;2;3;48;2;72;1;3m▀[38;2;185;4;4;48;2;161;2;3m.[0m[7m[38;2;129;3;4my[0m  [7m[38;2;97;90;82m_[0m[38;2;121;129;131;48;2;109;112;114m'[0m[7m[38;2;109;113;116m▀[38;2;93;96;97m▀[0m[38;2;106;115;118m_[38;2;90;90;85m▀[38;2;105;107;101m▀[38;2;113;130;128m=[38;2;95;100;95m▀[38;2;86;84;68m_[38;2;116;122;116m_[38;2;120;129;133m_[7m[38;2;59;63;64m▀[0m   [38;2;110;2;3m▀[38;2;132;3;4m~[38;2;115;2;3;48;2;148;2;3mr[38;2;209;3;5;48;2;187;2;3mz[38;2;212;3;5;48;2;191;2;3mz[38;2;214;3;5;48;2;193;2;4mz[38;2;90;1;2;48;2;177;4;5m7[0m[7m[38;2;126;3;5m=[0m[38;2;189;2;3;48;2;78;1;3m▀[38;2;86;3;8;48;2;166;2;4m`[38;2;106;3;4;48;2;137;3;4mY[0m[7m[38;2;91;2;3m~[38;2;112;2;4m_[38;2;149;2;2m=[38;2;143;2;3m-[38;2;126;3;4m~[38;2;124;2;4m~[38;2;113;3;3m~[38;2;111;3;3m~[38;2;115;2;3m`[0m[38;2;88;4;5;48;2;155;3;4m-[0m[7m[38;2;161;2;3m=[0m[38;2;86;3;5;48;2;146;2;4m^[38;2;96;1;3;48;2;167;2;3m~[0m[7m[38;2;157;3;5m_[0m[38;2;147;4;4m▀[38;2;95;0;1;48;2;157;2;3m^[38;2;203;5;8;48;2;160;2;4m:[0m[38;2;70;5;6m^ [38;2;55;45;32;48;2;99;93;88m▌[0m[7m[38;2;90;90;90m~[0m[38;2;85;99;110m_    [0m
 [7m[38;2;76;2;3m▀[0m [38;2;63;1;4m"[38;2;106;2;4m▀[0m [7m[38;2;64;55;38m▌[38;2;100;98;96m_[38;2;88;90;90m~[38;2;62;65;67m_[38;2;75;75;72m_[38;2;90;93;92m-[38;2;91;91;87m,[0m[38;2;117;119;117;48;2;105;104;99mC[38;2;117;120;117;48;2;103;103;97mC[38;2;102;99;80;48;2;108;110;103m'[38;2;118;126;119;48;2;106;109;102mM[38;2;119;126;120;48;2;106;109;104mM[38;2;118;124;121;48;2;102;107;106mM[0m[7m[38;2;81;94;101m_[0m [7m[38;2;78;71;58m▌[0m[38;2;85;96;100m▌[7m[38;2;86;2;5m▌[0m[38;2;120;9;10m'[38;2;109;0;4m_[7m[38;2;78;2;4m$[0m[38;2;176;0;2;48;2;194;2;4mg[38;2;181;0;2;48;2;200;1;3mg[38;2;180;0;1;48;2;199;1;3mz[0m[7m[38;2;179;1;3m`[38;2;180;2;4m▀[0m[38;2;112;1;4m~[38;2;176;2;3m▀[38;2;89;0;0;48;2;170;1;2m,[0m[7m[38;2;148;2;3m~[38;2;137;2;5m▀[0m[38;2;134;2;2m▀[38;2;173;2;2m▀[7m[38;2;155;2;3m_[38;2;170;2;3m_[38;2;171;2;3m_[38;2;156;2;3m_[0m[38;2;180;2;2m▀[38;2;179;1;3m▀[38;2;166;2;3m▀[38;2;127;0;4m_[7m[38;2;159;1;3m▀[0m[38;2;146;0;0;48;2;164;2;4m:[0m[38;2;169;2;3m▀[38;2;70;2;3m~ [7m[38;2;93;87;82m▌[38;2;97;97;100m▀[0m[38;2;70;55;46m~[7m[38;2;97;95;92m_[38;2;86;97;100m▀[0m [38;2;0;0;0m  [0m
 [38;2;0;0;0m [0m [38;2;135;3;4m_[0m  [7m[38;2;64;2;3m▌[0m[38;2;77;3;4my[38;2;64;65;62m▀[38;2;102;103;101m▀[38;2;123;129;131m=[38;2;26;37;42;48;2;89;91;88m_[0m[7m[38;2;83;89;92m_[38;2;78;86;87m_[38;2;76;83;84m_[0m[38;2;72;82;83m▀[38;2;132;151;144m`[38;2;109;128;141m`[0m [38;2;117;127;130m_[0m [7m[38;2;96;92;84m_[0m[38;2;97;104;110m▌[0m [38;2;0;0;0m [38;2;132;2;4m▀[0m [38;2;201;4;4;48;2;178;2;4mz[38;2;206;3;5;48;2;185;1;4mz[38;2;208;4;5;48;2;187;2;4mz[38;2;208;4;4;48;2;187;1;4mz[38;2;207;4;5;48;2;186;1;4mz[38;2;219;5;5;48;2;172;3;3m:[0m[7m[38;2;177;2;2m▀[0m[38;2;157;3;4m_[38;2;149;2;3m▀[38;2;128;4;7;48;2;169;2;4m,[38;2;212;6;5;48;2;179;3;5m:[0m[7m[38;2;149;2;4m~[38;2;164;1;3m▀[38;2;129;1;2m▀[0m[38;2;177;2;5m_[38;2;169;1;5m_[7m[38;2;167;2;3m▀[38;2;173;2;3m▀[38;2;151;2;3m~[0m[38;2;177;2;5m▀[38;2;104;93;80;48;2;77;6;7m_[0m[38;2;134;13;18m`[7m[38;2;92;83;71m~[0m[38;2;142;137;130;48;2;113;109;105m:[0m[7m[38;2;79;85;91m▀[0m [38;2;84;81;72m▀[38;2;56;69;80;48;2;93;96;96m"[0m[38;2;61;78;91m_[38;2;107;105;99;48;2;52;48;40m▀[0m[38;2;96;106;111m▌[0m [38;2;0;0;0m [0m
 [38;2;0;0;0m [38;2;61;2;5m"[7m[38;2;127;1;3m,[0m[38;2;84;4;5m▌  [38;2;94;4;4m]          [7m[38;2;108;100;85m▌[0m[38;2;95;91;91;48;2;118;113;110mz[38;2;32;34;35;48;2;100;101;101m`[0m[38;2;33;48;58mr[38;2;83;78;77;48;2;108;101;90m:[0m[7m[38;2;105;101;100m`[0m[38;2;72;81;86m▌[38;2;80;1;3m_[7m[38;2;175;2;4m▀[0m[38;2;155;0;0;48;2;179;2;4m:[0m[7m[38;2;168;2;3m,[0m[38;2;173;1;1;48;2;195;2;4mz[38;2;172;1;1mz[38;2;169;1;2;48;2;188;3;3mq[0m[7m[38;2;153;2;3m_[0m[38;2;175;1;2m▀[38;2;149;0;1;48;2;172;2;3m:[0m[38;2;125;3;4m▌[0m [38;2;157;2;3m▀[7m[38;2;166;2;3m_[0m[38;2;167;1;1;48;2;189;2;4mz[38;2;166;1;1;48;2;192;2;3mz[38;2;167;1;1;48;2;191;2;3mz[38;2;166;1;1;48;2;189;2;3mz[38;2;162;1;1;48;2;185;2;3mz[38;2;159;1;1;48;2;179;2;3mz[0m[38;2;140;9;9m'[7m[38;2;103;88;75m`[0m[38;2;101;91;93;48;2;123;113;110mz[0m[7m[38;2;111;109;109m▀[0m[38;2;60;65;66m_[38;2;104;100;96m▀[38;2;89;87;88;48;2;108;110;107mz[0m[38;2;68;81;86m▌[38;2;103;100;92m_[7m[38;2;76;70;60m▌[0m[38;2;80;74;74;48;2;96;100;101m:[0m [38;2;96;93;82;48;2;107;113;106mm[0m [38;2;0;0;0m [0m
 [38;2;0;0;0m  [0m  [38;2;0;0;0m        [0m [7m[38;2;92;88;75m▀[38;2;102;98;92m`[38;2;101;99;96m`[38;2;103;101;98m`[0m[38;2;106;104;99;48;2;110;115;115m^[0m[7m[38;2;88;93;97m_[0m[38;2;106;118;123m▀[7m[38;2;102;99;83m▌[0m[38;2;112;110;107;48;2;120;122;119mM[38;2;139;144;136;48;2;106;115;119m.[0m [38;2;128;3;2m`[38;2;146;3;5m▀[7m[38;2;148;1;3m▀[0m[38;2;218;4;5;48;2;173;1;3m:[38;2;204;3;4;48;2;182;1;3mz[38;2;197;11;11;48;2;139;3;3m:[0m[38;2;160;8;3m` [38;2;96;1;2my[38;2;203;5;7;48;2;149;2;4m:[0m[38;2;102;2;3m▌[0m [38;2;145;3;3m_[38;2;149;2;2m_[38;2;151;3;4m_[7m[38;2;91;2;3m*[0m[38;2;173;2;5m▀[7m[38;2;165;2;3m_[0m[38;2;192;4;4;48;2;170;1;2mz[0m[38;2;166;2;4m▌[0m [38;2;117;107;99m▀[38;2;143;139;125;48;2;114;107;105m:[38;2;110;106;105;48;2;118;117;116mM[38;2;140;141;131;48;2;105;107;109m:[0m[7m[38;2;79;93;99m▀[0m[38;2;66;82;82m~[38;2;112;90;53m`[38;2;114;117;113m▀[7m[38;2;87;89;87m`[38;2;103;109;111m▀[0m[38;2;47;41;28;48;2;88;95;94m~[0m[38;2;87;106;113m▀[0m [38;2;0;0;0m [0m
 [38;2;0;0;0m            [7m[38;2;86;83;68m`[38;2;78;90;93m_[38;2;74;73;67mm[0m[38;2;86;88;87m▀[38;2;101;97;97m▀[38;2;106;107;99;48;2;77;89;97m'[0m[7m[38;2;96;90;78m▀[38;2;93;94;90m~[0m[38;2;79;77;77;48;2;109;109;102m:[38;2;93;92;90;48;2;118;117;111mz[38;2;103;110;107;48;2;84;91;94m'[0m [38;2;114;7;9m^[7m[38;2;156;2;4m▌[0m[38;2;193;3;5;48;2;172;2;2mT[38;2;198;3;4;48;2;178;1;3mT[38;2;154;0;0;48;2;175;2;4m:[0m[38;2;126;3;4m▌ [38;2;119;4;5m4[38;2;122;4;4m▀[38;2;143;2;8m_[7m[38;2;155;2;4m▀[0m[38;2;94;0;0;48;2;145;2;3m`[0m[38;2;163;1;2m▀[38;2;163;1;3m▀[38;2;165;2;3m▀[7m[38;2;140;2;2m_[0m[38;2;67;0;0;48;2;149;2;3m`[0m[7m[38;2;95;3;3m▀[38;2;159;2;4m▌[0m [38;2;68;2;4m  [0m [38;2;96;93;88m▀[38;2;88;97;100m▀[7m[38;2;80;76;61m▀[38;2;108;110;107m▀[38;2;67;68;67m▀[0m[38;2;121;111;96m_[38;2;123;112;94m_[7m[38;2;112;109;100m▀[0m[38;2;68;78;75m▌   [0m
 [38;2;0;0;0m        [38;2;65;5;5mr   [38;2;126;128;110m`[7m[38;2;89;86;73m▀[0m[38;2;82;85;92;48;2;116;119;112m-[38;2;82;84;90;48;2;114;118;117m-[0m[7m[38;2;82;91;95m~[0m[38;2;34;53;69m`[7m[38;2;77;83;79m=[38;2;63;69;69m\[0m[38;2;95;107;112;48;2;49;50;44m▀[0m[7m[38;2;85;93;94m=[0m[38;2;115;119;118m▀[7m[38;2;59;66;69m{[0m [38;2;0;0;0m [38;2;143;3;6m`[7m[38;2;128;2;3m▀[38;2;122;2;3m▀[38;2;102;2;3m▀[38;2;111;2;2m▀[38;2;156;1;2m▀[38;2;145;1;3m~[38;2;135;3;4m_[0m[38;2;113;3;3m▀[7m[38;2;80;70;55m▀[38;2;107;102;93m~[0m[38;2;142;148;140;48;2;116;110;101m:[38;2;52;53;53;48;2;112;107;103m`[0m[7m[38;2;111;111;113m▀[0m [38;2;181;4;6;48;2;143;2;4m:[0m  [38;2;0;0;0m     [38;2;70;69;58m~[38;2;110;114;111m▀[7m[38;2;84;88;88m_[38;2;97;101;102m_[38;2;88;93;96m_[0m[38;2;102;111;116m▀[0m [38;2;20;35;50m   [0m
 [38;2;0;0;0m          [0m [38;2;134;123;106m_[7m[38;2;116;114;109m▀[0m[38;2;92;87;88;48;2;116;115;112mz[38;2;93;87;90;48;2;116;116;114mz[38;2;93;88;90;48;2;115;115;113mz[38;2;88;87;91;48;2;106;114;114mz[0m[38;2;29;49;63m▌[7m[38;2;89;91;87m_[38;2;61;72;79m_[38;2;68;70;62m_[0m[38;2;51;63;70m▀[7m[38;2;89;90;83m_[38;2;54;59;62mj[0m[38;2;78;89;91m▀ [0m [38;2;160;1;3m▀[7m[38;2;129;2;3m_[38;2;131;2;3m_[0m[38;2;165;2;3m▀[38;2;151;2;3m▀[38;2;117;7;7m~  [7m[38;2;81;74;65m▌[0m[38;2;96;88;88;48;2;119;113;109mz[38;2;95;87;88;48;2;121;116;114mz[48;2;119;115;113mz[48;2;120;115;113mz[38;2;34;39;39;48;2;100;99;100m`[38;2;103;3;5;48;2;78;71;74m▀[0m[38;2;63;3;4mM[0m [38;2;0;0;0m               [0m
 [38;2;0;0;0m       [38;2;72;63;50m_[7m[38;2;82;79;72m▀[38;2;104;100;98m▀[38;2;100;96;92m`[0m[38;2;93;89;90;48;2;113;111;112mT[38;2;93;89;94;48;2;114;112;114mT[38;2;84;79;93;48;2;112;112;113m-[38;2;78;87;98;48;2;110;112;114m_[0m[7m[38;2;86;97;104m_[0m[38;2;46;65;77m▀[38;2;72;96;117m,                [0m [7m[38;2;78;84;82m▀[0m[38;2;123;127;114m`[38;2;115;113;109m▀[38;2;91;92;91;48;2;108;106;104m,[38;2;84;82;87;48;2;113;112;110m-[38;2;95;90;92;48;2;114;114;113mT[38;2;95;91;94;48;2;113;115;114mT[0m[7m[38;2;99;101;100m`[38;2;105;105;105m▀[38;2;86;87;85m▀[0m[38;2;84;85;88m_[0m [38;2;4;3;3m            [0m
 [38;2;0;0;0m   [38;2;58;53;35m-[38;2;110;109;100m*[38;2;100;105;98ma[7m[38;2;96;99;93m_[0m[38;2;141;143;138;48;2;98;103;101m-[38;2;142;144;140;48;2;98;102;103m-[38;2;24;31;38;48;2;104;105;107m_[0m[7m[38;2;102;102;105m_[38;2;97;98;100m_[0m[38;2;110;108;107m▀[38;2;91;100;103m▀[38;2;62;83;96m~ [7m[38;2;66;55;34m▌[0m[38;2;98;86;78;48;2;112;111;106m:[0m[7m[38;2;99;99;99m▀[0m [38;2;111;91;65m_[38;2;90;84;83m_[7m[38;2;62;63;64m▀[0m [38;2;114;1;4m_[38;2;173;6;6m_[38;2;183;5;7m_[38;2;186;4;6m_[38;2;173;5;5m_[0m  [7m[38;2;74;66;62m▀[0m[38;2;62;71;79m_[38;2;105;82;53m_[7m[38;2;101;91;82m^[0m[38;2;97;97;101;48;2;101;114;121mL[0m [38;2;0;0;0m [0m [38;2;75;74;69m▀[38;2;109;106;102m▀[7m[38;2;96;97;94m_[38;2;108;108;106m_[0m[38;2;147;145;139;48;2;110;110;106m-[38;2;105;99;93;48;2;118;120;116mz[38;2;104;97;95;48;2;118;120;117mz[38;2;97;94;95;48;2;113;114;111mL[0m[7m[38;2;93;94;94m`[38;2;87;95;99m▀[0m[38;2;118;122;118m*[38;2;38;58;69m=        [0m
 [38;2;0;0;0m          [0m [7m[38;2;111;1;2m~[0m[38;2;85;1;2;48;2;143;2;2m`[0m[38;2;88;3;3m▌  [0m [7m[38;2;111;103;96m_[38;2;117;110;108m_[0m[38;2;89;91;96m▌[7m[38;2;76;27;26m=[38;2;147;1;3m▀[38;2;140;6;8m~[0m[38;2;89;1;2;48;2;156;2;3m`[38;2;98;2;2;48;2;167;2;4m_[0m[7m[38;2;165;2;2m_[38;2;163;2;3m_[38;2;164;2;3m_[0m[38;2;128;0;2;48;2;166;2;2m_[38;2;139;4;4;48;2;159;2;3m'[0m[7m[38;2;144;3;3m~[38;2;154;2;2m▀[38;2;96;2;3m▀[0m[38;2;103;89;76m▀[38;2;125;116;119m▀[38;2;87;96;109m▀ [0m  [38;2;171;3;4;48;2;146;2;3m:[0m[7m[38;2;127;2;4m`[0m [38;2;0;0;0m [0m [38;2;94;115;122m`[38;2;105;127;137m`[38;2;92;113;124m`[0m [38;2;14;20;21m           [0m
 [38;2;0;0;0m           [0m [7m[38;2;130;2;3m_[0m[38;2;175;3;6;48;2;162;2;4m'[0m[7m[38;2;151;2;3m`[38;2;168;3;3m▀▀[38;2;171;3;3m▀[38;2;143;2;2m~[0m[38;2;181;3;3;48;2;166;3;3m,[0m[7m[38;2;152;2;3m_[0m[38;2;160;2;3m▀[38;2;108;3;3m▀[38;2;118;7;8m~[0m [38;2;0;0;0m  [38;2;64;2;1m_[38;2;109;3;4m`[38;2;105;3;3m▀[38;2;167;2;4m▀[7m[38;2;149;2;2m_[0m[38;2;184;3;3;48;2;170;2;3m'[38;2;187;2;4;48;2;173;2;3m,[0m[7m[38;2;147;2;3m`[38;2;177;3;3m▀[38;2;175;3;3m▀[0m[38;2;104;4;5;48;2;161;2;2m~[38;2;180;2;3;48;2;167;2;3m,[0m[7m[38;2;133;4;4m_[0m[38;2;70;8;8m"                  [0m
 [38;2;0;0;0m             [38;2;108;0;0m`[38;2;129;1;3m▀[38;2;165;1;2m▀[38;2;166;1;2m▀[38;2;154;2;3m▀[7m[38;2;130;2;3m=[0m[38;2;70;1;2;48;2;158;1;2m▀[0m[7m[38;2;118;2;3m`[0m[38;2;94;4;4m'[7m[38;2;155;2;3m▀[38;2;162;1;2m`[0m[38;2;148;0;3;48;2;176;1;2m~[0m[7m[38;2;156;2;3m`[38;2;149;1;2m~[0m[38;2;146;0;1;48;2;177;1;2m-[38;2;145;0;2;48;2;176;1;2m-[0m[7m[38;2;146;2;3m`[0m[38;2;124;3;5m,[7m[38;2;129;1;2m`[38;2;139;2;3m~[0m[38;2;81;1;2;48;2;127;1;2mh[0m[7m[38;2;136;2;3m-[0m[38;2;171;2;2m▀[38;2;155;2;2m▀[38;2;156;1;3m▀[38;2;97;1;2m~[0m [38;2;0;0;0m                   [0m
 [38;2;0;0;0m                 [0m [38;2;141;2;3m▀[38;2;136;3;4m▀[7m[38;2;151;2;3m▀[0m[38;2;183;3;5;48;2;167;2;3m,[38;2;195;4;6;48;2;179;2;2m'[38;2;197;3;4;48;2;182;2;2m'[38;2;198;2;4;48;2;183;2;3m'[38;2;200;4;6;48;2;184;2;4m'[38;2;202;2;5;48;2;187;2;4m'[38;2;200;4;6;48;2;184;2;3m'[38;2;198;2;4m'[38;2;197;3;4;48;2;181;2;2m'[38;2;191;3;6;48;2;169;2;3m'[0m[38;2;109;5;5my[38;2;171;1;3m▀[38;2;139;3;3m▀[0m [38;2;65;4;5m                        [0m
 [38;2;0;0;0m                   [0m [38;2;114;1;1m▀[7m[38;2;136;1;2m_[0m[38;2;95;0;1;48;2;157;1;2m,[38;2;175;2;3;48;2;165;1;2mM[38;2;182;2;4;48;2;169;1;3m^[38;2;164;1;1;48;2;150;2;2m'[38;2;164;0;2;48;2;150;1;3m'[38;2;183;2;2;48;2;171;1;2m^[38;2;177;2;2;48;2;167;1;2mM[38;2;60;2;3;48;2;164;2;3m_[0m[38;2;164;1;2m▀[38;2;99;3;4m▀                           [0m
