[0m [38;2;0;0;0m                                        [0m  [38;2;0;0;0m                 [0m
 [38;2;0;0;0m                                       [7m[38;2;94;1;2m▀[0m[38;2;163;3;4;48;2;104;3;3m:[0m [38;2;0;0;0m              [38;2;53;7;8m,  [0m
 [38;2;0;0;0m                                    [0m [7m[38;2;108;1;2m▀[38;2;143;2;1m▀[0m[38;2;114;0;0;48;2;129;2;2m:[0m[38;2;71;3;4m▌     [0m  [38;2;0;0;0m      [0m [7m[38;2;98;1;2m▀[0m[38;2;117;2;2m▌  [0m
 [38;2;0;0;0m  [0m  [38;2;0;0;0m                             [38;2;59;0;2m_[7m[38;2;111;1;3m▀[38;2;140;1;2m▀[0m[38;2;171;6;7;48;2;133;2;2m:[38;2;159;4;4;48;2;136;1;2mz[0m[7m[38;2;122;2;2m_[0m[38;2;140;13;12m`      [0m [38;2;112;4;5mz[0m [38;2;0;0;0m   [38;2;65;0;0m_[7m[38;2;135;1;3m▀[0m[38;2;70;1;1;48;2;130;2;3m~[0m[7m[38;2;110;2;2m_[0m[38;2;90;3;4m▀  [0m
 [38;2;0;0;0m  [0m [38;2;84;3;4m▌                           [0m [7m[38;2;136;1;1m▀[0m[38;2;121;0;0;48;2;145;1;2m:[38;2;132;1;1;48;2;153;2;2mz[38;2;119;0;1;48;2;132;3;3m:[0m[38;2;123;2;2m▀[38;2;123;4;4m~[0m [38;2;0;0;0m        [7m[38;2;139;1;2m▌[0m[38;2;129;2;4m▌   [7m[38;2;122;2;2m▌[0m[38;2;73;1;2;48;2;117;2;3mu[0m[38;2;71;2;3m~    [0m
 [38;2;0;0;0m  [0m [38;2;169;5;7;48;2;108;2;4m:[0m [38;2;0;0;0m                       [0m  [38;2;0;0;0m [0m [38;2;110;3;3;48;2;136;1;3m,[38;2;177;2;5;48;2;151;1;3mz[38;2;177;3;3;48;2;152;1;2mz[0m[38;2;101;4;5m▌ [0m [38;2;139;2;6m/      [0m [7m[38;2;119;1;3m▀[0m[38;2;186;4;6;48;2;150;1;3m:[0m[38;2;107;3;3m▌   [0m [38;2;133;3;4m▌     [0m
 [38;2;0;0;0m  [0m [38;2;122;1;1;48;2;141;1;2mL[0m[38;2;73;2;4m,            [38;2;140;1;1m_[38;2;143;4;4m_[0m [38;2;30;2;1m [7m[38;2;104;2;4m▌[0m [38;2;0;0;0m    [0m [38;2;119;2;3m▌   [7m[38;2;83;1;2m▌[0m[38;2;193;4;4;48;2;154;1;3m-[38;2;195;3;2;48;2;156;1;2m-[38;2;127;0;1;48;2;155;2;3m.[0m[7m[38;2;134;1;2m~[0m[38;2;122;0;0;48;2;148;2;2m.[0m [38;2;61;1;1m     [0m [38;2;68;1;1;48;2;138;1;3m▀[0m[38;2;153;1;1m▀[38;2;130;6;6m~ [0m [38;2;13;1;1m   [0m [38;2;48;5;5m     [0m
 [38;2;0;0;0m   [7m[38;2;139;1;3m▌[0m[38;2;133;3;5m▌           [0m [38;2;173;6;7;48;2;137;2;4m:[0m[38;2;70;1;2m_[38;2;120;7;10m`[0m [38;2;82;0;2m`[0m [38;2;0;0;0m    [7m[38;2;139;1;3m▌[0m[38;2;189;3;7;48;2;147;2;3m:[0m [38;2;0;0;0m  [0m [38;2;152;1;2;48;2;172;2;3mT[38;2;189;5;5;48;2;165;1;2mz[38;2;189;5;4mz[38;2;189;4;4mz[38;2;152;1;2;48;2;173;2;3mT[38;2;69;4;3;48;2;134;2;3m"[0m[38;2;82;2;2m_[0m [7m[38;2;124;1;3m▀[0m[38;2;59;2;4m  [38;2;100;6;8mr[38;2;82;3;4m▀[0m [38;2;0;0;0m [7m[38;2;82;1;3m▌[0m [38;2;0;0;0m         [0m
 [38;2;0;0;0m   [7m[38;2;73;1;2m▌[0m[38;2;132;2;3m▌            [7m[38;2;122;2;3m▌[0m[38;2;135;0;1;48;2;151;2;3m:[0m[7m[38;2;142;3;3m▀[0m[38;2;60;6;5m,  [0m [38;2;78;4;6m_ [38;2;184;3;4m_[38;2;109;1;2;48;2;156;1;2m~[38;2;153;0;1;48;2;174;2;2m`[0m[7m[38;2;156;2;3m~[38;2;157;2;3m~[0m[38;2;109;0;7;48;2;173;2;3m`[38;2;213;5;5;48;2;178;2;3m_[38;2;215;5;6;48;2;179;1;3m_[38;2;213;4;5;48;2;179;2;2m_[38;2;211;5;6;48;2;178;1;2m_[38;2;209;6;6;48;2;177;2;2m_[38;2;204;4;4;48;2;174;2;2m-[38;2;70;2;2;48;2;142;2;3m][38;2;153;0;1;48;2;168;2;3m:[0m[7m[38;2;132;3;4m`[0m[38;2;143;0;0;48;2;155;1;3m:[0m[38;2;55;6;6m,  [7m[38;2;74;2;3m▌[0m[38;2;68;5;5m^ [38;2;96;2;2;48;2;107;2;3m~[0m [38;2;91;5;6mj        [0m
 [38;2;0;0;0m    [0m [38;2;48;5;5m [0m [38;2;0;0;0m     [0m [7m[38;2;94;2;2m▀[0m [38;2;0;0;0m  [0m [7m[38;2;126;1;2m▌[0m[38;2;174;4;4;48;2;152;1;2mc[38;2;70;2;2;48;2;132;3;4m"[0m [38;2;0;0;0m [0m [38;2;140;0;2;48;2;101;1;2m.[0m[7m[38;2;147;2;3m~[0m[38;2;193;4;4;48;2;169;1;2mz[38;2;199;4;4;48;2;175;1;2mz[38;2;202;4;3;48;2;178;1;2mz[38;2;205;3;5;48;2;182;1;2mz[38;2;206;3;5mz[48;2;182;1;3mz[38;2;207;3;5;48;2;184;1;3mz[38;2;205;3;5;48;2;183;1;2mz[38;2;204;4;4;48;2;182;1;2mz[38;2;203;4;4;48;2;180;1;2mz[38;2;202;4;5;48;2;178;1;2mc[38;2;196;4;5;48;2;171;1;1mz[0m[7m[38;2;142;2;3m_[0m[38;2;125;4;5m▀[0m [38;2;193;5;6;48;2;147;1;3m:[0m [38;2;67;2;2m  [7m[38;2;152;2;3m▌[38;2;98;2;2m▀[0m[38;2;15;1;1m [7m[38;2;109;4;5m▌[0m [38;2;90;2;7m`[7m[38;2;115;2;3m▀[0m [38;2;0;0;0m  [0m  [38;2;0;0;0m  [0m
 [38;2;0;0;0m      [7m[38;2;98;2;4m▀[38;2;82;1;1m▀[0m[38;2;146;6;7m_   [0m [38;2;100;1;1m▀[38;2;81;3;4m▌    [38;2;122;1;2m▀[38;2;194;4;4;48;2;159;1;3m-[0m[7m[38;2;122;2;4m`[0m [38;2;0;0;0m [7m[38;2;156;1;4m▌[0m[38;2;212;3;7;48;2;178;1;3m-[38;2;218;5;4;48;2;182;1;2m-[38;2;220;3;5;48;2;185;2;3m_[38;2;225;3;3;48;2;189;1;3m_[38;2;225;2;6;48;2;191;1;3m-[38;2;226;6;6m-[48;2;190;1;3m--[38;2;226;4;5;48;2;191;1;3m-[38;2;224;4;3;48;2;190;1;3m-[38;2;222;4;3;48;2;188;1;2m-[38;2;216;4;5;48;2;182;2;3m-[0m[7m[38;2;98;3;4ma[38;2;153;2;2m▀[0m[38;2;105;3;4m▌[0m [38;2;136;3;5m▀[0m [38;2;0;0;0m [38;2;175;3;2m_[38;2;173;2;3;48;2;157;2;3m,[38;2;193;4;3;48;2;160;2;2m_[0m[38;2;110;5;5m▌[0m  [38;2;164;3;4m_[38;2;166;2;3;48;2;149;1;2m'[0m[38;2;152;3;4m▌  [38;2;71;1;3m"[7m[38;2;135;3;5m▀[0m [38;2;0;0;0m [0m
 [38;2;0;0;0m      [0m [38;2;139;2;4m▀[38;2;155;3;3;48;2;118;3;3m:[0m[38;2;95;0;1m_[38;2;119;0;1m_     [0m [38;2;0;0;0m  [0m [38;2;170;3;4;48;2;150;1;2m:[0m[7m[38;2;146;2;3m_[38;2;82;2;3mF[0m [7m[38;2;173;1;3m▌[0m[38;2;190;1;3;48;2;181;1;3mW[38;2;197;2;4;48;2;185;1;3mL[38;2;197;1;3;48;2;186;1;3mW[38;2;198;1;2;48;2;188;1;2mW[38;2;198;2;3;48;2;189;1;2mc[38;2;197;2;3;48;2;188;1;3mc[38;2;143;0;2;48;2;191;2;3m_[38;2;195;2;3;48;2;185;2;3mW[38;2;193;3;4;48;2;185;1;3mc[38;2;193;3;5;48;2;185;1;2mc[38;2;192;2;2;48;2;182;2;2mW[38;2;71;0;0;48;2;166;3;4m,[0m[7m[38;2;122;2;4m'[0m[38;2;176;4;6;48;2;144;2;3m:[0m  [38;2;107;0;2m_[7m[38;2;144;1;4m▀[38;2;156;2;3m~[0m[38;2;177;3;4;48;2;168;1;3mc[38;2;140;0;2;48;2;169;2;2m_[0m[7m[38;2;133;3;3m_[0m  [7m[38;2;88;1;2m▀[0m[38;2;162;3;3;48;2;148;1;3m:[38;2;159;3;4;48;2;145;2;3m:[0m [38;2;45;5;6m   [38;2;86;1;1;48;2;120;1;2mr[0m[38;2;69;4;4m▌ [0m
 [38;2;0;0;0m  [0m [38;2;78;1;4m*[38;2;79;6;6m_ [7m[38;2;77;3;3m▀[0m [38;2;112;1;2m▀[7m[38;2;142;1;2m_[0m[38;2;162;0;2;48;2;174;2;3mz[0m[7m[38;2;105;3;5m▀[0m[38;2;20;1;1m    [38;2;79;4;4m*[38;2;99;8;8m_[7m[38;2;107;1;3m▀[0m[38;2;104;0;2;48;2;160;2;3m^[38;2;201;3;5;48;2;180;3;4m'[0m[7m[38;2;136;2;4m`[0m[38;2;163;1;2m_[7m[38;2;182;2;3m▀[0m[38;2;219;7;6;48;2;190;1;3m-[38;2;184;0;2;48;2;202;1;4mc[38;2;188;0;2;48;2;206;2;3mc[38;2;187;0;1;48;2;205;2;3mc[48;2;206;2;3mc[38;2;186;0;2;48;2;205;2;4mc[38;2;221;3;6;48;2;191;2;4m'[0m[7m[38;2;145;2;3m|[0m[38;2;181;1;2;48;2;199;2;2mz[48;2;200;2;2mz[38;2;179;0;2;48;2;199;2;2mc[38;2;180;0;1;48;2;198;3;4mc[0m[7m[38;2;146;4;4ml[0m[38;2;219;3;4;48;2;185;1;3m_[38;2;206;4;4;48;2;182;2;3m'[0m[7m[38;2;152;2;3m~[0m[38;2;113;3;3;48;2;176;2;3m~[38;2;178;0;2;48;2;195;2;4mc[38;2;177;0;2;48;2;194;2;3mc[38;2;174;1;2;48;2;192;2;3mc[38;2;171;1;2;48;2;189;2;3mc[0m[38;2;161;4;4m▌ [0m [7m[38;2;120;2;3m^[38;2;140;2;2m_[0m[38;2;164;1;3m▀[38;2;115;4;5m_[38;2;122;10;12m'   [7m[38;2;175;1;3m▌[0m[38;2;160;5;6m▌ [0m
 [38;2;0;0;0m   [7m[38;2;137;1;3m▌[0m[38;2;72;1;3;48;2;120;2;3m"[0m [38;2;157;2;6;48;2;121;1;3m:[0m[7m[38;2;140;2;4m▀[0m  [38;2;159;3;2;48;2;149;1;3m:[38;2;148;1;2;48;2;155;2;3m,[0m   [38;2;0;0;0m [7m[38;2;105;2;3m▀[0m [38;2;78;2;5;48;2;141;2;3m,[38;2;185;2;2;48;2;175;2;2mW[38;2;189;2;2;48;2;179;1;2mW[38;2;193;1;3;48;2;182;1;3mW[38;2;194;1;3;48;2;184;1;2mW[38;2;197;2;3;48;2;188;1;3mW[38;2;199;2;3;48;2;189;1;2mW[38;2;198;2;3;48;2;188;2;3mW[38;2;195;2;3;48;2;186;1;3mW[38;2;196;2;4;48;2;185;2;3mW[38;2;187;3;4;48;2;174;2;3m:[0m[38;2;186;3;4m▀[7m[38;2;119;2;3mf[0m[38;2;86;0;1;48;2;133;2;3m"[0m[38;2;175;3;5m▀[7m[38;2;101;2;3ms[38;2;123;2;3m*[38;2;159;3;5m=[38;2;112;3;4m?[0m[38;2;193;2;3;48;2;181;1;3m1[48;2;183;1;3mW[48;2;182;1;3mW[38;2;191;2;2;48;2;181;1;3mW[38;2;154;0;0;48;2;183;2;3m_[0m[38;2;115;2;4m▀[38;2;184;2;5;48;2;174;2;3m:[38;2;188;2;3;48;2;178;2;3mW[38;2;91;1;1;48;2;151;2;2m"[0m[38;2;98;0;1m_[7m[38;2;122;1;3m▌[0m[38;2;72;5;5m▌ [0m [38;2;157;3;4;48;2;143;2;3m:[0m[7m[38;2;81;2;2m▀[0m[38;2;11;1;1m   [7m[38;2;170;1;3m▌[0m[38;2;178;1;3m▌ [0m
 [38;2;0;0;0m   [38;2;179;3;2;48;2;134;1;3m,[38;2;186;2;4;48;2;165;1;3m,[0m[7m[38;2;147;2;3m`[0m[38;2;185;2;4;48;2;140;2;3m,[38;2;83;2;3;48;2;136;1;2m_[0m[38;2;72;5;6m▌ [38;2;182;1;5;48;2;141;2;3m'[38;2;185;2;4;48;2;166;1;2m,[0m[38;2;109;6;6m▌ [38;2;113;5;11m'[7m[38;2;106;2;4m▀[38;2;171;1;3m▌[0m[38;2;84;3;5;48;2;155;2;4m"[0m[38;2;141;7;7m_[38;2;200;3;4;48;2;182;2;3m:[38;2;214;2;5;48;2;194;1;3m,[48;2;195;1;3m,[38;2;151;5;3;48;2;187;2;3m,[38;2;211;2;3;48;2;195;1;3m,[38;2;208;2;4;48;2;172;2;3m'[38;2;207;2;4;48;2;187;2;3m'[38;2;213;3;5;48;2;194;2;4m,[38;2;162;4;5;48;2;84;2;2m▌[0m[7m[38;2;183;2;3m▀[0m[38;2;128;2;3;48;2;186;2;3m~[38;2;215;3;5;48;2;190;3;4m,[0m[7m[38;2;111;4;5my[38;2;183;2;2m▀[0m[38;2;217;3;2;48;2;196;2;3m,[38;2;217;2;2;48;2;198;2;3m,[38;2;218;3;6;48;2;193;3;4m,[38;2;93;4;5;48;2;178;2;4m▌[38;2;217;4;5;48;2;197;2;3m,[38;2;216;3;5m,[38;2;218;3;5;48;2;198;2;3m,[38;2;218;3;8;48;2;186;3;4m,[0m[38;2;118;3;4m▀[38;2;78;1;4m_[38;2;76;0;2;48;2;192;2;3m▌[38;2;215;3;3;48;2;191;2;3m,[38;2;213;3;2;48;2;189;2;3m,[38;2;206;3;4;48;2;161;3;4m,[0m[7m[38;2;106;2;3m\[0m[38;2;83;4;6;48;2;147;2;4m"[0m[38;2;105;5;6m_[7m[38;2;93;3;3m▀[0m[38;2;79;1;2;48;2;137;1;2m,[38;2;192;3;4;48;2;163;2;4m,[0m  [38;2;109;1;2m*[38;2;136;1;3m▀[38;2;165;9;11m` [0m
[7m[38;2;82;3;3m▀[0m [38;2;0;0;0m  [38;2;102;1;2m▀[38;2;153;2;3m▀[38;2;93;1;3;48;2;144;1;3m,[0m[38;2;126;3;3m▀[0m [38;2;126;4;5m\[0m [7m[38;2;103;1;3m▌[0m[38;2;159;1;3;48;2;139;3;4m:[0m [38;2;0;0;0m [0m [38;2;169;2;2;48;2;153;2;3m.[38;2;178;2;3;48;2;167;1;2m1[38;2;163;1;1;48;2;178;2;2m'[38;2;184;2;4;48;2;171;2;3m.[0m[7m[38;2;138;2;3m\[0m[38;2;162;2;2;48;2;180;2;3m,[38;2;190;2;2;48;2;181;2;3m^[0m[38;2;99;3;3m▌[38;2;136;2;3m▀[38;2;144;4;6;48;2;84;2;3m$[0m[38;2;120;0;0m_[38;2;149;1;4;48;2;170;2;3m,[0m[7m[38;2;141;2;3m`[0m[38;2;176;1;1;48;2;188;2;3m'[38;2;177;1;2;48;2;189;2;3m'[38;2;196;1;2;48;2;186;2;3m^[0m[7m[38;2;142;2;3m"[0m[38;2;196;2;2;48;2;188;1;2m^[38;2;177;1;2;48;2;188;2;3m'[38;2;196;2;3;48;2;186;1;3mW[0m[7m[38;2;123;3;4mj[0m[38;2;185;2;3;48;2;169;1;2m:[38;2;130;0;2;48;2;187;2;2m_[38;2;114;0;1;48;2;183;2;3m_[38;2;180;1;2;48;2;193;2;3m'[38;2;182;1;2;48;2;187;2;3m'[38;2;130;0;0;48;2;179;2;2m'[38;2;166;1;3;48;2;182;2;3m'[38;2;81;1;2;48;2;166;2;2m"[38;2;193;2;3;48;2;184;2;3m^[38;2;192;2;3;48;2;183;2;3m^[38;2;190;2;2;48;2;179;2;2mW[0m[38;2;156;3;3m▌[7m[38;2;162;2;3m▌[0m[38;2;162;3;5;48;2;140;2;3m:[0m[38;2;92;1;3m▀[7m[38;2;146;2;2m`[0m[38;2;171;2;3;48;2;162;2;2m^[0m[38;2;153;2;3m▌     [0m
 [38;2;0;0;0m  [0m [38;2;0;0;0m  [38;2;127;2;4m`[0m  [7m[38;2;86;81;72m▀[38;2;60;63;65m▀[38;2;92;93;87m▀[0m[38;2;175;3;5m'[7m[38;2;68;60;46m▌[38;2;129;119;118m▀[38;2;88;87;93m▀[0m[38;2;80;0;2;48;2;148;1;3m,[38;2;175;1;3;48;2;184;2;3m^[38;2;179;1;3;48;2;188;2;3m^[38;2;182;1;3;48;2;191;2;3m^[38;2;205;3;7;48;2;185;2;4m'[38;2;109;0;1;48;2;165;2;4m^[38;2;203;3;5;48;2;188;2;3m,[0m[7m[38;2;147;3;4m`[38;2;97;2;3m▀[0m [38;2;204;3;6;48;2;159;2;3m,[38;2;154;1;3;48;2;186;2;3m^[38;2;186;1;2;48;2;198;2;3mM[38;2;189;1;2;48;2;200;2;3m^[38;2;188;1;2;48;2;199;2;3m^^[38;2;187;1;2m^[38;2;185;2;2;48;2;197;2;2m^[38;2;185;1;2;48;2;197;2;3m^[0m[7m[38;2;152;4;4my[38;2;157;3;4m^[0m[38;2;138;4;5m▀[38;2;76;1;2;48;2;191;2;4m▀[38;2;213;1;4;48;2;194;2;3m:[38;2;193;2;2;48;2;203;2;3m^[38;2;192;1;2;48;2;202;2;3m^[38;2;191;1;2;48;2;200;2;3m^[38;2;186;2;2;48;2;196;2;3m^[38;2;206;2;3;48;2;191;2;3m'[38;2;204;3;3;48;2;188;2;3m'[38;2;205;3;5;48;2;187;2;3m'[38;2;203;2;3;48;2;186;2;3m'[0m[38;2;166;5;5m▌[38;2;92;1;2;48;2;135;1;2m~[0m[38;2;163;3;4m▌[0m [38;2;75;1;1;48;2;170;1;3m▌[38;2;185;2;4;48;2;167;2;3m'[0m[38;2;112;2;4m▌     [0m
 [38;2;0;0;0m   [38;2;115;3;4m%  [38;2;54;44;35m_[7m[38;2;106;101;98m▀[0m[38;2;117;117;117;48;2;102;99;100mW[38;2;114;117;117;48;2;99;101;102mW[38;2;115;119;116;48;2;101;102;100mW[0m[7m[38;2;82;85;86m`[0m[38;2;65;56;45;48;2;96;90;85m^[38;2;125;119;116;48;2;111;102;102mW[38;2;108;91;90;48;2;119;110;111m=[38;2;45;51;63;48;2;118;1;2m▌[38;2;188;1;2;48;2;171;1;2mR[38;2;71;1;2;48;2;142;3;5mj[38;2;193;1;3;48;2;175;2;3mR[38;2;179;0;2;48;2;163;3;3m'[38;2;115;1;1;48;2;161;1;2m,[38;2;198;1;3;48;2;183;2;2mR[38;2;201;1;3;48;2;184;1;3mR[48;2;185;1;2mR[0m[7m[38;2;138;3;3m`[0m[38;2;191;2;5;48;2;182;2;4m.[38;2;203;1;2;48;2;187;1;2mR[38;2;204;1;2mR[38;2;204;2;3;48;2;188;1;2mR[38;2;187;0;1;48;2;168;3;3m'[38;2;175;1;3;48;2;148;2;3m,[38;2;205;1;2;48;2;191;1;2mR[48;2;190;1;2mR[38;2;108;2;3;48;2;151;3;3mu[0m[38;2;97;1;2m~[7m[38;2;160;1;2m▀[0m[38;2;112;0;1;48;2;178;1;2m~[38;2;204;1;2;48;2;189;1;2mR[38;2;205;1;2;48;2;190;1;2mR[48;2;191;1;3mR[38;2;207;1;2;48;2;193;1;2mR[38;2;206;1;5;48;2;192;2;3m.[0m[38;2;180;2;2m▀[38;2;125;4;4m▀[38;2;140;4;4m~[38;2;123;2;4m▀[38;2;71;0;1;48;2;158;2;3m_[0m[38;2;148;5;5m▌[38;2;75;2;2;48;2;127;3;4my[0m[38;2;95;0;0m_[7m[38;2;124;1;2m`[0m[38;2;148;3;4m▀[7m[38;2;96;2;2m=[0m[38;2;128;4;4mr     [0m
 [38;2;0;0;0m  [0m [38;2;176;2;4;48;2;124;3;4m,[0m[38;2;96;4;8m_ [7m[38;2;78;79;71mW[0m[38;2;78;87;92m▀[38;2;80;96;110m~[38;2;93;95;96m`[38;2;91;95;96m~[38;2;120;128;125m~[7m[38;2;92;93;90m=[38;2;89;83;81m_[38;2;107;100;100m-[38;2;123;1;3m▌[0m[38;2;189;3;3;48;2;175;2;3m'[0m[38;2;117;5;6m▌[38;2;202;3;6;48;2;171;2;4m:[0m[38;2;181;3;5m▌[38;2;117;1;2;48;2;156;1;3m~[38;2;184;2;2;48;2;194;2;3m^[38;2;185;2;2;48;2;196;2;4m^[38;2;187;1;2;48;2;198;2;4m^[38;2;188;2;2;48;2;199;2;3m^[38;2;190;2;2;48;2;201;2;3m^[38;2;216;3;6;48;2;188;3;4m:[0m[7m[38;2;145;2;4m[[0m[38;2;212;1;5;48;2;191;3;5m.[0m[38;2;84;3;3mM[38;2;210;2;5;48;2;192;2;4m,[38;2;190;2;3;48;2;199;2;3m^[48;2;201;2;4m^[38;2;95;4;4;48;2;152;2;4m"[0m[7m[38;2;112;1;3m▌[0m[38;2;213;1;5;48;2;195;2;3m:[38;2;192;1;3;48;2;203;2;4m^[48;2;202;2;4m^[38;2;211;3;5;48;2;198;2;3m'[38;2;190;1;2;48;2;199;2;3m^[0m[38;2;202;3;4m▀[38;2;132;11;9m`    [7m[38;2;101;1;3m▌[0m[38;2;190;4;6;48;2;147;3;4m:[0m[38;2;116;16;16m'[38;2;193;3;6;48;2;155;2;4m:[0m[38;2;156;13;15m`[38;2;116;0;2;48;2;158;1;3m^[0m[38;2;153;4;5m▌[0m [38;2;0;0;0m     [0m
 [38;2;0;0;0m [38;2;74;0;2m_[7m[38;2;161;1;2m▀[0m[38;2;133;2;4;48;2;149;2;4mq[38;2;95;1;2;48;2;114;3;3m~[0m[38;2;95;1;2m [0m [38;2;47;43;36m"[7m[38;2;84;81;76m~[38;2;91;95;96m▀[38;2;95;95;83m▌[0m[38;2;34;37;39;48;2;92;98;98m_[0m[7m[38;2;82;89;89m-[38;2;79;78;80m▀[38;2;80;80;84m=[0m [38;2;132;1;3m▀[38;2;115;4;5m▌[7m[38;2;168;1;3m▌[0m[38;2;52;4;3;48;2;156;2;2m`[38;2;165;1;2;48;2;183;2;2mz[38;2;169;1;1;48;2;188;2;3mz[38;2;148;1;2;48;2;176;2;3mq[38;2;169;1;2;48;2;191;1;2mm[38;2;178;1;2;48;2;195;2;2mz[38;2;176;1;2;48;2;193;2;2mp[38;2;181;1;3;48;2;146;3;4m'[0m[38;2;74;0;1m"[38;2;148;0;2;48;2;173;2;3m,[0m[38;2;96;2;3m▌[38;2;68;1;2;48;2;159;2;3m,[38;2;175;1;1;48;2;193;1;3mz[38;2;178;1;1;48;2;196;2;3mz[38;2;180;1;2;48;2;198;2;3mz[48;2;195;2;3mz[38;2;177;1;1;48;2;196;2;2mz[38;2;173;1;2;48;2;193;2;3mz[38;2;169;1;2;48;2;190;2;3mz[0m[7m[38;2;164;2;3m_[0m[38;2;102;4;5m▀      [7m[38;2;91;1;2m▌[0m[38;2;157;1;2;48;2;173;2;2mz[0m[7m[38;2;161;2;2m▀[0m[38;2;162;0;2;48;2;152;2;2m,[0m[38;2;87;2;2m▌[38;2;131;0;2;48;2;161;1;2m,[0m[38;2;132;5;6m▌      [0m
 [38;2;82;4;6mr[7m[38;2;140;2;4m▌[0m[38;2;154;1;1;48;2;172;3;4mT[38;2;95;0;1;48;2;143;2;3m{[0m[38;2;167;2;4m▌ [0m [38;2;134;127;122;48;2;51;48;47m=[0m[7m[38;2;111;112;114m▀[38;2;77;84;87m*[38;2;81;98;101m▌[0m[38;2;50;53;57;48;2;73;83;81mM[0m[38;2;49;72;103m`[38;2;135;5;5m=[38;2;100;83;64m`[38;2;105;102;96m▌  [7m[38;2;123;2;3m▌[0m[38;2;198;4;7;48;2;162;3;4m:[0m[7m[38;2;160;2;3m_[0m[38;2;189;3;4;48;2;81;2;2m▀[0m[7m[38;2;144;2;4m<[0m[38;2;178;0;1;48;2;197;2;4mT[0m[7m[38;2;146;4;4m_[0m[38;2;74;1;2;48;2;194;2;3m▌[38;2;178;0;2;48;2;193;3;4mT[0m [38;2;176;4;9m`[38;2;101;3;4;48;2;163;2;3m_[0m[7m[38;2;94;2;3m*[38;2;165;2;4m_[0m[38;2;208;2;5;48;2;186;2;3ms[38;2;179;0;1;48;2;196;2;4mT[38;2;207;2;5;48;2;188;2;3ms[38;2;206;2;4;48;2;185;2;3ms[0m[7m[38;2;160;3;4m_[0m[38;2;127;4;4m▀[0m [38;2;89;2;4m▌      [7m[38;2;176;2;4m▌[0m[38;2;166;1;1;48;2;186;2;3mT[38;2;96;2;3;48;2;159;3;4my[38;2;173;0;1;48;2;193;2;4mT[0m[7m[38;2;124;3;4mJ[38;2;141;1;1m▌[0m[38;2;216;2;4;48;2;145;4;4m:[0m[38;2;216;2;4m      [0m
  [38;2;78;2;2;48;2;134;1;3m▌[38;2;148;1;1;48;2;168;2;3mz[38;2;152;1;1;48;2;172;2;3mz[38;2;140;0;1;48;2;164;2;3m:[0m[7m[38;2;127;2;3m▀[0m [38;2;0;0;0m [38;2;71;64;59m~[38;2;79;91;96m▀[7m[38;2;89;95;87m▌[38;2;67;72;72mt[38;2;53;56;56m▀[0m[38;2;92;98;85m_[7m[38;2;57;62;56m▀[0m[38;2;55;58;63;48;2;84;87;84m}[0m[38;2;40;64;74mr[0m  [38;2;34;31;25m [38;2;120;7;6m+[7m[38;2;116;1;2m▀[0m[38;2;147;2;4m▀[7m[38;2;132;2;3m=[38;2;190;2;3m▀[0m[38;2;165;0;2;48;2;190;2;3m:[38;2;174;1;2;48;2;195;2;3mz[38;2;161;0;0;48;2;174;2;3m:[0m[7m[38;2;190;1;2m▀[0m[38;2;201;1;2m_[38;2;113;3;5m~[38;2;131;4;5m~[38;2;110;3;4m▀[38;2;134;3;4m▀[38;2;118;3;4m▀[38;2;116;2;1m` [38;2;87;2;2m▀[38;2;85;3;4m=[38;2;112;7;5m'    [0m [7m[38;2;108;1;2m▀[0m[38;2;146;0;0;48;2;172;2;3m:[0m[7m[38;2;153;4;6my[38;2;145;1;2m^[0m[38;2;162;1;1;48;2;179;2;3mz[0m[7m[38;2;153;2;3m`[0m[38;2;80;4;5m▌[38;2;197;0;2;48;2;139;4;5m'[0m[38;2;197;0;2m      [0m
 [38;2;0;0;0m [7m[38;2;130;1;3m▌[0m[38;2;184;4;4;48;2;162;1;3mz[38;2;187;3;4;48;2;165;1;3mz[38;2;190;5;8;48;2;141;2;4m:[0m [38;2;72;60;43my[38;2;57;62;71m_[38;2;62;57;46mn[38;2;56;65;68m▌[7m[38;2;56;58;50m▌[38;2;72;78;79m*[0m[38;2;94;100;97;48;2;45;51;52m▀[0m[38;2;111;125;119m=[38;2;80;82;69;48;2;42;49;48m▀[38;2;139;147;132;48;2;111;116;109m:[0m[38;2;51;79;97m▌[7m[38;2;102;91;76m▌[0m[38;2;137;142;138;48;2;103;110;115m.[0m [7m[38;2;127;2;3m▀[0m[38;2;170;3;5m▀[7m[38;2;135;2;4mr[0m[38;2;201;2;4;48;2;179;1;3mz[38;2;206;4;5;48;2;185;1;3mz[38;2;210;4;4;48;2;190;1;3mz[38;2;213;4;4mz[38;2;210;3;4;48;2;188;1;3mz[38;2;207;3;4;48;2;186;1;2mz[38;2;201;4;5;48;2;184;1;2mz[38;2;184;3;5;48;2;141;2;3m'[0m[38;2;143;6;7mL[38;2;113;3;4m▌[7m[38;2;133;2;3m▀[38;2;114;2;4m▀[0m[38;2;115;3;5m_      [0m [38;2;153;1;2m_[7m[38;2;168;1;3m▀[38;2;161;3;4m_[38;2;141;3;4m+[0m[38;2;107;1;3;48;2;168;2;3m"[38;2;199;3;4;48;2;176;1;2mz[38;2;198;3;4;48;2;175;1;2mz[0m[38;2;173;3;3m▌[0m [38;2;161;14;18m`      [0m
 [38;2;0;0;0m [7m[38;2;96;2;3m▌[0m[38;2;129;0;0;48;2;160;2;2m:[38;2;131;0;2;48;2;156;2;3m:[0m[38;2;96;5;6m▌[0m [7m[38;2;102;88;80m_[0m[38;2;88;81;90;48;2;113;108;108m:[0m[7m[38;2;114;109;107m▀[38;2;99;99;96m▀[0m[38;2;107;98;83m_[38;2;87;87;82m▀[38;2;100;105;104m▀[38;2;82;91;95m=[38;2;83;90;87m▀[38;2;73;65;54m_[38;2;103;97;82m_[38;2;108;101;95m_[7m[38;2;59;61;63m▀[0m   [38;2;126;3;5m▀[38;2;119;3;5m~[38;2;71;0;0;48;2;151;1;2mr[38;2;169;1;2;48;2;198;2;4mz[38;2;172;1;2;48;2;202;2;3mz[38;2;174;1;2;48;2;202;2;2mz[38;2;82;1;2;48;2;161;2;4m7[0m[7m[38;2;116;2;4m=[38;2;144;1;3m_[0m[38;2;71;1;2;48;2;166;2;4m`[38;2;89;1;2;48;2;145;2;3mh[38;2;154;1;1;48;2;81;2;3m_[0m[7m[38;2;126;3;4m▀[38;2;159;2;3mr[38;2;148;2;3m=[38;2;115;2;2m-[38;2;103;1;1m~[38;2;97;1;1m~[38;2;105;2;2m~[38;2;116;2;2m`[0m[38;2;176;1;6;48;2;134;1;3m'[38;2;63;0;1;48;2;168;2;3m=[38;2;90;1;1;48;2;150;2;3mf[38;2;70;0;1;48;2;167;2;4m`[0m[7m[38;2;162;2;4m_[0m[38;2;149;3;4m▀[38;2;114;1;3;48;2;153;1;2m^[38;2;187;1;2;48;2;162;2;3m'[0m[38;2;80;3;3m~[0m [7m[38;2;85;76;66m_[38;2;87;87;85m~[0m[38;2;84;88;85m_    [0m
[38;2;113;4;5m=[0m [38;2;42;4;3m [38;2;157;9;12m`[38;2;142;4;4m▀[38;2;116;10;9m,[7m[38;2;64;55;42m▌[0m[38;2;64;62;59;48;2;101;97;94m_[0m[7m[38;2;101;104;101mT[38;2;68;69;70m7[38;2;78;80;78m_[38;2;101;99;95m-[38;2;101;98;97m,[0m[38;2;129;130;127;48;2;108;107;107mz[38;2;128;129;127;48;2;103;102;101mz[38;2;127;128;127;48;2;105;104;104mz[38;2;127;129;128;48;2;106;107;110mz[38;2;128;130;130;48;2;105;108;114mz[38;2;129;131;132;48;2;104;108;118mz[0m[7m[38;2;84;96;108m_[0m [7m[38;2;76;72;62m▀[0m[38;2;87;96;98m▌[7m[38;2;97;3;5m▌[0m[38;2;146;20;19m`[7m[38;2;83;2;4m▌[38;2;80;3;4m$[0m[38;2;204;4;5;48;2;181;2;3mz[38;2;208;3;5;48;2;186;1;2mz[48;2;183;2;2mz[0m[7m[38;2;166;1;2m`[38;2;178;2;3m▀[0m[38;2;121;2;3m~[38;2;182;3;4m▀[38;2;135;2;4;48;2;171;2;3m,[0m[7m[38;2;151;2;3m~[38;2;134;2;3m▀[0m[38;2;120;2;3m▀[38;2;178;3;5m▀[7m[38;2;150;2;3m_[38;2;168;2;4m_[38;2;169;3;4m_[38;2;150;2;4m_[0m[38;2;183;2;4m▀[38;2;185;3;4m▀[38;2;175;4;5m▀[38;2;143;13;14m`[7m[38;2;157;1;4m▀[0m[38;2;197;6;6;48;2;162;2;3m:[0m[38;2;174;3;5m▀[38;2;115;12;12m` [7m[38;2;97;97;89m▌[38;2;98;105;102m▀[0m[38;2;141;138;128m`[7m[38;2;99;98;93m_[38;2;93;98;102m▀[0m [38;2;0;0;0m  [0m
  [38;2;181;1;3m_[38;2;92;1;5m_ [38;2;75;9;11m'[7m[38;2;119;2;3m▌[0m[38;2;67;4;5m,[38;2;63;59;55m▀[38;2;93;91;88m▀[38;2;111;113;107m*[7m[38;2;83;83;80m_[38;2;78;82;84m_[0m[38;2;133;136;129;48;2;50;54;54m-[38;2;71;77;80;48;2;57;60;61m~[0m[38;2;72;80;83m~[38;2;53;60;61m~[38;2;53;65;82m`[0m [38;2;138;132;124m_[0m [7m[38;2;91;87;84m_[0m[38;2;97;100;104m▌[0m [38;2;0;0;0m [38;2;118;1;3m▀[0m [38;2;214;0;4;48;2;181;2;3m_[38;2;222;0;2;48;2;189;2;3m_[38;2;221;2;5;48;2;190;2;2m_[38;2;220;3;3;48;2;191;2;2m-[38;2;222;0;5;48;2;190;2;2m_[38;2;198;0;2;48;2;180;2;3m,[0m[7m[38;2;194;2;3m▀[0m[38;2;202;2;4m_[38;2;141;2;3m▀[38;2;99;0;1;48;2;165;1;3m,[38;2;164;0;1;48;2;177;1;3m:[38;2;80;1;1;48;2;188;1;3m▀[0m[7m[38;2;171;1;3m▀[38;2;120;0;2m▀[0m[38;2;216;0;2m_[38;2;218;0;3m_[7m[38;2;182;2;5m▀[38;2;188;1;3m▀[38;2;151;2;3m`[0m[38;2;169;1;3;48;2;80;4;4m▀[38;2;132;116;94;48;2;78;4;4m_[0m [7m[38;2;114;104;95m▀[0m[38;2;91;76;74;48;2;113;108;103m:[0m[7m[38;2;85;85;88m▀[0m [38;2;78;73;64m▀[38;2;33;37;41;48;2;92;94;91m`[0m[38;2;79;87;89m_[7m[38;2;89;84;76my[0m[38;2;99;103;104m▌[0m [38;2;0;0;0m [0m
  [38;2;103;3;4m▀[7m[38;2;104;3;4m_[0m [38;2;0;0;0m [0m  [38;2;60;2;3m          [7m[38;2;107;106;96m▌[0m[38;2;130;135;131;48;2;107;109;113mz[38;2;142;149;143;48;2;97;103;105m:[0m[38;2;44;61;72mr[38;2;146;147;140;48;2;109;105;101m:[0m[7m[38;2;104;101;102m`[0m[38;2;76;83;87m▌[0m [7m[38;2;164;1;3m▀[0m[38;2;208;5;6;48;2;177;2;3m:[0m[7m[38;2;171;3;3m_[0m[38;2;206;4;5;48;2;184;1;3mz[38;2;207;3;6;48;2;184;1;2mz[38;2;215;6;6;48;2;184;2;3m:[0m[7m[38;2;156;3;4m_[0m[38;2;189;3;3m▀[38;2;204;5;6;48;2;171;2;3m:[0m[38;2;131;3;4m▌[0m [38;2;160;3;3m▀[7m[38;2;166;2;3m_[0m[38;2;154;0;0;48;2;183;3;3m_[38;2;200;4;5;48;2;179;1;2mz[38;2;202;3;5;48;2;180;1;2mz[38;2;205;4;5;48;2;183;1;2mz[48;2;182;1;2mz[38;2;155;0;0;48;2;181;3;3m-[0m[38;2;108;5;6m▌[38;2;61;43;29;48;2;105;91;80m^[38;2;140;132;127;48;2;115;108;108mz[0m[7m[38;2;104;103;105m▀[0m[38;2;119;110;91m`[38;2;119;115;114m▀[38;2;126;128;129;48;2;102;104;109mz[0m[38;2;69;81;91m▌[38;2;70;77;84m_[7m[38;2;79;77;68m▌[0m[38;2;135;145;137;48;2;94;104;104m:[0m [38;2;111;109;96;48;2;105;120;122m▌[0m [38;2;0;0;0m [0m
 [38;2;0;0;0m  [0m [38;2;65;4;7m~        [0m [7m[38;2;92;86;75m▀[38;2;100;99;96m`[38;2;100;101;99m`[38;2;101;103;101m`[0m[38;2;91;93;90;48;2;109;117;114mz[0m[7m[38;2;89;96;93m_[0m[38;2;94;107;108m▀[7m[38;2;98;97;80m▌[0m[38;2;97;93;87;48;2;118;119;114mz[38;2;89;78;73;48;2;106;108;110m:[0m [38;2;90;2;4m~[38;2;140;2;3m▀[7m[38;2;148;2;3m▀[0m[38;2;130;2;3;48;2;174;1;3m~[38;2;214;3;3;48;2;182;1;2m-[38;2;98;1;1;48;2;154;3;4mu[0m[38;2;102;4;5m` [38;2;179;3;3m_[38;2;175;2;3;48;2;149;2;3m,[0m[38;2;105;3;3m▌[0m [38;2;196;3;3m_[38;2;197;3;3m_[38;2;202;3;3m_[7m[38;2;110;2;3ma[0m[38;2;165;1;2m▀[7m[38;2;165;2;3m_[0m[38;2;198;3;5;48;2;176;1;3mT[38;2;173;3;3;48;2;76;5;5m▌[0m [38;2;107;96;90m▀[38;2;88;76;68;48;2;110;103;99m:[38;2;94;86;84;48;2;116;113;112mz[38;2;82;75;71;48;2;104;105;104m:[0m[7m[38;2;83;94;97m▀[0m[38;2;55;67;71m~[38;2;65;62;52m7[38;2;99;100;98m▀[7m[38;2;81;84;84m`[38;2;108;113;109m▀[38;2;83;89;84m`[0m[38;2;81;98;103m▀[0m [38;2;0;0;0m [0m
 [38;2;0;0;0m            [7m[38;2;90;88;80m~[38;2;81;93;101m_[38;2;66;70;70m*[0m[38;2;90;96;100m▀[38;2;109;114;116m▀[38;2;116;142;146;48;2;79;95;100m:[0m[7m[38;2;95;93;81m▀[38;2;99;101;97m~[0m[38;2;82;79;81;48;2;114;117;112m-[38;2;84;79;81;48;2;117;119;117m-[38;2;134;140;143;48;2;87;95;100m:[0m [38;2;101;3;7m^[7m[38;2;156;2;4m▌[0m[38;2;184;3;2;48;2;167;1;2mz[38;2;192;3;2;48;2;170;2;3mL[38;2;207;4;4;48;2;173;2;3m.[0m[38;2;132;4;5m▌ [38;2;110;2;2mf[38;2;129;5;6m▀[38;2;81;0;3m_[7m[38;2;157;2;3m▀[38;2;151;1;3m`[0m[38;2;169;3;3m▀[38;2;168;3;3m▀[38;2;170;2;4m▀[7m[38;2;142;2;3m_[38;2;154;2;3m`[38;2;100;2;3m▀[38;2;164;2;4m▌[0m[38;2;81;5;6m▌  [38;2;70;66;54m`[38;2;105;104;100m▀[38;2;96;109;113m▀[7m[38;2;66;70;65mF[38;2;103;106;107m▀[38;2;74;78;77m▀[0m[38;2;88;89;89m_[38;2;91;89;82m_[7m[38;2;91;94;90mT[0m[38;2;79;90;90m▌   [0m
 [38;2;0;0;0m       [0m [38;2;78;7;10m+   [38;2;82;71;66m`[7m[38;2;90;87;73m▀[0m[38;2;94;91;88;48;2;113;117;112mz[38;2;94;92;88;48;2;113;119;115mz[38;2;42;48;51;48;2;106;119;116m▀[0m [7m[38;2;94;96;80m▀[38;2;73;75;72ms[0m[38;2;94;98;98;48;2;50;50;46m▀[0m[7m[38;2;86;87;87m=[0m[38;2;105;104;105m▀[38;2;99;92;85;48;2;48;52;56m=[0m [38;2;0;0;0m [0m [7m[38;2;115;1;2m▀[0m[38;2;200;3;6m_[38;2;199;3;6m_[38;2;199;4;4m_[7m[38;2;163;2;3m▀[38;2;142;2;3m~[38;2;142;3;4m_[0m[38;2;121;3;4m▀[7m[38;2;82;68;56m▀[38;2;106;94;89m~[38;2;120;108;104m`[38;2;116;107;102m`[38;2;120;116;115m▀[38;2;85;1;2m▌[0m[38;2;178;3;7;48;2;153;3;4m'[0m[38;2;58;2;3m"      [38;2;78;74;60m~[38;2;101;98;98m▀[7m[38;2;87;88;88m_[38;2;91;95;95m_[38;2;87;91;90m_[0m[38;2;93;101;100m▀[38;2;21;38;54m"   [0m
 [38;2;0;0;0m          [0m [7m[38;2;61;58;49m▀[38;2;86;86;80m~[0m[38;2;78;76;80;48;2;107;110;109m-[38;2;78;76;78;48;2;107;111;109m-[38;2;78;77;79;48;2;107;112;110m-[38;2;77;79;80;48;2;103;114;113m-[0m[38;2;42;54;57mM[7m[38;2;89;92;90m_[38;2;63;74;79m_[0m[38;2;91;90;80m▀[38;2;59;69;76m▀[7m[38;2;92;90;87m_[0m[38;2;55;71;82m▌[38;2;87;97;98m▀ [0m [38;2;163;2;2m▀[38;2;164;1;3m▀[7m[38;2;122;2;2m_[0m[38;2;164;1;3m▀[38;2;157;3;4m▀[38;2;101;4;3m~[0m [38;2;0;0;0m [7m[38;2;82;74;70m▌[0m[38;2;130;132;134;48;2;112;106;104m:[38;2;87;77;80;48;2;116;112;111m-[38;2;85;78;80;48;2;114;112;111m-[38;2;85;77;79;48;2;114;113;110m-[38;2;56;58;63;48;2;101;102;100m"[0m[7m[38;2;97;44;45m=[0m [38;2;68;5;5mL               [0m
 [38;2;0;0;0m      [0m [38;2;131;123;102m_[7m[38;2;87;79;69m▀[38;2;120;115;113m▀[0m[38;2;80;77;61;48;2;109;105;101m~[38;2;110;101;99;48;2;118;118;119mz[38;2;109;102;97;48;2;116;119;118mz[38;2;108;102;96;48;2;116;119;117mz[38;2;108;103;97;48;2;114;119;118mz[0m[7m[38;2;91;101;103m_[0m[38;2;50;66;72m▀[38;2;78;94;93m_                [0m [7m[38;2;91;92;92m▀[0m[38;2;125;105;85m`[38;2;113;108;106m▀[38;2;95;88;74;48;2;112;110;107m,[38;2;113;104;96;48;2;121;119;115mc[38;2;113;105;97;48;2;123;122;118mz[38;2;112;104;97;48;2;122;122;117mz[38;2;41;43;42;48;2;107;106;104m`[0m[7m[38;2;119;118;116m▀[38;2;91;89;86m▀[0m[38;2;135;138;126m_[0m [38;2;24;25;25m            [0m
 [38;2;0;0;0m   [0m [38;2;75;70;66ma[38;2;102;104;106ma[7m[38;2;94;93;91m_[38;2;106;106;106m_[38;2;108;108;107m__[38;2;107;106;107m_[38;2;97;98;100m_[0m[38;2;112;113;114m▀[38;2;94;104;107m▀[38;2;49;63;73m~[0m [7m[38;2;59;51;35m▌[0m[38;2;122;131;135;48;2;104;105;103m:[0m[7m[38;2;90;93;94m▀[0m [38;2;55;44;36m_[38;2;38;36;36m_[7m[38;2;59;63;68m▀[0m  [38;2;80;0;1m_[38;2;100;0;1m_[38;2;122;0;2m_[38;2;95;0;1m_[0m  [7m[38;2;74;66;67m▀[0m[38;2;61;68;81m,[38;2;55;39;29m_[7m[38;2;96;88;83m~[0m[38;2;125;128;133;48;2;97;104;111m:[0m [38;2;0;0;0m [0m [38;2;71;68;66m▀[38;2;112;110;109m▀[7m[38;2;92;90;90m_[38;2;107;107;108m_[0m[38;2;61;69;79;48;2;108;109;110m_[38;2;79;70;71m-[38;2;77;70;69;48;2;109;109;110m-[38;2;121;126;130;48;2;102;101;100m:[0m[7m[38;2;92;94;94m~[38;2;79;83;83m~[0m[38;2;90;101;106mm[38;2;48;66;78mr        [0m
 [38;2;0;0;0m          [0m [7m[38;2;121;1;3m~[0m[38;2;172;1;2;48;2;146;3;4m:[0m[38;2;74;4;5m▌  [0m [7m[38;2;106;100;99m_[38;2;108;104;104m_[0m[38;2;94;86;89;48;2;50;34;44m▌[0m[38;2;172;5;6m_[7m[38;2;142;3;3m▀[0m[38;2;70;9;12;48;2;165;3;3m▀[38;2;124;2;4;48;2;154;3;4m'[38;2;91;7;5;48;2;165;2;3m_[0m[7m[38;2;163;2;3m_[0m[38;2;133;3;3;48;2;165;2;3m,[38;2;166;2;2;48;2;178;2;3m^[38;2;168;1;2;48;2;180;2;3m^[38;2;165;3;2;48;2;177;2;3m^[0m[7m[38;2;146;2;3m`[38;2;169;3;4m▀[0m[38;2;82;29;34m▌[38;2;103;85;74m▀[38;2;121;110;108m▀[38;2;86;93;100m▀[0m  [38;2;158;9;8m_[38;2;170;1;5;48;2;138;3;4m:[0m[7m[38;2;120;3;4m_[0m [38;2;0;0;0m [0m [38;2;69;76;79m`[38;2;86;95;99m`[38;2;67;78;86m`[0m [38;2;0;0;0m           [0m
 [38;2;0;0;0m       [0m [38;2;97;1;3m▀[7m[38;2;100;2;3m_[38;2;130;2;3m_[38;2;110;2;2m_[38;2;134;2;2m▀[38;2;154;2;2m▀[38;2;133;2;3m~[38;2;142;2;3m~[38;2;144;1;2m`[38;2;131;3;4m=[38;2;82;2;3m*[0m[38;2;91;2;2m~[38;2;112;1;1m`[0m    [38;2;73;2;2mf[38;2;158;2;3m▀[7m[38;2;137;2;3mL[38;2;148;3;4m_[38;2;163;2;3m__[0m[38;2;78;2;2;48;2;128;2;3m7[0m[7m[38;2;132;1;3m~[38;2;145;2;3m~[38;2;145;1;2m`[38;2;128;2;3m`[38;2;82;2;4m=[0m[38;2;125;0;1m_[0m [38;2;50;3;1m                    [0m
 [38;2;0;0;0m            [0m [38;2;98;2;5m~[38;2;118;2;2m▀[38;2;163;2;5m▀[38;2;168;2;5m▀[38;2;147;2;3m▀[7m[38;2;134;2;3m=[38;2;168;2;3m▀[38;2;117;2;4m`[0m[38;2;93;5;6m~[7m[38;2;156;2;3m▀[0m[38;2;102;2;2;48;2;170;2;3m~[38;2;197;3;5;48;2;181;2;4m,[0m[7m[38;2;160;2;4m`[38;2;158;2;3m~[0m[38;2;179;1;2;48;2;189;2;3m^[38;2;173;3;4;48;2;184;3;4m^[0m[7m[38;2;150;2;3m`[0m[38;2;160;8;6m,[7m[38;2;127;2;4m`[0m[38;2;86;1;3;48;2;171;2;2m▀[38;2;111;2;3;48;2;134;2;3m![0m[7m[38;2;128;3;4m-[0m[38;2;164;3;5m▀[38;2;142;2;4m▀[38;2;140;3;5m▀[38;2;116;4;5m~                    [0m
 [38;2;0;0;0m                 [0m [38;2;134;2;4m▀[38;2;130;3;4m▀[7m[38;2;141;1;1m▀[0m[38;2;139;0;1;48;2;154;2;2m:[38;2;152;1;2;48;2;170;2;3mg[38;2;154;1;2;48;2;173;2;3mg[38;2;158;1;2;48;2;176;1;2mg[38;2;159;1;1;48;2;177;1;2mg[38;2;160;1;1;48;2;179;2;3mg[48;2;180;2;3mg[38;2;158;1;1;48;2;177;2;3mg[38;2;153;1;1;48;2;174;2;2mg[38;2;140;0;1;48;2;156;2;3m,[0m[7m[38;2;82;2;2m▀[0m[38;2;153;1;2m▀[38;2;135;3;4m▀[0m [38;2;53;1;2m                        [0m
 [38;2;0;0;0m                   [0m [38;2;120;2;2m▀[7m[38;2;138;2;2m_[0m[38;2;185;2;5;48;2;164;2;3m:[38;2;188;3;4;48;2;172;2;3m'[38;2;190;3;4;48;2;174;2;3m'[38;2;192;2;5;48;2;156;3;3m:[38;2;193;4;3;48;2;154;2;3m'[38;2;193;4;4;48;2;178;2;2m'[38;2;190;4;4;48;2;175;2;3m'[38;2;187;2;6;48;2;161;3;3m:[0m[38;2;172;2;3m▀[38;2;106;4;5m▀                           [0m
