[0m [38;2;0;0;0m                                        [7m[38;2;72;3;4m▌[0m [38;2;0;0;0m                 [0m
 [38;2;0;0;0m                                       [0m [7m[38;2;127;0;2m^[0m[38;2;109;4;5m▌            [0m [7m[38;2;92;3;4m▀[0m[38;2;6;0;1m   [0m
 [38;2;0;0;0m                                   [0m [38;2;78;0;0m_[7m[38;2;83;1;1m▀[38;2;120;1;2m▀[38;2;135;1;2m~[38;2;153;2;4m_[0m[38;2;75;5;4m^           [0m [7m[38;2;107;2;2m~[0m[38;2;54;0;0;48;2;103;3;3m_[0m[38;2;54;0;0m   [0m
 [38;2;0;0;0m                                [0m [7m[38;2;128;1;3m▀[38;2;123;1;2m~[0m[38;2;173;6;6;48;2;136;1;2m-[38;2;153;3;3;48;2;131;2;2m'[0m[38;2;139;2;2m▀[38;2;136;2;2m▀[38;2;143;6;8m~[0m [38;2;0;0;0m      [0m [7m[38;2;87;2;4m▀[0m[38;2;8;0;0m    [7m[38;2;125;1;3m▌[0m[38;2;127;1;1;48;2;144;2;3mz[0m[38;2;134;3;4m▌   [0m
 [38;2;0;0;0m  [0m [38;2;56;0;2m_                            [7m[38;2;119;2;2m▌[0m[38;2;119;0;0;48;2;149;2;2m-[38;2;118;0;1;48;2;149;2;3m-[0m[38;2;129;4;4m▌[0m   [38;2;0;0;0m        [7m[38;2;89;1;2m▀[38;2;125;3;4m_[0m [38;2;0;0;0m   [38;2;158;6;6;48;2;122;1;2m:[38;2;171;4;3;48;2;150;2;2m:[0m[38;2;81;4;5m▌   [0m
 [38;2;0;0;0m   [7m[38;2;114;1;3m▌[0m[38;2;128;1;3m▌               [0m [7m[38;2;109;2;3m▀[0m[38;2;67;7;7m[    [38;2;75;1;2m_[38;2;75;3;3my[38;2;74;6;4m+  [0m [38;2;145;0;2;48;2;159;2;3mc[38;2;188;5;2;48;2;155;2;3m_[0m[38;2;146;3;4m▌[0m  [38;2;101;4;4m▌     [0m [7m[38;2;105;2;3m▀[38;2;118;2;2m~[0m[38;2;134;2;1m▀[0m [38;2;58;4;5m   [38;2;83;1;2m_[7m[38;2;124;2;3m_[0m[38;2;140;7;9m`    [0m
 [38;2;0;0;0m   [38;2;140;2;4;48;2;108;1;1m:[0m[38;2;131;4;5m▌            [38;2;105;3;3ma[0m [38;2;0;0;0m [38;2;108;5;4mz[38;2;88;1;2m~     [38;2;75;3;4;48;2;96;2;3mM[0m [38;2;0;0;0m   [0m [38;2;180;6;5;48;2;148;1;2m.[38;2;172;3;4;48;2;154;1;2mL[38;2;175;3;6;48;2;156;1;2mL[0m[7m[38;2;135;2;3m`[38;2;153;2;2m▀[0m[38;2;67;0;2;48;2;112;2;3m"[0m[38;2;67;0;2m     [7m[38;2;121;2;3m▌[0m[38;2;139;2;3m▀[38;2;124;3;5m`     [0m  [38;2;0;0;0m     [0m
 [38;2;0;0;0m  [0m [38;2;156;3;4;48;2;136;3;4m'[0m [38;2;0;0;0m            [7m[38;2;128;2;4m▌[0m[38;2;106;6;7m_ [0m [38;2;39;3;6m     [0m [38;2;173;1;4;48;2;147;2;3m,[0m[38;2;125;5;5m▌[0m [38;2;145;3;4m_[7m[38;2;162;2;3m▀[0m[38;2;65;0;0;48;2;153;2;2m`[38;2;212;6;5;48;2;174;2;2m_[38;2;173;1;3;48;2;183;3;3mW[38;2;175;1;3;48;2;184;3;3mW[38;2;174;2;3;48;2;183;3;3mW[38;2;171;1;4;48;2;179;2;3m1[38;2;167;1;3;48;2;175;2;3mW[0m[38;2;105;3;4m▌ [0m [38;2;110;3;4m▌ [38;2;96;4;6mf   [0m [38;2;107;3;4m▌         [0m
 [38;2;0;0;0m  [0m [38;2;100;2;3m▀             [0m [38;2;134;1;2;48;2;139;1;2m'[0m[7m[38;2;128;2;3m▀[0m[38;2;80;0;0m_   [38;2;69;0;1m_[0m  [38;2;150;0;1;48;2;161;1;2m'[38;2;172;1;2;48;2;162;1;2mW[38;2;123;1;4;48;2;168;1;2m`[38;2;156;0;1;48;2;175;1;2m'[38;2;164;0;2;48;2;177;1;2m'[38;2;164;0;1;48;2;178;1;2m'[38;2;167;0;1;48;2;180;1;2m''[48;2;178;1;2m'[38;2;184;2;2;48;2;176;1;2m^[38;2;151;1;3;48;2;170;1;3my[0m[7m[38;2;131;1;3m=[0m[38;2;154;1;3;48;2;162;1;3m;[0m[7m[38;2;136;2;3m▀[38;2;152;1;3m▌[0m[38;2;152;1;3;48;2;65;3;4m▌[0m[38;2;152;1;3m   [38;2;76;3;3my[0m  [38;2;138;1;2;48;2;101;2;3m,[0m[38;2;138;1;2m [38;2;59;4;4mL       [0m
 [38;2;0;0;0m   [0m  [38;2;0;0;0m [0m [38;2;55;8;7m,   [0m [7m[38;2;108;3;5m▀[0m [38;2;0;0;0m    [7m[38;2;139;2;4m▌[0m[38;2;149;1;3;48;2;163;2;3mC[38;2;175;2;4;48;2;159;2;3m=[0m[38;2;134;2;3m▌  [38;2;79;0;3m`[7m[38;2;145;2;4m▀[38;2;169;2;4m▀[0m[38;2;190;2;4;48;2;173;2;3m=[38;2;194;3;4;48;2;177;2;3m=[38;2;199;3;4;48;2;182;2;3m=[38;2;202;3;4;48;2;184;2;3m=[38;2;202;3;5m=[38;2;203;2;2;48;2;186;2;3m=[38;2;204;2;2;48;2;187;1;3m=[38;2;176;1;2;48;2;193;2;3mM[38;2;173;1;2;48;2;188;2;3mC[38;2;195;2;3;48;2;178;2;3m=[38;2;100;5;5;48;2;157;2;2m_[0m[38;2;157;3;3m▀[38;2;93;3;3m▀[7m[38;2;119;3;3mK[38;2;139;2;2m_[0m[38;2;72;5;4m^ [0m [7m[38;2;142;2;4m▀[0m[38;2;150;3;4m▌ [0m [38;2;161;11;13m` [7m[38;2;126;2;3m▌[0m[38;2;113;8;10m_   [38;2;117;1;6m,  [0m
 [38;2;0;0;0m      [0m [38;2;93;1;3m▀[7m[38;2;131;2;2m▀[0m[38;2;103;0;0m_  [38;2;81;0;1m▀[38;2;90;2;3m▌  [0m [38;2;0;0;0m [0m [38;2;56;0;1;48;2;131;1;2m,[38;2;147;0;2;48;2;163;1;2m'[38;2;154;2;3;48;2;125;2;2m,[0m[38;2;154;2;3m  [7m[38;2;108;1;2m▀[0m[38;2;153;0;1;48;2;165;1;2m'[38;2;157;0;1;48;2;175;1;2m'[38;2;161;0;2;48;2;179;1;3m'[38;2;166;0;2;48;2;182;2;3m'[38;2;170;0;2;48;2;185;1;3m'[38;2;173;0;2;48;2;186;1;3m'[38;2;173;0;1;48;2;186;1;2m'[38;2;194;2;2;48;2;185;2;2m^[38;2;171;0;1;48;2;186;2;2m'[38;2;193;1;1;48;2;184;1;2m^[38;2;164;0;1;48;2;181;1;2m'[38;2;187;1;3;48;2;176;1;2m^[0m[38;2;79;3;3m▌[7m[38;2;111;2;4m^[0m  [38;2;59;1;2m  [7m[38;2;116;1;2m▀[0m[38;2;92;0;2;48;2;157;1;3m~[38;2;144;0;2;48;2;160;1;3m'[38;2;152;2;2;48;2;68;3;4m▌[0m[38;2;152;2;2m [0m [7m[38;2;134;1;3m▀[38;2;125;1;2m~[0m[38;2;139;0;3;48;2;141;1;2m'[0m[38;2;96;4;4m▌   [38;2;112;4;4m$[0m [38;2;0;0;0m [0m
 [38;2;0;0;0m        [38;2;111;2;3m~[38;2;155;2;3;48;2;164;2;3mM[0m[7m[38;2;137;2;2m▀[0m [38;2;0;0;0m    [38;2;88;5;6mt [38;2;71;1;3my[38;2;193;3;6;48;2;160;1;3m:[38;2;187;6;8;48;2;150;3;4m:[0m[38;2;108;2;4m_[38;2;88;3;4m▌[7m[38;2;100;1;2m▌[0m[38;2;192;3;3;48;2;175;2;2mg[38;2;195;2;3;48;2;181;2;3mg[38;2;200;2;3;48;2;185;2;2mg[38;2;202;2;4;48;2;187;2;3mg[38;2;185;2;4;48;2;195;2;4mT[38;2;187;2;3mM[48;2;194;2;3mM[38;2;155;2;5;48;2;187;3;4m_[38;2;200;2;4;48;2;188;2;3mg[38;2;199;2;2;48;2;187;2;2mg[38;2;200;2;3mg[38;2;201;1;4;48;2;186;2;3mp[38;2;70;3;3;48;2;168;3;4m,[0m[7m[38;2;132;3;5mI[0m[38;2;202;3;6;48;2;152;2;4m:[0m[38;2;187;2;2m_[7m[38;2;101;1;2m▀[38;2;161;2;3m▀[38;2;176;2;3m▀[0m[38;2;188;3;3;48;2;170;2;3mg[38;2;166;2;3;48;2;178;2;3mT[38;2;194;3;3;48;2;158;3;3m:[0m [38;2;61;5;4m [7m[38;2;148;1;2m▌[0m[38;2;172;2;3;48;2;159;2;2mp[0m[38;2;139;3;4m▀[38;2;93;11;13m`[0m [38;2;0;0;0m  [0m [38;2;186;1;3;48;2;159;1;3m:[0m[38;2;146;3;4m▌ [0m
 [38;2;0;0;0m  [0m [7m[38;2;106;2;2m▀[0m[38;2;17;0;0m [7m[38;2;89;1;2m▀[0m [38;2;0;0;0m  [7m[38;2;124;1;2m,[0m[38;2;148;0;3;48;2;164;1;2m'[0m[38;2;142;3;4m▌    [0m  [7m[38;2;158;2;3m▌[0m[38;2;169;0;1;48;2;174;1;3m;[0m[7m[38;2;147;2;3m~[0m[38;2;85;1;2;48;2;135;2;3mu[0m[7m[38;2;102;1;2m▀[0m[38;2;153;0;3;48;2;176;1;3m'[38;2;160;0;2;48;2;182;2;2m'[38;2;161;0;2;48;2;183;1;3m'[38;2;165;0;3;48;2;185;1;3m'[38;2;167;0;3;48;2;186;1;3m'[48;2;185;1;3m'[38;2;165;0;3m'[38;2;149;0;0;48;2;180;2;2m`[0m[7m[38;2;133;2;3m|[0m[38;2;162;0;1;48;2;181;2;2m'[38;2;160;0;2;48;2;180;2;2m'[38;2;162;0;2;48;2;180;1;3m'[38;2;162;0;1;48;2;181;2;3m'[0m[7m[38;2;146;2;3m'[0m[38;2;132;0;1;48;2;179;1;3m`[38;2;164;0;3;48;2;182;1;3m'[38;2;171;0;1;48;2;183;1;3m=[38;2;189;2;3;48;2;177;1;2mK[38;2;158;0;2;48;2;180;2;2m'[38;2;157;0;2;48;2;179;2;2m'[38;2;157;0;1;48;2;176;2;2m'[38;2;155;0;2;48;2;173;2;2m'[38;2;160;1;1;48;2;145;2;2m,[0m[38;2;66;2;0m, [38;2;140;1;1;48;2;126;1;2m:[0m[38;2;130;2;3m▀ [7m[38;2;77;4;4m▌[0m[38;2;13;0;0m   [0m [38;2;166;1;2;48;2;170;1;2mp[0m[38;2;154;3;4m▌ [0m
 [38;2;0;0;0m  [0m [38;2;178;2;5;48;2;142;2;4m:[0m[7m[38;2;116;2;4m▀[38;2;139;2;4m▌[0m[38;2;72;4;5;48;2;132;2;3m"[0m[38;2;51;4;7m, [7m[38;2;155;2;4m▌[0m[38;2;178;2;4;48;2;165;2;3mg[38;2;87;3;4;48;2;126;4;5m_[0m[38;2;87;3;4m  [38;2;64;3;8m_ [38;2;109;6;11m`[7m[38;2;130;2;4m▀[0m [38;2;210;2;7;48;2;178;1;3m:[38;2;199;3;3;48;2;186;2;3mg[38;2;201;2;4;48;2;188;2;3mg[38;2;203;3;3;48;2;190;2;3mg[38;2;205;2;4;48;2;193;2;3mg[38;2;205;2;3;48;2;192;2;2mg[48;2;192;2;3mg[38;2;204;2;3;48;2;190;2;3mg[38;2;203;3;3mg[38;2;205;2;4;48;2;189;2;2mz[0m[7m[38;2;167;3;3m_[38;2;118;3;5m*[0m[38;2;68;1;1;48;2;187;2;3m▌[0m[7m[38;2;159;4;5my[0m[38;2;176;5;5m▀[7m[38;2;146;2;4m-[0m[38;2;65;2;4;48;2;172;2;4m=[38;2;56;2;3;48;2;122;4;5mf[38;2;177;1;4;48;2;194;2;3mT[38;2;205;2;3;48;2;190;2;3mg[38;2;206;2;4;48;2;191;2;3mg[38;2;204;2;3;48;2;189;2;2mg[38;2;204;3;4;48;2;185;3;3ms[0m[38;2;129;3;5m▀[38;2;214;3;5;48;2;179;2;3m:[38;2;197;3;4;48;2;183;2;3mg[38;2;196;2;4;48;2;179;2;3mg[38;2;83;4;3;48;2;146;2;3m"[0m [7m[38;2;140;5;5m▌[0m [38;2;0;0;0m [7m[38;2;155;3;5m▌[38;2;107;2;3m▀[0m [38;2;0;0;0m [7m[38;2;80;0;2m▌[0m[38;2;192;2;5;48;2;150;3;4m:[0m [38;2;61;6;7m [0m
 [38;2;0;0;0m   [7m[38;2;130;1;2m▌[0m[38;2;138;0;1;48;2;157;1;3mg[0m[7m[38;2;147;1;3m`[0m[38;2;120;0;0;48;2;140;1;3m:[0m[38;2;124;2;3m▌[0m [7m[38;2;120;1;3m▌[0m[38;2;143;1;3;48;2;161;1;3mz[0m[38;2;135;3;4m▌  [7m[38;2;139;3;4m▌[0m[38;2;119;0;0m_[7m[38;2;133;1;3m▌[0m[38;2;153;1;1;48;2;172;1;2mz[0m[38;2;108;2;3m▌[38;2;72;0;1;48;2;175;1;3m▌[38;2;162;1;1;48;2;183;2;3mg[38;2;163;1;2;48;2;184;2;4mg[38;2;74;0;1;48;2;177;2;3m_[38;2;164;1;2;48;2;185;2;2mg[38;2;182;2;3;48;2;149;2;2m'[38;2;103;0;2;48;2;170;1;3m,[38;2;167;0;2;48;2;187;1;3mg[38;2;170;2;3;48;2;79;3;3m▀[0m[7m[38;2;118;2;2mf[38;2;153;1;2m~[0m[38;2;170;1;2;48;2;181;2;3mq[0m[7m[38;2;110;4;5my[38;2;143;1;2m~[0m[38;2;169;1;1;48;2;188;1;3mz[38;2;168;0;1;48;2;189;1;3mg[38;2;169;1;2;48;2;181;2;3mu[0m[7m[38;2;132;2;3m[[0m[38;2;171;0;2;48;2;189;1;3mg[38;2;171;0;1;48;2;190;1;3mg[38;2;171;0;2mg[38;2;156;0;1;48;2;175;2;4m:[0m[38;2;103;3;2m▀[0m [7m[38;2;177;2;3m▌[0m[38;2;164;1;2;48;2;184;2;3mg[38;2;160;1;1;48;2;181;1;2mg[38;2;172;1;4;48;2;146;1;2m'[0m[38;2;105;4;4m▌[38;2;136;0;0;48;2;159;1;2m:[0m  [38;2;76;0;2m_[38;2;120;0;3;48;2;147;1;1m,[0m[7m[38;2;128;2;2m`[0m  [38;2;97;4;5m▌  [0m
[38;2;128;4;4m=[7m[38;2;86;3;4m▀[0m[38;2;8;0;0m  [0m [38;2;152;2;3m▀[38;2;115;2;4;48;2;158;2;4m_[38;2;186;3;6;48;2;153;3;4m:[0m[38;2;128;3;7m`[38;2;116;4;8m\[0m [7m[38;2;111;1;3m▌[0m[38;2;162;2;3m▌  [7m[38;2;143;2;4m▌[0m[38;2;136;1;1;48;2;170;2;3m^[38;2;195;2;5;48;2;174;2;3mz[38;2;198;3;4;48;2;177;2;3mz[38;2;211;4;6;48;2;170;3;4m:[0m[7m[38;2;122;2;4m\[0m[38;2;203;3;3;48;2;181;2;2mz[38;2;203;3;5;48;2;182;2;3mz[0m[38;2;110;4;4m▌[38;2;130;2;3m▀[38;2;132;4;5m▀[7m[38;2;88;2;4m▌[0m[38;2;216;4;5;48;2;180;3;4m:[0m[7m[38;2;142;3;4m[[0m[38;2;209;3;5;48;2;189;2;3mz[38;2;212;3;4;48;2;192;2;3mz[38;2;211;3;5;48;2;190;2;3mz[0m[7m[38;2;155;3;3m'[0m[38;2;209;3;4;48;2;191;2;3mz[38;2;209;2;4;48;2;188;2;3mz[38;2;208;3;4;48;2;188;2;2mz[38;2;152;5;5;48;2;75;4;4m▌[38;2;220;4;8;48;2;172;2;3m:[38;2;207;3;4;48;2;185;2;3mz[38;2;115;0;2;48;2;184;3;3m_[38;2;210;3;3;48;2;192;2;3mq[38;2;221;4;3;48;2;190;3;3m:[38;2;221;4;5;48;2;181;2;3m:[38;2;220;4;6;48;2;185;2;3m:[38;2;93;1;2;48;2;173;2;3m~[38;2;207;3;4;48;2;185;2;3mz[38;2;205;3;4;48;2;183;2;3mz[38;2;198;3;5;48;2;175;3;4ms[0m [38;2;154;1;3;48;2;175;2;4mM[0m[38;2;160;5;6m▌[7m[38;2;130;2;3m▌[0m[38;2;196;3;4;48;2;162;2;3m:[38;2;193;4;5;48;2;158;2;3m:[38;2;190;5;4;48;2;156;3;4m:[0m   [38;2;0;0;0m  [0m
 [38;2;0;0;0m  [0m  [38;2;0;0;0m [38;2;81;4;7m'[38;2;88;2;3m▀[0m [7m[38;2;85;77;66m▀[38;2;54;55;57m▀[38;2;90;87;80m▀[0m[38;2;143;6;8m"[38;2;68;53;37m_[7m[38;2;125;112;107m▀[38;2;83;79;84m▀[0m[38;2;60;0;1;48;2;143;1;3m,[38;2;157;1;2;48;2;181;1;3mz[38;2;162;1;2;48;2;185;1;3mz[38;2;164;1;2;48;2;188;1;3mz[38;2;156;0;2;48;2;172;2;4m:[38;2;119;1;2;48;2;163;1;3mh[38;2;165;0;1;48;2;187;1;3mc[0m[7m[38;2;150;2;3m`[0m[38;2;181;1;3m_ [38;2;123;2;5;48;2;149;1;3m~[38;2;149;0;0;48;2;170;1;3m:[38;2;172;1;1;48;2;189;1;3mz[38;2;177;1;2;48;2;200;1;3mz[38;2;178;1;2;48;2;201;1;3mz[38;2;172;1;2;48;2;195;2;3mg[38;2;175;1;1;48;2;198;2;3mz[38;2;173;1;1;48;2;196;2;3mz[38;2;172;1;2;48;2;195;2;4mz[0m[7m[38;2;153;3;4my[38;2;140;2;4m^[38;2;116;3;4mz[38;2;193;2;3m▀[0m[38;2;153;0;3;48;2;192;1;3m`[38;2;179;1;1;48;2;201;1;2mz[48;2;202;1;3mz[38;2;178;1;1;48;2;201;2;3mz[38;2;174;1;1;48;2;198;1;3mz[38;2;170;1;1;48;2;193;1;3mz[38;2;166;1;1;48;2;189;1;3mz[38;2;162;1;1;48;2;187;1;2mz[38;2;161;1;1;48;2;183;2;4mz[0m[7m[38;2;92;2;3mI[0m[38;2;78;2;2;48;2;142;3;5my[0m [7m[38;2;157;2;4m▀[38;2;140;2;3m_[0m[38;2;135;2;2m▀[0m [38;2;54;1;1m     [0m
 [38;2;0;0;0m  [0m [38;2;113;4;4m▌  [38;2;91;87;72m_[7m[38;2;96;95;92m▀[0m[38;2;117;122;123;48;2;104;103;101mg[38;2;96;96;97;48;2;113;116;116mR[38;2;97;97;97;48;2;114;116;115mR[38;2;45;56;65;48;2;86;87;88m~[38;2;55;51;44;48;2;101;96;89m~[38;2;104;96;96;48;2;123;116;113mR[38;2;106;97;97;48;2;122;115;116mR[0m[7m[38;2;92;29;36mI[0m[38;2;140;0;0;48;2;176;3;2m-[38;2;77;3;4;48;2;142;3;5my[38;2;149;0;0;48;2;182;3;3m-[38;2;206;7;6;48;2;164;3;3m:[38;2;108;0;1;48;2;159;2;3m,[38;2;153;0;3;48;2;188;3;3m--[48;2;188;3;4m-[0m[38;2;160;3;3m▌[38;2;211;6;8;48;2;170;2;3m:[38;2;155;0;0;48;2;191;3;3m-[38;2;195;3;3;48;2;179;2;3m▀[38;2;199;3;4;48;2;184;2;3m▀[38;2;183;4;4;48;2;89;2;2m▀[38;2;88;1;3;48;2;158;2;3mF[38;2;207;4;5;48;2;191;2;2mz[38;2;206;4;4mz[38;2;207;9;11;48;2;154;3;4m:[0m[38;2;104;4;6m▀[7m[38;2;154;1;3m▀[0m[38;2;217;5;6;48;2;179;2;3m:[38;2;165;0;2;48;2;197;2;3m-[38;2;164;0;1;48;2;198;2;3m-[38;2;163;0;1;48;2;199;2;3m-[38;2;164;0;1;48;2;200;2;3m-[38;2;219;4;8;48;2;191;2;4m:[0m[38;2;192;4;3m▀[38;2;131;4;5m▀[38;2;155;4;5m~[38;2;131;3;4m▀[38;2;99;3;6;48;2;153;2;3m,[0m[38;2;137;5;6m▌[38;2;126;6;7m▌[7m[38;2;165;2;2m▌[0m[38;2;153;4;4m▌[7m[38;2;118;1;1m▀[0m[38;2;139;3;4m▌[0m [38;2;0;0;0m     [0m
 [38;2;0;0;0m  [7m[38;2;136;1;2m▌[0m[38;2;116;4;5m▌[38;2;85;4;6m_ [38;2;37;31;25;48;2;65;68;63mL[0m[38;2;75;82;89m▀[38;2;47;59;71m~[38;2;42;51;65m`[38;2;54;57;63m~[7m[38;2;57;55;51ma[38;2;91;88;84m=[38;2;88;85;83m_[38;2;95;92;92m-[38;2;114;1;3m▌[0m[38;2;148;1;1;48;2;174;2;3mz[0m[38;2;108;3;5m▌[38;2;145;0;0;48;2;166;2;3m:[0m[38;2;172;3;5m▌[38;2;111;1;3;48;2;150;1;2m~[38;2;164;1;1;48;2;191;2;3mz[38;2;168;1;1;48;2;193;1;3mzz[38;2;168;1;2;48;2;193;2;4mz[48;2;193;2;3mz[38;2;154;0;2;48;2;177;2;4m:[38;2;63;1;2;48;2;180;1;3m▌[38;2;168;1;1;48;2;188;2;3mz[0m [38;2;169;1;1;48;2;189;2;5mz[38;2;171;1;2;48;2;197;2;3mz[38;2;173;1;2;48;2;199;1;4mz[38;2;187;2;5;48;2;92;1;3m▌[0m[7m[38;2;102;1;3m▌[0m[38;2;162;0;1;48;2;191;1;3m:[38;2;176;0;1;48;2;200;1;4mz[38;2;177;0;2;48;2;201;1;4mz[38;2;172;0;1;48;2;198;1;3mz[38;2;175;0;1;48;2;196;2;3mz[0m[38;2;197;2;4m▀[38;2;120;7;6m`    [7m[38;2;94;1;2m▌[0m[38;2;137;0;2;48;2;158;2;3m:[0m[38;2;115;3;7m_[7m[38;2;142;2;4m▌[0m[38;2;160;3;5m▌[38;2;170;2;5;48;2;133;1;2m'[0m[38;2;181;4;7m▌      [0m
   [38;2;129;0;1;48;2;158;2;3m-[0m[7m[38;2;133;2;2m'[0m[38;2;148;4;5m▌ [38;2;52;52;37mu[38;2;103;93;58m`[7m[38;2;81;81;74m~[38;2;89;95;99m▀[38;2;100;98;85m▌[38;2;96;102;105m_[38;2;89;97;101m-[0m[38;2;87;88;85mw[7m[38;2;84;87;89m=[0m [38;2;141;2;3m▀[38;2;122;5;6m▌[7m[38;2;168;2;3m▌[0m[38;2;79;3;3;48;2;155;2;3m"[38;2;150;0;1;48;2;183;2;3m-[38;2;155;0;1;48;2;189;2;4m-[38;2;203;7;9;48;2;161;2;3m:[38;2;214;6;3;48;2;184;1;2m:[38;2;164;0;2;48;2;193;2;3m-[38;2;159;0;3;48;2;190;2;3m_[38;2;208;7;7;48;2;143;3;3m:[0m[38;2;78;2;3m"[38;2;203;7;8;48;2;172;2;3m:[0m[38;2;126;3;4m▌[38;2;75;0;1;48;2;151;2;4m_[38;2;161;0;1;48;2;192;2;3m-[38;2;164;0;2;48;2;194;2;3m-[38;2;166;0;1;48;2;196;2;3m-[38;2;208;4;6;48;2;184;1;2mz[38;2;165;0;1;48;2;196;2;3m-[38;2;161;0;1;48;2;194;2;3m-[38;2;158;0;2;48;2;190;2;3m-[0m[7m[38;2;165;3;3m_[0m[38;2;107;5;6m▀      [7m[38;2;98;1;2m▌[0m[38;2;147;0;3;48;2;178;2;2m-[38;2;101;3;2;48;2;145;3;2m"[0m[7m[38;2;139;2;3m~[0m[38;2;206;4;3;48;2;167;3;3m:[0m[7m[38;2;107;1;1m▌[0m[38;2;227;0;2;48;2;195;2;4m:[0m [38;2;52;4;2m     [0m
 [38;2;115;0;7m'[0m [38;2;51;0;1;48;2;141;1;3m,[38;2;138;0;2;48;2;162;2;4mo[38;2;173;4;6;48;2;147;2;4m'[0m  [38;2;101;89;80;48;2;53;53;53m=[0m[7m[38;2;109;109;105m▀[38;2;74;78;77m=[38;2;76;91;94m▌[38;2;66;72;73m`[0m [38;2;89;2;3m=[0m [38;2;102;100;93m▌  [7m[38;2;123;2;3m▌[0m[38;2;193;2;2;48;2;154;2;2m'[0m[7m[38;2;159;1;2m_[0m[38;2;180;1;3;48;2;84;2;3m▀[0m[7m[38;2;141;2;4mf[0m[38;2;169;0;1;48;2;200;1;3mz[38;2;78;2;2;48;2;155;4;4my[38;2;77;0;2;48;2;192;2;3m▌[38;2;170;1;1;48;2;195;3;3mz[0m[38;2;95;3;4m_[38;2;136;0;1m`[38;2;90;1;5;48;2;161;2;4m_[0m[38;2;191;3;10m_[7m[38;2;166;1;3m_[0m[38;2;165;1;2;48;2;193;2;4mz[38;2;168;1;1;48;2;199;2;3mz[38;2;167;1;1mz[38;2;165;1;1;48;2;194;3;4mz[0m[7m[38;2;159;3;3m_[0m[38;2;131;3;4m▀[0m [38;2;85;2;3m▌      [7m[38;2;177;1;4m▌[0m[38;2;163;0;1;48;2;192;1;3mz[38;2;71;1;2;48;2;159;3;5mj[38;2;167;0;2;48;2;195;2;4mz[0m[7m[38;2;148;3;5my[0m[38;2;91;4;5m▌[38;2;222;1;2;48;2;205;0;2m'[0m[38;2;165;8;6m▌     [0m
  [7m[38;2;109;1;2m▀[38;2;155;2;3m'[0m[38;2;141;0;0;48;2;173;2;3m-[38;2;143;0;0m-[0m[7m[38;2;125;2;3m`[0m  [38;2;78;80;78m~[38;2;88;104;105m▀[7m[38;2;91;101;92m▌[38;2;70;77;79mk[38;2;61;67;64m▀[0m[38;2;86;96;100m_[7m[38;2;63;70;64m▀[0m[38;2;53;50;60;48;2;88;92;88mJ[0m[38;2;44;70;80mr[0m   [38;2;98;7;8mz[7m[38;2;97;2;2m=[38;2;130;2;3m-[38;2;142;3;3m=[38;2;183;1;2m▀[0m[38;2;212;6;7;48;2;188;2;3m:[38;2;164;0;1;48;2;194;2;4m-[38;2;210;6;6;48;2;172;2;3m:[0m[7m[38;2;185;1;2m▀[0m[38;2;183;1;3m_[38;2;112;3;4m~[38;2;108;3;4m~[38;2;97;3;3m▀[38;2;141;3;4m▀[38;2;110;3;3m▀[38;2;169;12;9m` [38;2;103;3;4m▀[38;2;98;6;5m=[38;2;146;12;16m`     [7m[38;2;106;1;2m▀[0m[38;2;145;0;2;48;2;176;2;4m-[0m[7m[38;2;146;4;5mj[38;2;144;2;3m'[0m[38;2;199;6;6;48;2;174;2;3m:[38;2;91;0;1;48;2;152;3;4m~[0m [7m[38;2;155;3;5m_[0m [38;2;64;4;4m     [0m
 [38;2;103;2;2m_[38;2;181;3;4;48;2;164;1;2m'[38;2;202;3;1;48;2;168;1;2m_[38;2;203;3;0;48;2;169;1;3m_[38;2;184;3;2;48;2;153;3;4m'[0m[38;2;88;2;3m▀[38;2;126;102;76m_[38;2;88;90;90m_[0m [38;2;54;61;64m▌[38;2;57;52;33m~[7m[38;2;71;76;74m=[0m[38;2;81;88;89;48;2;55;56;51m▀[0m[38;2;112;113;104m=[7m[38;2;70;74;67m`[0m[38;2;107;98;78;48;2;110;113;107m,[0m[38;2;47;74;94m▌[7m[38;2;95;86;68m▌[0m[38;2;92;94;95;48;2;100;110;114mc[0m [7m[38;2;132;3;4m▀[0m[38;2;164;2;3m▀[7m[38;2;150;2;5mr[0m[38;2;179;1;3;48;2;195;2;3mz[38;2;224;2;1;48;2;192;1;3m_[38;2;229;3;2;48;2;196;1;3m_[38;2;231;3;2;48;2;197;1;2m_[48;2;196;1;3m_[38;2;228;4;6;48;2;194;1;3m_[38;2;181;1;3;48;2;200;1;3mz[38;2;198;2;5;48;2;150;1;3m'[38;2;115;4;7;48;2;69;2;2mL[0m[38;2;131;3;5m▌[7m[38;2;134;2;4m▀[38;2;115;1;4m▀[0m[38;2;141;4;6m_      [0m [38;2;206;2;5m_[7m[38;2;177;2;4m▀[38;2;159;2;3m_[0m[38;2;71;1;3;48;2;149;2;4m*[38;2;113;2;3;48;2;172;1;2m~[38;2;213;4;5;48;2;178;2;3m-[38;2;216;2;4;48;2;181;1;2m_[0m[38;2;175;3;3m▌[38;2;93;4;5m"[38;2;91;76;57m_[0m [38;2;0;0;0m     [0m
  [7m[38;2;139;2;4m_[0m[38;2;126;0;0;48;2;161;2;3m_[0m[38;2;167;2;4m▀[38;2;80;4;6m▌[0m [7m[38;2;99;91;81m_[0m[38;2;140;146;146;48;2;111;108;110m:[0m[7m[38;2;114;104;105m▀[38;2;105;93;93m▀[0m[38;2;87;75;77m_[38;2;89;87;86m▀[38;2;105;107;103m▀[38;2;86;91;88m▀[38;2;94;104;103m▀[0m [38;2;78;73;67m_[7m[38;2;60;60;58m▀[38;2;58;64;67m▀[0m   [38;2;118;3;4m▀[38;2;116;2;3m~[38;2;91;1;2;48;2;144;1;3mx[38;2;146;0;2;48;2;191;2;2m_[38;2;158;0;2;48;2;194;2;3m-[38;2;161;0;4m-[38;2;89;1;2;48;2;175;3;3m7[0m[7m[38;2;120;2;4m=[0m[38;2;187;3;4m▀[7m[38;2;164;2;3m`[0m[38;2;83;2;3;48;2;138;2;3m=[0m[7m[38;2;91;2;3m~[38;2;110;2;3m_[38;2;150;2;3m=[38;2;144;3;4m-[38;2;123;2;3m-[38;2;109;2;2m~[38;2;93;2;1m~[38;2;93;1;2m~[38;2;98;1;2m`[38;2;139;2;3m-[38;2;158;3;3m=[0m[38;2;95;1;3;48;2;144;2;3m?[38;2;89;0;1;48;2;161;2;4m~[0m[38;2;184;2;4m▀[38;2;119;4;5m▀[7m[38;2;140;2;3m^[0m[38;2;189;7;6;48;2;159;3;4m:[0m[38;2;79;5;7m^ [7m[38;2;100;93;89m▌[38;2;88;87;89m~[0m[38;2;68;73;80m_    [0m
[38;2;67;3;3m}[38;2;78;3;6my [38;2;118;3;6m~[38;2;122;3;6m=[0m [7m[38;2;68;59;43m▌[0m[38;2;74;69;59;48;2;98;94;92m_[38;2;56;50;47;48;2;116;116;113m▀[38;2;119;113;104;48;2;45;45;46m=[0m[7m[38;2;82;80;79m_[38;2;98;95;92m=[38;2;101;96;91m,[0m[38;2;143;139;133;48;2;111;108;105m-[38;2;140;139;133;48;2;107;106;103m-[38;2;138;139;133;48;2;107;106;105m-[38;2;137;140;137;48;2;108;107;108m-[38;2;137;139;138;48;2;107;108;111m-[38;2;138;140;139;48;2;106;108;112m-[0m[7m[38;2;82;94;101m_[0m [7m[38;2;81;76;64m▀[0m[38;2;87;97;101m▌[7m[38;2;93;3;5m▌[0m[38;2;104;5;6m~[38;2;130;4;8m"[7m[38;2;80;2;4m$[0m[38;2;178;1;3;48;2;192;2;4mL[38;2;186;0;3;48;2;198;2;4mc[38;2;188;1;3;48;2;197;2;4mL[0m[7m[38;2;176;2;3m`[38;2;191;3;5m▀[0m[38;2;135;2;5m~[38;2;175;1;3m▀[38;2;119;1;3;48;2;172;2;3m,[0m[7m[38;2;149;2;3m~[38;2;136;3;4m▀[38;2;105;2;3ma[0m[38;2;167;2;2m▀[7m[38;2;146;2;2m_[38;2;161;1;2m_[38;2;162;1;2m_[38;2;146;1;2m_[38;2;141;2;2m_[0m[38;2;177;1;3m▀[38;2;161;2;4m▀[38;2;141;3;4m_[7m[38;2;162;2;4m▀[0m[38;2;189;2;6;48;2;169;2;4m'[0m[38;2;167;2;4m▀[38;2;97;8;9m' [7m[38;2;93;92;85m▌[38;2;107;111;110m▀[0m[38;2;81;72;59m~[7m[38;2;93;92;88m,[38;2;97;104;106m▀[0m [38;2;0;0;0m  [0m
 [38;2;57;1;4m`[0m [7m[38;2;84;3;3m▀[0m[38;2;0;0;0m [0m [38;2;141;3;5;48;2;70;1;2mt[0m[38;2;120;6;8m,[38;2;83;78;79m~[38;2;96;96;93m▀[7m[38;2;70;71;68m_[38;2;92;94;91m_[38;2;87;91;93m_[38;2;71;76;79m_[0m[38;2;92;94;92;48;2;48;54;58mm[0m[38;2;65;79;87mr[38;2;97;113;124m`[38;2;86;107;122m`[38;2;42;58;70m`[38;2;81;84;90m_[0m [7m[38;2;92;89;84m_[0m[38;2;96;104;108m▌[0m [38;2;0;0;0m [7m[38;2;99;2;3m_[0m [38;2;192;4;5;48;2;177;1;3m1[38;2;199;2;3;48;2;185;1;2mW[38;2;202;2;3;48;2;189;1;2mW[38;2;204;2;3;48;2;192;1;2mW[48;2;190;1;3mW[38;2;204;7;5;48;2;177;2;2m.[0m[7m[38;2;185;2;2m▀[38;2;86;2;2m▀[0m[38;2;140;1;3m▀[38;2;78;0;1;48;2;172;2;3m_[38;2;196;5;7;48;2;174;1;2m.[0m[7m[38;2;147;2;3m~[38;2;170;2;3m▀[38;2;124;2;2m▀[0m[38;2;152;0;1m_[38;2;144;0;1m_[7m[38;2;166;2;4m▀[38;2;177;2;2m▀[38;2;151;2;3m~[0m[38;2;166;2;2;48;2;75;3;3m▀[0m[38;2;132;3;4m▀[0m [7m[38;2;93;83;72m~[0m[38;2;90;77;71;48;2;112;109;107m-[0m[7m[38;2;80;84;90m▀[0m [38;2;75;74;69m▀[38;2;45;51;56;48;2;93;96;97m"[0m[38;2;73;91;110m,[7m[38;2;85;81;74m_[38;2;72;80;88m`[0m [38;2;0;0;0m [0m
 [38;2;0;0;0m [0m [38;2;135;2;3m▀[38;2;77;3;5m▌ [0m [38;2;99;5;5mT          [7m[38;2;109;107;92m▌[0m[38;2;142;149;145;48;2;110;111;109m-[38;2;52;59;63;48;2;103;105;106m`[0m[38;2;32;48;61mx[38;2;131;127;114;48;2;113;110;94m'[0m[7m[38;2;109;107;103m`[0m[38;2;75;82;87m▌[0m [7m[38;2;174;2;5m▀[0m[38;2;178;2;3;48;2;185;2;4mW[0m[7m[38;2;169;2;3m,[0m[38;2;189;2;3;48;2;197;2;3mK[38;2;190;0;3;48;2;199;3;3mc[38;2;186;2;3;48;2;195;2;4m1[0m[7m[38;2;159;2;3m_[0m[38;2;185;1;3m▀[38;2;201;3;3;48;2;173;2;3m'[0m[38;2;129;4;4m▌[0m [38;2;160;1;3m▀[7m[38;2;165;2;3m_[0m[38;2;178;1;2;48;2;188;2;3mc[38;2;181;0;2;48;2;190;3;3mc[38;2;180;0;1;48;2;190;3;4mc[48;2;189;3;4mc[38;2;177;1;3;48;2;187;2;3m1[38;2;173;1;3;48;2;181;3;4md[0m[38;2;167;11;6m'[7m[38;2;105;90;77m`[0m[38;2;150;148;140;48;2;120;110;106m-[0m[7m[38;2;113;113;115m▀[0m[38;2;67;79;85m_[38;2;107;106;100m▀[38;2;139;142;137;48;2;106;107;106m-[0m[38;2;71;82;90m▌[38;2;115;123;122m_[7m[38;2;77;76;63m▌[0m[38;2;92;88;79;48;2;98;107;106m:[0m [38;2;99;99;85;48;2;109;117;110mw[0m [38;2;0;0;0m [0m
 [38;2;0;0;0m   [38;2;57;0;4m"        [0m [7m[38;2;84;78;67m▀[38;2;96;99;93m~[38;2;94;99;91m`[38;2;94;99;92m`[0m[38;2;73;79;80;48;2;103;110;108m_[0m[7m[38;2;86;93;93m_[0m[38;2;97;112;114m▀[7m[38;2;94;92;77m▌[0m[38;2;85;78;73;48;2;110;113;110m_[38;2;116;121;131;48;2;101;104;108m:[0m [38;2;68;1;3m"[38;2;141;2;3m▀[7m[38;2;143;1;2m▀[0m[38;2;105;0;1;48;2;171;1;2m~[38;2;165;1;2;48;2;181;1;2m,[38;2;172;0;2;48;2;141;2;3m'[0m[38;2;118;4;1m` [38;2;129;0;0m_[38;2;161;2;4;48;2;146;1;3m:[0m[38;2;103;3;3m▌[0m [38;2;145;0;0m_[38;2;150;0;0m_[38;2;151;0;0m_[7m[38;2;92;0;1ma[0m[38;2;167;1;2m▀[7m[38;2;163;1;3m_[0m[38;2;158;1;2;48;2;172;1;2m,[38;2;164;2;3;48;2;70;4;4m▌[0m [38;2;109;101;95m▀[38;2;78;77;73;48;2;108;101;100m,[38;2;80;71;71;48;2;109;107;108m_[38;2;108;117;127;48;2;99;99;100m:[0m[7m[38;2;75;84;90m▀[0m[38;2;85;104;113m`[38;2;43;40;31m~[38;2;100;106;108m▀[7m[38;2;81;85;84m`[38;2;79;84;85m~[38;2;82;90;86m`[0m[38;2;82;101;108m▀[0m [38;2;0;0;0m [0m
 [38;2;0;0;0m            [38;2;61;56;44;48;2;107;109;103m▌[38;2;39;52;64;48;2;89;101;107my[0m[38;2;119;129;128m~[38;2;85;94;92m▀[38;2;109;115;107m▀[38;2;126;133;128;48;2;87;101;107m'[0m[7m[38;2;103;97;84m▀[0m[38;2;57;53;47;48;2;123;120;119m▀[38;2;108;99;98;48;2;120;120;117mL[38;2;108;102;100;48;2;121;123;121mL[38;2;122;133;134;48;2;91;99;103m'[0m [38;2;108;7;8m^[7m[38;2;160;2;4m▌[0m[38;2;202;1;3;48;2;175;2;3m=[38;2;203;2;3;48;2;177;2;3m=[38;2;173;2;3;48;2;181;3;4m^[0m[38;2;134;3;4m▌ [38;2;162;5;7m=[38;2;128;3;5m▀[38;2;139;3;7m_[7m[38;2;157;2;4m▀[0m[38;2;100;1;3;48;2;158;2;4m~[0m[38;2;179;2;3m▀[38;2;178;2;3m▀[38;2;180;2;2m▀[38;2;181;2;3;48;2;84;1;2m▀[38;2;103;4;6;48;2;157;2;3m`[0m[7m[38;2;102;3;4m▀[38;2;168;3;3m▌[0m[38;2;72;7;6m^  [38;2;63;49;34m`[38;2;105;103;98m▀[38;2;99;107;112m▀[7m[38;2;69;73;63mF[38;2;109;116;112m▀[38;2;71;72;69m▀[0m[38;2;132;136;127m_[38;2;137;137;129m_[7m[38;2;115;114;108m▀[0m[38;2;93;117;130m*   [0m
 [38;2;0;0;0m        [38;2;66;4;4m+   [38;2;85;97;98m`[7m[38;2;65;64;55mF[0m[38;2;81;73;72;48;2;105;109;105m_[38;2;104;116;117;48;2;101;105;102mc[0m[7m[38;2;77;86;87m~[0m[38;2;26;42;60m`[7m[38;2;71;76;71m=[38;2;62;62;62m+[0m[38;2;101;104;109m▀[7m[38;2;84;87;90m=[0m[38;2;108;111;113m▀[38;2;65;69;75m▀[0m [38;2;0;0;0m [0m [7m[38;2;121;2;1m▀[38;2;103;1;2m▀[0m[38;2;149;0;0m_[7m[38;2;94;1;1m▀[38;2;153;2;3m▀[38;2;140;1;3m~[38;2;139;2;3m_[0m[38;2;122;2;4m▀[7m[38;2;72;59;47m▀[38;2;104;92;87m~[0m[38;2;48;34;26;48;2;114;102;97m`[0m[7m[38;2;109;100;95m`[38;2;107;107;99m▀[0m[38;2;126;0;2m`[38;2;152;0;2;48;2;147;2;4m'[0m[38;2;54;1;2m"[0m [38;2;0;0;0m     [38;2;93;100;99m`[38;2;100;107;105m▀[7m[38;2;86;89;87m_[38;2;96;99;100m_[38;2;87;93;95m_[0m[38;2;96;105;110m▀[0m [38;2;27;43;52m   [0m
 [38;2;0;0;0m          [0m [38;2;126;133;120m_[38;2;53;51;39;48;2;111;115;109m▀[38;2;123;129;130;48;2;112;116;111m'[38;2;124;130;130;48;2;112;116;113m'[38;2;103;108;106;48;2;113;116;113m^[38;2;123;131;128;48;2;108;116;116m'[0m[38;2;34;54;71m▌[7m[38;2;90;94;89m_[38;2;62;73;78m_[0m[38;2;95;92;78m▀[38;2;58;70;76m▀[7m[38;2;92;89;84m_[38;2;51;58;62mj[38;2;71;81;86m_[0m  [38;2;169;2;3m▀[38;2;171;2;3m▀[38;2;171;2;4m▀[38;2;170;3;4m▀[38;2;162;4;6m▀[38;2;139;9;9m~[0m [38;2;0;0;0m [38;2;85;75;65m▀[38;2;133;130;126;48;2;119;113;108m'[38;2;135;132;128;48;2;122;118;112m'[38;2;134;135;128;48;2;121;119;113m'[38;2;131;141;127;48;2;119;122;113m'[38;2;110;139;136;48;2;105;111;104m'[38;2;114;8;10;48;2;81;80;80m▀[0m  [38;2;53;6;7m               [0m
 [38;2;0;0;0m      [0m [38;2;70;59;44m_[7m[38;2;81;78;69m▀[38;2;104;101;94m▀[38;2;103;99;93m`[0m[38;2;87;75;69;48;2;110;110;107m_[38;2;92;93;92;48;2;111;110;107m=[38;2;94;94;94;48;2;111;111;107m=[38;2;78;80;78;48;2;110;111;109m_[0m[7m[38;2;89;97;100m_[0m[38;2;48;62;73m▀[38;2;68;82;92m,                [0m [7m[38;2;82;84;81m▀[0m[38;2;81;72;70m`[38;2;114;111;109m▀[38;2;72;72;75;48;2;107;106;103m,[38;2;93;94;95;48;2;113;112;108m=[38;2;94;94;94m=[38;2;123;121;117;48;2;107;105;102mC[0m[7m[38;2;102;101;99m`[38;2;105;102;98m▀[38;2;83;83;83m▀[0m[38;2;82;72;68m_[0m [38;2;7;6;5m            [0m
 [38;2;0;0;0m   [0m [38;2;98;98;96m*[38;2;108;115;113ma[38;2;54;61;63;48;2;94;94;91m_[38;2;84;98;106;48;2;107;108;107m_[38;2;84;99;110;48;2;109;110;108m_[38;2;51;59;66;48;2;108;109;106m_[0m[7m[38;2;106;106;105m_[38;2;96;97;98m_[0m[38;2;120;118;115m▀[38;2;98;106;108m▀[38;2;76;96;108m~ [0m [38;2;124;134;134;48;2;112;113;108m'[0m[7m[38;2;98;100;100m▀[0m [38;2;105;90;72m_[38;2;94;89;94m_[7m[38;2;63;64;64m▀[0m  [38;2;127;5;9m_[38;2;140;7;5m_[38;2;145;8;6m_[38;2;135;6;5m_[0m  [7m[38;2;79;69;65m▀[0m[38;2;66;78;92m_[38;2;90;76;58m_[7m[38;2;100;90;81m'[0m[38;2;130;131;134;48;2;104;113;118m'[0m [38;2;0;0;0m [0m [38;2;75;74;73m▀[38;2;116;113;109m▀[38;2;119;115;114m▀[38;2;46;50;51;48;2;109;107;106m_[38;2;126;129;129;48;2;112;112;111m'[38;2;125;128;128;48;2;111;113;110m'[38;2;102;102;103;48;2;112;114;111m^[38;2;119;127;121;48;2;107;109;107m,[0m[7m[38;2;89;91;91m`[38;2;86;96;101m▀[0m[38;2;119;129;126m=[38;2;52;73;84m=        [0m
 [38;2;0;0;0m          [0m [38;2;75;1;3;48;2;134;1;2m▌[38;2;65;0;2;48;2;151;1;3m`[0m[38;2;96;3;3m▌  [0m [7m[38;2;109;95;95m_[38;2;112;103;104m_[0m[38;2;91;89;93;48;2;45;36;47m▌[0m[7m[38;2;88;38;37m▌[38;2;163;2;5m▀[0m[38;2;73;7;9;48;2;177;2;3m▀[38;2;63;0;2;48;2;162;2;3m`[38;2;154;1;2;48;2;168;3;3mq[0m[7m[38;2;161;2;3m_[38;2;157;1;2m_[0m[38;2;62;2;3;48;2;161;2;2m_[38;2;156;1;1;48;2;175;1;2mz[38;2;120;0;1;48;2;170;1;3m`[0m[7m[38;2;151;2;3m`[38;2;173;2;4m▀[38;2;102;2;3m▀[0m[38;2;96;79;70m▀[38;2;116;102;104m▀[38;2;81;88;97m▀ [0m [38;2;107;0;2m_[38;2;132;0;1;48;2;145;1;2m:[0m[7m[38;2;131;2;4m`[0m [38;2;0;0;0m [0m  [38;2;49;65;75m`[0m  [38;2;14;23;30m           [0m
 [38;2;0;0;0m           [38;2;90;1;1m`[38;2;170;3;3;48;2;78;1;2m▀[38;2;182;5;4;48;2;162;3;3mz[0m[7m[38;2;153;3;3m`[0m[38;2;81;2;2;48;2;172;3;3m▀[0m[7m[38;2;173;3;3m▀[38;2;175;4;4m▀[38;2;154;3;3m~[0m[38;2;209;6;6;48;2;176;4;3m:[0m[7m[38;2;168;5;4m_[0m[38;2;178;5;4m▀[38;2;116;4;3m▀[38;2;133;8;6m~[0m [38;2;33;3;2m  [0m [38;2;160;7;6m`[38;2;112;2;2m▀[38;2;183;3;4m▀[7m[38;2;160;2;2m_[0m[38;2;188;4;5;48;2;172;2;2ms[38;2;191;3;5;48;2;170;2;2mz[0m[7m[38;2;144;1;3m`[38;2;168;2;3m▀[38;2;165;2;3m▀[0m[38;2;87;2;3;48;2;157;2;3m~[38;2;181;3;4;48;2;160;2;2mz[0m[7m[38;2;135;3;3m_[0m[38;2;110;15;16m`                  [0m
 [38;2;0;0;0m             [38;2;108;2;2m`[38;2;130;3;3m▀[38;2;160;3;3m▀[38;2;164;4;3m▀[7m[38;2;123;4;3m*[38;2;153;6;5mr[0m[38;2;71;2;2;48;2;194;7;6m▀[0m[7m[38;2;143;7;6m`[0m[38;2;132;4;6m_[7m[38;2;192;6;6m▀[0m[38;2;80;0;0;48;2;185;4;3m`[38;2;183;2;1;48;2;200;5;4mz[38;2;63;0;0;48;2;177;4;4m`[0m[7m[38;2;163;3;3m~[0m[38;2;150;0;3;48;2;193;3;3m`[38;2;172;1;2;48;2;192;3;4mz[0m[7m[38;2;157;3;3m`[0m[38;2;133;3;5m_[7m[38;2;137;2;3m`[0m[38;2;68;2;2;48;2;177;2;3m▀[38;2;84;1;2;48;2;139;2;3mY[0m[7m[38;2;132;2;3m=[0m[38;2;151;1;2m▀[38;2;131;1;2m▀▀[38;2;118;3;6m~                    [0m
 [38;2;0;0;0m                 [38;2;110;11;10m`[38;2;174;12;8m▀[38;2;176;14;9m▀[38;2;84;7;5;48;2;196;14;8m▀[38;2;230;20;11;48;2;204;13;8m:[38;2;188;10;4;48;2;217;13;7m-[38;2;199;8;4;48;2;219;13;8mT[38;2;200;7;3;48;2;219;12;6mT[38;2;199;5;3;48;2;218;10;6mT[38;2;188;3;1;48;2;214;8;5m-[38;2;181;3;2;48;2;210;7;5m-[38;2;172;2;1;48;2;205;6;5m-[38;2;165;2;2;48;2;199;5;4m-[38;2;215;8;8;48;2;178;4;4m:[0m[7m[38;2;93;4;4m*[0m[38;2;174;3;4m▀[38;2;147;4;5m▀[38;2;123;11;13m`                        [0m
 [38;2;0;0;0m                  [38;2;124;83;62m.[0m [7m[38;2;133;24;14mw[0m[38;2;77;25;13;48;2;196;26;15m_[38;2;184;30;15;48;2;210;24;13m,[38;2;200;16;6;48;2;217;22;13m:[38;2;204;16;7;48;2;218;19;10mz[38;2;213;13;6;48;2;200;18;9m'[38;2;210;10;5;48;2;194;13;8m'[38;2;188;9;4;48;2;209;12;7mz[38;2;180;6;3;48;2;203;9;7mz[38;2;157;2;1;48;2;178;7;6m:[0m[38;2;176;4;2m▀[38;2;114;5;5m▀                           [0m
