[0m                                         [38;2;83;2;5m,                  [0m
                                         [38;2;122;2;3;48;2;150;1;2m▀[0m                  [0m
                                       [7m[38;2;131;1;2m▀[0m[38;2;120;0;0;48;2;150;2;3m=[38;2;156;3;3;48;2;75;3;4m▀[0m             [7m[38;2;127;1;2m▀[0m[38;2;166;2;2;48;2;105;2;2m-[0m   [0m
                                  [7m[38;2;116;1;2m▀[38;2;143;1;1m▀[0m[38;2;169;5;4;48;2;115;0;1m=[38;2;172;4;4;48;2;120;0;1m=[38;2;170;5;3;48;2;105;0;1m=[0m[38;2;135;1;2m▀[38;2;75;2;2m▀       [7m[38;2;68;1;2m▌[0m[38;2;61;1;2m,   [0m [7m[38;2;116;1;1m'[0m[38;2;161;4;3;48;2;121;0;1m=[0m[38;2;112;3;4m'   [0m
                                 [7m[38;2;145;1;2m▌[0m[38;2;182;4;4;48;2;149;1;2m_[38;2;182;2;4m_[0m[38;2;136;3;3m▀[38;2;75;3;2m' [38;2;69;4;5m,        [7m[38;2;89;0;1m▌[0m[38;2;168;4;6;48;2;113;2;2m_[0m[38;2;168;4;6m   [0m [38;2;134;2;1;48;2;140;1;2m'[0m[38;2;133;3;3m▀    [0m
                                 [7m[38;2;131;0;2m▌[0m[38;2;185;4;6;48;2;153;0;1m=[38;2;187;4;4;48;2;155;0;1m=[0m[38;2;102;3;3m▌ [0m [38;2;84;2;3m▌       [7m[38;2;68;0;1mP[0m[38;2;125;0;2;48;2;139;1;3m_[0m[38;2;159;2;5m'   [0m [38;2;113;0;0;48;2;135;1;3m-[0m     [0m
    [7m[38;2;90;1;2m~[0m[38;2;79;2;3m▌            [38;2;122;2;4;48;2;70;1;1md[0m         [7m[38;2;104;1;2m~[0m[38;2;70;3;4m▌   [0m [38;2;197;4;5;48;2;163;1;2m-[38;2;203;3;3;48;2;167;1;2m_[38;2;202;3;3;48;2;163;2;3m_[38;2;198;2;3;48;2;116;1;1m_[38;2;195;2;4;48;2;133;1;2m_[0m[38;2;138;2;4m▌     [7m[38;2;71;0;1m▀[0m[38;2;116;1;2mw[38;2;143;2;3m▀[38;2;131;2;1m'    [0m       [0m
    [38;2;95;0;1;48;2;124;1;1m@[0m[38;2;109;3;3m▌            [7m[38;2;138;1;2m▌[38;2;115;1;2m▀[0m        [38;2;145;0;1;48;2;163;1;2mE[0m[38;2;146;2;3m▌  [0m [7m[38;2;164;0;2m▀[0m[38;2;162;0;1;48;2;181;1;2mE[38;2;166;0;1;48;2;185;1;3mE[48;2;183;1;2mE[38;2;163;0;1;48;2;180;1;2mE[38;2;159;0;1;48;2;177;1;2mE[38;2;147;1;2;48;2;169;1;2m▀[0m[7m[38;2;104;2;3m▀[0m [7m[38;2;142;1;3m▌[0m  [38;2;110;3;4m~   [7m[38;2;79;0;1m▌[0m          [0m
    [38;2;78;1;1;48;2;124;3;3m▌[0m        [38;2;127;0;3m,    [0m [38;2;155;2;3;48;2;132;0;2mE[38;2;73;2;3;48;2;137;1;2m▀[0m       [38;2;176;2;3;48;2;157;0;1mE[38;2;204;4;6;48;2;157;1;2m_[38;2;207;5;7;48;2;148;1;2m_[38;2;207;4;7;48;2;150;1;2m_[38;2;208;4;7;48;2;167;1;2m_[38;2;210;4;7;48;2;176;1;2m_[38;2;211;4;8;48;2;177;1;2m_[38;2;193;2;4;48;2;173;0;2mE[38;2;192;1;3;48;2;171;0;2mE[38;2;190;2;3;48;2;169;1;1mE[38;2;184;3;3;48;2;161;0;2mE[38;2;189;3;6;48;2;129;1;2m_[38;2;199;5;5;48;2;163;1;2m_[38;2;194;5;5;48;2;129;2;2m_[38;2;89;0;2;48;2;153;1;3m'[0m[38;2;150;2;3m▌   [38;2;130;3;6m, [7m[38;2;104;0;1m▌[0m[38;2;114;3;4m▌[0m      [38;2;94;6;7m,  [0m
             [38;2;138;1;2;48;2;149;1;3mM[0m[38;2;75;1;2m▌    [7m[38;2;156;1;2m▌[0m[38;2;150;1;1;48;2;167;2;3mE[38;2;109;2;1;48;2;159;2;3m▀[0m[38;2;80;1;1m,  [38;2;71;1;2m▀[7m[38;2;169;1;2m▀[38;2;160;1;2m~[0m[38;2;166;1;1;48;2;185;2;3mE[38;2;168;0;1;48;2;187;1;2mz[38;2;171;0;1;48;2;189;2;2mz[38;2;172;0;1;48;2;190;2;2mz[38;2;173;0;2mz[38;2;176;1;2;48;2;192;2;3mE[38;2;176;1;1;48;2;193;2;3mE[48;2;191;2;3mE[38;2;172;1;1;48;2;188;2;2mE[38;2;170;1;1;48;2;185;2;2mE[38;2;174;1;2;48;2;144;2;3m▌[0m[38;2;149;1;2m▀[38;2;146;1;1m▀[38;2;138;5;4m'[38;2;173;1;3;48;2;148;1;2m;[0m[38;2;100;2;2m▌ [0m [7m[38;2;120;1;2m▀[0m[38;2;144;2;4m▌ [7m[38;2;79;0;1m▌[0m[38;2;111;3;4m▌[0m [38;2;134;1;2m▌[0m    [38;2;107;3;4m▌  [0m
             [7m[38;2;129;1;2m▌[0m[38;2;154;2;3m▌    [38;2;73;0;2m▀[38;2;118;0;1;48;2;162;1;2m▌[38;2;177;1;1;48;2;162;1;1mE[38;2;179;2;5;48;2;123;2;3mz[0m  [7m[38;2;109;0;2m▌[0m[38;2;195;1;2;48;2;170;1;2mz[38;2;190;1;3;48;2;176;1;2mE[38;2;194;2;3;48;2;179;1;2mE[38;2;197;2;2;48;2;182;1;2mE[38;2;200;2;3;48;2;185;1;2mE[38;2;200;2;2mE[38;2;201;2;2;48;2;186;1;2mEE[38;2;199;2;2;48;2;185;0;2mE[38;2;198;2;2;48;2;183;1;2mE[38;2;195;2;2;48;2;179;1;2mE[38;2;198;2;3;48;2;171;2;2mz[0m[38;2;135;5;4m'[7m[38;2;99;2;4m▀[0m [7m[38;2;78;1;2m▌[0m[38;2;111;2;2m'[0m [7m[38;2;153;1;3m▀[0m[38;2;183;1;3;48;2;137;1;2mz[38;2;176;2;3;48;2;161;1;2mE[38;2;182;1;4;48;2;151;2;2mz[0m    [38;2;156;1;2;48;2;131;0;2m][0m[38;2;148;3;4m▌  [0m [38;2;135;3;4m▌  [0m
        [38;2;79;2;2m~[38;2;118;1;2m▀[38;2;160;1;2;48;2;110;1;2mq[0m[7m[38;2;134;1;2m▀[0m  [38;2;74;1;2m▀[0m  [38;2;57;2;3m. [0m [7m[38;2;151;1;2m▌[0m[38;2;108;0;0;48;2;156;2;2m_[0m[7m[38;2;92;2;3mJ[0m[38;2;153;3;5m/[0m [38;2;163;0;1;48;2;187;1;3mL[38;2;182;1;1;48;2;200;2;3mE[38;2;186;0;2;48;2;202;1;3mE[38;2;187;1;1;48;2;203;2;3mE[38;2;186;1;1;48;2;201;2;3mE[38;2;185;1;2mE[38;2;185;1;1mE[38;2;201;2;2;48;2;181;1;2m~[38;2;185;0;1;48;2;200;2;3mE[38;2;184;1;1;48;2;198;2;3mE[38;2;181;1;1;48;2;196;2;2mE[38;2;179;1;1;48;2;193;2;3mE[38;2;191;1;1;48;2;175;2;3m~[0m[7m[38;2;148;2;4m[[0m[38;2;171;2;3m▌ [0m [7m[38;2;173;1;3m▀[0m[38;2;125;1;4;48;2;174;1;2m'[38;2;169;1;1;48;2;187;2;3mE[38;2;170;1;1;48;2;188;2;3mE[38;2;178;2;2;48;2;142;2;3m▌[0m[38;2;165;2;2m' [7m[38;2;127;1;2m▀[38;2;140;1;2m~[38;2;124;2;2m_[0m[38;2;102;2;3m▀[0m    [38;2;84;1;1;48;2;147;2;3m▀[0m  [0m
    [7m[38;2;117;1;3m▀[0m  [38;2;101;2;2m▌  [7m[38;2;120;0;2m▌[0m[38;2;172;1;2;48;2;160;0;1m5[0m[38;2;150;2;2m▌    [0m  [7m[38;2;117;0;3m▌[0m[38;2;180;1;4;48;2;160;0;1mz[38;2;189;5;5;48;2;146;1;2m_[0m[38;2;145;2;3m▌[7m[38;2;82;0;1m▌[0m[38;2;139;0;0;48;2;184;1;2m~[38;2;200;1;2;48;2;187;0;2m5[38;2;206;2;2;48;2;193;1;1m5[38;2;203;2;2;48;2;189;1;2m5[38;2;201;2;2;48;2;187;1;1m5[38;2;200;2;2;48;2;186;1;2m5[38;2;199;2;2;48;2;184;1;1m5[38;2;208;0;4;48;2;162;2;3m=[0m[7m[38;2;165;0;2m▌[0m[38;2;192;1;3;48;2;176;1;2m5[38;2;191;1;3m5[38;2;190;1;3;48;2;174;1;2m5[38;2;195;2;4;48;2;170;1;2mz[38;2;156;5;5;48;2;113;1;2m_[38;2;184;1;3;48;2;169;1;2m5[38;2;185;3;5;48;2;131;1;2mz[0m[7m[38;2;154;1;2m▀[0m[38;2;188;2;3;48;2;141;0;1mz[38;2;187;1;2;48;2;173;1;2m5[38;2;189;1;2;48;2;174;1;1m5[38;2;189;2;2;48;2;175;1;1m5[38;2;188;1;2;48;2;172;1;1m5[0m[38;2;168;2;2m▌  [38;2;155;1;3;48;2;112;2;2mP[0m[38;2;95;2;2m▀ [38;2;122;3;5ma    [38;2;171;0;2;48;2;148;0;1mt[0m[38;2;85;2;3m▌ [0m
    [38;2;140;0;1;48;2;163;1;4mz[0m[7m[38;2;133;2;3m▀[38;2;84;1;3mA[0m[38;2;145;0;1;48;2;158;1;3m.[0m[38;2;76;2;3m▌ [7m[38;2;84;0;2m▌[0m[38;2;152;0;1;48;2;175;2;3mz[38;2;136;0;0;48;2;161;3;3m_[0m      [7m[38;2;124;1;2m▌[0m[38;2;164;0;1;48;2;189;2;3mz[38;2;170;0;1;48;2;194;2;3mz[38;2;175;0;0;48;2;198;2;3mz[38;2;179;0;1;48;2;201;2;3mz[38;2;183;0;1;48;2;206;2;2mz[38;2;184;0;1;48;2;207;2;2mz[38;2;183;0;1;48;2;206;3;2mz[38;2;181;0;1;48;2;205;2;3mz[38;2;180;0;1;48;2;204;2;3mz[38;2;164;0;0;48;2;197;1;3m_[0m[38;2;188;1;2m▀[7m[38;2;107;3;3me[38;2;158;1;3m[[0m[38;2;185;1;2;48;2;101;3;4m▀[0m[38;2;154;2;3m▀[7m[38;2;132;2;3mm[0m[38;2;127;2;2;48;2;179;2;3mM[38;2;81;3;3;48;2;132;3;4m▀[38;2;175;0;0;48;2;197;2;3mz[38;2;187;1;1;48;2;199;2;3m▀[48;2;199;2;2m▀[38;2;185;0;1;48;2;198;2;2m5[38;2;161;0;0;48;2;193;2;3m_[0m[38;2;134;2;2m▀[38;2;148;0;0;48;2;189;1;3m_[38;2;172;0;1;48;2;195;2;3mz[38;2;170;0;1;48;2;191;2;3mz[0m[7m[38;2;175;2;3m▀[0m [38;2;144;2;3m▌  [38;2;109;0;1;48;2;145;3;4mn[0m   [7m[38;2;90;0;1m▌[0m[38;2;158;0;0;48;2;180;1;2mz[0m[38;2;156;3;4m▌ [0m
[38;2;105;4;6m,   [38;2;80;0;1;48;2;150;1;2m▌[38;2;164;1;3;48;2;149;0;1m5[38;2;172;2;3;48;2;144;1;1mz[38;2;160;2;4;48;2;116;0;1mz[38;2;144;2;4;48;2;77;1;2mQ[0m[38;2;144;2;4m [7m[38;2;92;1;3m▌[0m[38;2;168;1;2;48;2;150;1;1m5[38;2;159;1;2;48;2;102;2;3mP[0m  [7m[38;2;65;1;3m▌[38;2;93;2;2m▀[38;2;105;0;2m▌[0m[38;2;190;3;4;48;2;157;1;2m.[0m[7m[38;2;92;1;2m▀[0m[38;2;106;0;2;48;2;178;1;2m▌[38;2;190;2;3;48;2;176;1;1m5[38;2;195;1;2;48;2;180;1;1m5[38;2;202;2;6;48;2;161;1;2m=[38;2;196;1;3;48;2;179;1;2m5[38;2;185;3;5;48;2;143;1;2m=[38;2;201;1;5;48;2;161;1;1m=[38;2;194;1;2;48;2;179;0;1m5[0m[38;2;161;2;3m▀[7m[38;2;155;1;2m▀[0m[38;2;193;2;4;48;2;138;0;1mz[38;2;200;2;5;48;2;165;2;2mz[38;2;154;3;5;48;2;66;1;2m![0m[7m[38;2;170;1;1m▀[0m[38;2;209;1;3;48;2;156;0;1m=[38;2;198;2;3;48;2;175;1;1mz[38;2;199;2;4;48;2;169;2;3mz[38;2;75;2;2;48;2;150;1;2mf[38;2;196;1;3;48;2;180;1;2m5[38;2;197;1;3;48;2;181;0;2m5[38;2;198;1;3;48;2;182;1;1m5[38;2;212;2;5;48;2;166;1;1m=[0m[38;2;100;2;2m▀[0m [38;2;69;0;1;48;2;181;1;2m▌[38;2;191;1;3;48;2;175;1;2m5[38;2;188;1;3;48;2;171;1;1m5[38;2;199;2;4;48;2;156;1;1m=[0m[38;2;103;2;3m▀[38;2;182;1;3;48;2;142;1;2m=[0m[38;2;93;2;5m,[38;2;88;3;3m_[7m[38;2;105;0;1m▌[0m[38;2;179;1;3;48;2;149;0;2mz[0m[7m[38;2;117;1;2m▀[0m [7m[38;2;99;1;3m▌[0m[38;2;156;1;2m▀[38;2;105;6;4m' [0m
[38;2;121;1;2m*[38;2;63;2;4m<  [0m [38;2;153;1;3m▀[38;2;161;1;2;48;2;119;2;4m▀[38;2;158;2;3;48;2;105;2;3m▌[0m [38;2;64;2;4mm[0m [7m[38;2;112;1;2m▌[0m[38;2;160;1;3m▌  [7m[38;2;105;0;2m▌[0m[38;2;137;0;0;48;2;173;2;2m=[38;2;144;0;0;48;2;183;2;3m=[38;2;147;0;0;48;2;188;2;3m=[38;2;150;0;0;48;2;185;2;4m=[0m[7m[38;2;134;2;3m\[0m[38;2;154;0;0;48;2;193;2;3m=[38;2;155;0;0;48;2;195;2;3m=[0m[38;2;94;3;4m▌[38;2;145;2;5m~[38;2;121;3;4m▀[7m[38;2;112;2;3mM[0m[38;2;141;0;0;48;2;176;2;4m=[38;2;90;1;2;48;2;161;2;3mf[38;2;159;0;0;48;2;197;2;3m=[38;2;161;0;0;48;2;200;2;4m=[48;2;198;2;4m=[38;2;107;1;1;48;2;182;2;3m▀[38;2;179;0;1;48;2;197;2;2mz[38;2;180;0;2;48;2;198;2;2mz[38;2;161;0;0;48;2;198;2;4m=[38;2;142;4;5;48;2;71;3;3m▌[38;2;155;0;2;48;2;189;2;3m▌[38;2;159;0;0;48;2;192;2;4m=[38;2;159;1;2;48;2;189;2;4mg[38;2;164;0;0;48;2;205;2;3m=[38;2;163;0;0;48;2;195;2;3m=[38;2;164;0;1;48;2;199;2;3m5[38;2;163;0;1;48;2;196;2;4m=[0m[7m[38;2;179;1;2m'[0m[38;2;178;0;1;48;2;195;2;4mz[38;2;174;0;1;48;2;193;2;3mz[38;2;154;0;1m=[0m[38;2;112;4;5m▌[38;2;101;0;1;48;2;173;1;2m▌[38;2;169;2;3;48;2;77;3;3m▌[0m[7m[38;2;87;0;2m▌[0m[38;2;128;1;3;48;2;154;2;3m/[38;2;133;0;0;48;2;171;2;2m=[38;2;131;0;0;48;2;166;3;4m=[0m     [0m
       [38;2;132;1;3m' [7m[38;2;82;73;64m▀[0m[38;2;86;99;109m_[7m[38;2;77;75;70m▀[0m[38;2;149;0;2m`[7m[38;2;61;52;42m▌[38;2;115;104;105m▀[38;2;74;73;80m▀[0m[38;2;108;0;1;48;2;162;1;2m▌[38;2;183;2;4;48;2;159;0;1mz[38;2;189;2;5;48;2;165;0;1mz[38;2;197;1;4;48;2;171;0;1mz[38;2;209;3;6;48;2;163;1;1m=[38;2;200;3;2;48;2;147;0;2m_[38;2;197;2;4;48;2;170;0;1mz[38;2;198;2;6;48;2;135;1;1m=[0m[7m[38;2;142;2;3m▀[0m [38;2;96;0;1;48;2;158;1;2m'[38;2;192;2;4;48;2;161;0;1mz[38;2;195;1;3;48;2;169;0;1mz[38;2;199;2;3;48;2;174;1;1mz[38;2;201;2;3;48;2;176;0;1mz[38;2;202;2;3mz[48;2;177;0;1mz[38;2;201;2;4;48;2;176;1;2mz[38;2;200;2;3;48;2;174;1;1mz[38;2;160;3;2;48;2;97;1;2mf[0m[7m[38;2;141;2;3m'[38;2;100;1;2m,[0m[38;2;82;1;2;48;2;184;1;2m▀[38;2;217;2;5;48;2;176;1;2m=[38;2;206;2;4;48;2;183;0;1mz[38;2;205;2;3;48;2;181;0;1mz[38;2;203;2;3;48;2;179;0;1mz[38;2;200;2;3;48;2;175;0;1mz[38;2;198;2;3;48;2;172;0;1mz[38;2;196;2;3;48;2;169;0;2mz[38;2;192;2;3;48;2;166;0;1mz[38;2;190;2;3;48;2;163;1;1mz[0m[7m[38;2;84;2;3m![0m[38;2;192;1;6;48;2;146;1;2m=[0m[38;2;156;1;6m'[0m [38;2;164;1;3;48;2;131;0;1ma[0m[38;2;157;1;2m▀[38;2;144;2;4m'     [0m
    [38;2;111;2;5m▌  [0m [7m[38;2;112;108;101m▀[0m[38;2;107;99;95;48;2;120;117;116m5[38;2;106;99;98;48;2;118;116;115m5[38;2;104;99;97;48;2;118;117;115m5[38;2;53;56;59;48;2;115;115;115m▀[38;2;71;64;59;48;2;115;112;104m5[38;2;109;101;99;48;2;124;118;116m5[38;2;114;101;102;48;2;121;117;119m5[38;2;41;50;62;48;2;123;1;2m▌[38;2;145;0;0;48;2;188;2;2m=[38;2;168;3;5;48;2;109;1;3m▌[38;2;157;0;0;48;2;202;2;3m=[38;2;163;0;1;48;2;192;3;4m=[38;2;166;0;2;48;2;196;1;2mp[38;2;170;0;0;48;2;208;2;3m=[38;2;168;0;0;48;2;206;2;2m==[38;2;185;3;4;48;2;75;1;2m▌[38;2;147;0;0;48;2;190;2;4m=[38;2;162;0;1;48;2;202;2;3m=[38;2;163;0;0;48;2;201;3;2m=[38;2;166;0;0;48;2;205;2;2m=[38;2;196;1;2;48;2;147;3;3m▀[38;2;119;0;1;48;2;182;2;4m/[38;2;165;0;0;48;2;205;2;3m=[38;2;163;0;0;48;2;204;2;3m=[38;2;205;2;2;48;2;141;2;3m"[0m[38;2;92;2;4m▀[7m[38;2;165;2;3m▀[0m[38;2;167;0;1;48;2;200;2;2m5[38;2;166;0;0;48;2;206;2;3m=[38;2;167;0;0;48;2;208;2;3m=[38;2;170;0;0;48;2;209;2;3m=[48;2;210;2;3m=[38;2;172;0;1;48;2;199;2;3m=[0m[38;2;191;1;3m▀[38;2;129;2;4m▀[38;2;180;4;5m~[38;2;129;1;3m▀[38;2;133;1;2;48;2;172;2;3mp[0m[7m[38;2;117;2;4m![0m[38;2;137;5;5m▌[7m[38;2;146;2;4m▀[0m[38;2;172;2;2;48;2;120;2;3m/[0m[7m[38;2;112;2;3m/[0m[38;2;146;4;3me[38;2;58;5;5m'     [0m
   [7m[38;2;63;0;1m▌[0m[38;2;175;4;7;48;2;104;1;2m=[0m  [38;2;85;80;74m▀[38;2;71;84;91m▀[38;2;49;66;80m~[0m  [7m[38;2;57;58;55mw[38;2;78;80;78m-[38;2;83;84;81m-[0m[38;2;105;110;107;48;2;77;77;81mz[38;2;55;78;98;48;2;70;8;11m'[38;2;197;4;5;48;2;153;0;1m=[0m[38;2;96;2;3m▌[38;2;203;3;7;48;2;164;0;2m=[0m[38;2;177;2;3m▌[38;2;122;0;1;48;2;186;0;2m▌[38;2;224;3;6;48;2;180;0;1m=[38;2;226;3;5;48;2;181;0;1m=[38;2;225;3;6m=[38;2;224;4;5;48;2;178;0;1m=[38;2;222;4;7;48;2;176;0;1m=[38;2;220;3;5;48;2;163;1;2m=[38;2;66;0;1;48;2;179;0;2m▌[38;2;220;4;5;48;2;170;1;2m=[0m[7m[38;2;64;1;1md[0m[38;2;214;4;7;48;2;170;0;2m=[38;2;220;3;5;48;2;176;0;1m=[38;2;223;3;5;48;2;178;0;1m=[0m[38;2;178;2;4m▌[7m[38;2;85;0;2m▌[0m[38;2;223;4;5;48;2;175;0;1m=[38;2;225;3;5;48;2;177;0;1m===[38;2;224;2;4;48;2;181;0;1m=[0m[38;2;197;1;3m▀[38;2;126;5;6m'    [7m[38;2;109;0;1m▌[0m[38;2;164;2;2;48;2;119;1;2mA[0m [38;2;95;0;1;48;2;164;1;1m▌[0m[38;2;86;2;2m▌[38;2;191;4;5;48;2;153;0;1m=[0m[38;2;127;4;5m▌      [0m
   [38;2;122;0;0;48;2;159;2;4m=[38;2;98;0;0;48;2;139;2;3m=[0m[38;2;146;3;4m▌ [0m  [7m[38;2;86;81;76m~[38;2;93;103;104m▀[38;2;104;101;89m▌[0m[38;2;80;83;87;48;2;98;105;102mq[38;2;60;63;63;48;2;90;103;104mw[0m[7m[38;2;71;73;69m▀[0m[38;2;44;44;45;48;2;84;87;86mm[0m [38;2;143;0;1m▀[38;2;110;3;4m▌[7m[38;2;178;2;4m▌[0m[38;2;143;2;2;48;2;183;3;3m▀[38;2;153;0;1;48;2;197;2;3m=[38;2;184;2;3;48;2;200;2;2mw[38;2;193;2;4;48;2;152;2;3m▌[38;2;155;0;1;48;2;201;2;3m=[38;2;162;0;0;48;2;202;2;3m=[38;2;156;0;0;48;2;199;2;2m=[38;2;191;2;3;48;2;142;3;4m'[0m[7m[38;2;79;0;1m▌[0m[38;2;152;0;0;48;2;187;2;4m=[0m[38;2;121;3;4m▌[38;2;118;0;3;48;2;173;2;4mp[38;2;183;0;1;48;2;199;2;3mz[38;2;158;0;0;48;2;203;3;4m=[38;2;159;0;0m=[38;2;133;1;2;48;2;187;1;3m~[38;2;160;0;0;48;2;201;2;3m=[38;2;157;0;0m=[38;2;153;0;0;48;2;198;2;2m=[38;2;190;2;2;48;2;119;3;3m▀[0m[38;2;176;7;9m~      [7m[38;2;106;1;2m▌[0m[38;2;140;0;0;48;2;186;2;3m=[38;2;170;3;5;48;2;101;1;1m▌[38;2;123;1;3;48;2;163;2;2m#[38;2;178;2;3;48;2;89;3;3m▌[0m[7m[38;2;155;0;2m▌[0m[38;2;192;2;3;48;2;85;3;3m▌[0m[38;2;192;2;3m      [0m
 [38;2;105;5;7m\[7m[38;2;64;1;1m▌[0m[38;2;183;3;6;48;2;138;0;1m=[38;2;128;0;0;48;2;157;1;2mF[0m[38;2;153;1;4m▌ [0m [38;2;88;84;82m*[7m[38;2;100;99;94m▀[38;2;68;75;75mm[38;2;67;86;88m▌[0m[38;2;84;94;87;48;2;46;53;53mz[0m [38;2;109;1;0m-[0m [38;2;94;95;89m▌  [7m[38;2;123;1;3m▌[0m[38;2;200;3;5;48;2;140;0;1m=[38;2;205;3;5;48;2;130;0;1m=[38;2;173;1;2;48;2;68;0;2m▀[38;2;101;1;2;48;2;162;1;3m▀[38;2;215;3;7;48;2;175;0;1m=[38;2;169;2;3;48;2;79;2;3m▌[38;2;68;0;1;48;2;181;1;3m▌[38;2;213;5;6;48;2;167;1;2m=[0m[38;2;75;1;1m,[38;2;81;0;1m▀[38;2;201;4;5;48;2;136;0;2m=[0m[7m[38;2;99;0;3m4[0m[38;2;189;4;5;48;2;135;0;1m=[38;2;209;5;5;48;2;166;0;1m=[38;2;212;4;6;48;2;171;0;1m=[38;2;211;4;6m=[38;2;212;4;5;48;2;168;0;1m=[38;2;199;6;7;48;2;122;0;1m=[0m[38;2;114;2;3m▀[0m [38;2;85;2;3m▌      [7m[38;2;166;1;3m▌[0m[38;2;205;3;7;48;2;165;0;1m=[38;2;87;1;2;48;2;146;2;4mj[38;2;207;4;6;48;2;166;0;1m=[0m[38;2;146;2;4m▀[38;2;141;5;8m,[38;2;191;0;1;48;2;207;1;4m▌[0m      [0m
  [38;2;74;2;3m▀[38;2;97;0;1;48;2;146;1;2mM[38;2;141;0;0;48;2;172;2;3m=[38;2;139;0;0;48;2;170;2;3m=[0m[7m[38;2;135;2;3m▀[0m  [38;2;94;94;85m~[38;2;85;101;102m▀[7m[38;2;92;100;92m▌[0m[38;2;45;46;43;48;2;75;83;85mx[0m[7m[38;2;63;46;42m*[38;2;90;40;37mw[38;2;59;65;62m▀[0m[38;2;71;67;68;48;2;91;97;94mp[0m[38;2;38;59;68m▌[0m   [38;2;102;3;5mi[7m[38;2;112;2;2m*[38;2;163;3;4mw[38;2;153;3;4mm[38;2;176;1;3m▀[0m[38;2;164;0;0;48;2;191;2;3m=[38;2;168;0;0;48;2;196;2;2m=[38;2;219;3;5;48;2;171;2;3m-[0m[7m[38;2;189;1;3m▀[38;2;93;1;2m▀[0m[38;2;139;4;5m~[38;2;122;4;3m~[38;2;78;0;1m▀[38;2;128;2;3m▀[38;2;179;3;3m~[38;2;93;4;3m' [38;2;103;2;3m▀[38;2;183;5;7m-[38;2;131;4;2m'     [7m[38;2;116;1;2m▀[0m[38;2;152;0;1;48;2;183;2;4m=[38;2;186;2;3;48;2;126;3;4m~[38;2;82;0;0;48;2;156;2;3m<[38;2;151;0;0;48;2;179;2;4m=[0m[7m[38;2;156;2;3m'[0m[38;2;162;4;6m'[38;2;181;1;3;48;2;125;3;4m▀[0m[38;2;74;6;5m'     [0m
  [38;2;69;0;0;48;2;133;1;2m[[38;2;193;2;3;48;2;152;0;1m=[38;2;194;2;3;48;2;155;0;1m=[38;2;181;5;7;48;2;112;0;1m=[0m[38;2;117;6;5m'[0m [38;2;41;41;45m,[7m[38;2;60;54;44m▌[0m[38;2;65;83;93me[7m[38;2;52;50;40m▌[0m[38;2;76;79;79;48;2;40;45;42m▀[0m[38;2;82;89;88m▀[7m[38;2;47;52;52m;[0m[38;2;80;79;74m▀[38;2;140;142;131;48;2;96;100;96m=[0m[38;2;41;69;87m▌[7m[38;2;94;80;63m▌[0m[38;2;144;147;138;48;2;79;86;90m=[0m [7m[38;2;124;1;2m▀[0m[38;2;158;1;2m▀[7m[38;2;147;1;4me[0m[38;2;209;5;4;48;2;170;0;2m=[38;2;211;5;4;48;2;173;0;1m=[38;2;216;5;5;48;2;177;0;1m=[38;2;220;5;6;48;2;180;0;2m=[38;2;220;5;5;48;2;181;0;2m=[38;2;220;2;4;48;2;182;0;2m=[38;2;215;3;4;48;2;180;0;1m=[38;2;171;1;2;48;2;117;1;2m▀[0m[7m[38;2;86;1;2m\[0m[38;2;137;3;5;48;2;73;0;2m+[0m[7m[38;2;127;1;2m▀[38;2;106;1;2m▀[0m        [7m[38;2;79;0;1m▀[38;2;165;1;2m▀[0m[38;2;199;4;4;48;2;130;0;1m=[38;2;85;1;2;48;2;136;1;3mx[38;2;95;0;1;48;2;170;1;2m~[38;2;209;3;3;48;2;168;0;1m=[38;2;209;4;4;48;2;167;0;1m=[0m[38;2;163;2;3m▌[0m        [0m
  [38;2;154;1;3m▀[38;2;172;2;3;48;2;153;1;2mE[38;2;163;3;3;48;2;103;1;2mF[0m  [38;2;113;102;93;48;2;69;66;65m▀[38;2;87;75;78;48;2;114;119;123m=[0m[7m[38;2;106;111;111m▀[38;2;91;93;94m▀[0m [38;2;87;88;83m▀[38;2;102;105;98m▀[38;2;76;78;74m▀[38;2;92;98;96m▀[0m  [7m[38;2;64;64;59m▀[38;2;57;60;61m▀[0m   [38;2;107;2;3m▀[38;2;134;3;5m~[38;2;190;2;2;48;2;130;1;2m~[38;2;198;2;2;48;2;178;1;2mE[38;2;202;2;2;48;2;183;1;1mE[38;2;221;4;7;48;2;190;1;2m_[38;2;221;2;6;48;2;152;2;3m_[0m[7m[38;2;130;3;5m*[0m[38;2;186;2;4;48;2;77;1;2m▀[38;2;211;4;5;48;2;155;2;3m_[38;2;99;3;4;48;2;157;2;3m▀[0m[38;2;131;3;4mr[38;2;134;2;5;48;2;83;1;2mG[38;2;76;0;1;48;2;156;1;3m*[38;2;200;2;4;48;2;115;1;2m_[0m[7m[38;2;127;2;3m~[38;2;126;2;3m~[38;2;115;2;3m~[38;2;113;2;2m~[38;2;120;2;3m~[0m[38;2;118;3;4;48;2;158;3;4mw[38;2;200;3;4;48;2;125;1;2m_[38;2;203;3;4;48;2;129;2;3m_[38;2;201;4;5;48;2;149;1;3m_[0m[38;2;184;2;3m▀[38;2;133;3;4m▀[38;2;178;1;2;48;2;156;1;3m.[38;2;188;1;3;48;2;141;2;3mF[0m[38;2;145;5;5m' [38;2;56;44;34;48;2;99;92;87m▌[38;2;54;58;60;48;2;111;107;108m▀[0m     [0m
[38;2;95;1;1m\[0m   [38;2;144;1;3m\[0m [7m[38;2;58;49;36m▌[0m[38;2;131;136;132;48;2;79;76;75m=[38;2;52;52;53;48;2;101;102;102m▀[0m[38;2;74;79;83mm[7m[38;2;69;70;67m-[0m[38;2;110;123;123;48;2;68;69;70m=[38;2;102;106;108;48;2;79;77;73m^[38;2;128;137;136;48;2;94;92;88m=[38;2;129;137;136;48;2;92;91;85m=[38;2;128;138;135;48;2;93;93;86m=[38;2;127;139;135;48;2;94;96;91m=[38;2;128;140;137;48;2;95;97;94m=[38;2;130;139;138;48;2;93;96;95m=[38;2;110;133;138;48;2;59;69;75m=[0m[38;2;24;39;57m'[7m[38;2;75;67;58m▀[0m[38;2;79;91;97m▌[7m[38;2;82;2;3m▌[0m[38;2;155;4;4m'[7m[38;2;71;1;2m▌[38;2;68;1;2mq[0m[38;2;147;0;0;48;2;183;1;3m-[38;2;196;2;4;48;2;182;1;2m:[38;2;190;1;3;48;2;180;1;2m$[38;2;142;1;2;48;2;188;0;2m▀[0m[7m[38;2;179;1;3m▀[0m[38;2;106;0;2m~[38;2;163;1;1m▀[38;2;189;3;3;48;2;152;0;1m=[38;2;83;1;1;48;2;175;1;2m▀[0m[7m[38;2;133;2;3m▀[0m[38;2;119;1;2m▀[38;2;156;1;1m▀[38;2;165;2;2;48;2;111;1;1m*[38;2;166;1;1;48;2;117;1;1m#[48;2;116;1;1m#[38;2;166;2;3;48;2;113;1;1m*[0m[7m[38;2;137;1;3m_[0m[38;2;162;1;1m▀[38;2;147;1;2m▀[38;2;132;6;9m'[7m[38;2;154;1;3m▀[0m[38;2;182;3;4;48;2;153;0;2m=[0m[38;2;157;1;1m▀[38;2;126;6;9m' [7m[38;2;87;82;78m▌[38;2;95;96;98m▀[0m[38;2;63;52;46m~[38;2;100;100;98;48;2;74;74;72m*[0m[7m[38;2;85;94;99m▀[0m   [0m
   [38;2;107;3;4m_ [0m [38;2;119;1;3;48;2;72;1;1m4[0m [38;2;107;109;106m~[38;2;100;99;99m▀[38;2;90;91;93mm[7m[38;2;88;90;90m'[0m[38;2;101;111;116;48;2;57;59;61mb[38;2;84;93;94;48;2;54;59;58mB[38;2;130;130;116;48;2;60;68;70m-[0m[38;2;70;84;86mF[38;2;83;99;100m~[0m  [38;2;125;118;99m_[0m [38;2;119;114;109;48;2;57;52;47m▀[0m[38;2;96;103;110m▌[0m  [38;2;128;2;3m▀[38;2;115;7;9m'[38;2;210;6;5;48;2;178;2;2m_[38;2;219;5;6;48;2;184;2;3m_[38;2;221;5;6;48;2;188;2;3m_[38;2;224;4;10;48;2;187;1;3m-[38;2;218;4;5;48;2;185;2;2m_[38;2;194;2;3;48;2;159;2;3mb[0m[7m[38;2;177;2;1m▀[0m[38;2;152;4;4m_[38;2;144;2;2m▀[38;2;209;3;4;48;2;160;1;2m-[38;2;211;3;4;48;2;170;2;2m_[0m[7m[38;2;153;1;2m~[38;2;162;1;1m▀[38;2;127;1;2m▀[38;2;99;1;2m▀[0m[38;2;159;4;3m_[7m[38;2;161;1;2m▀[38;2;171;1;2m▀[0m[38;2;175;1;3;48;2;120;1;2mz[0m[38;2;171;2;3m▀[38;2;129;3;3m▀[0m [7m[38;2;96;86;76m~[0m[38;2;92;77;69;48;2;116;117;113m=[0m[7m[38;2;78;86;89m▀[0m [38;2;82;80;73m▀[38;2;108;112;110;48;2;74;80;83mb[0m[38;2;61;77;83m,[7m[38;2;86;83;76m,[0m[38;2;94;105;107m▌[0m  [0m
   [38;2;131;2;2m▀[0m   [38;2;119;3;4m'          [7m[38;2;105;97;85m▌[0m[38;2;82;76;82;48;2;113;109;105m_[38;2;79;83;85;48;2;112;111;110m▀[0m[7m[38;2;36;46;49m▀[0m[38;2;70;59;52;48;2;109;101;94m-[38;2;86;82;82;48;2;114;108;106mE[0m[38;2;70;79;83m▌[0m [7m[38;2;137;1;3m~[0m[38;2;168;1;1;48;2;179;2;4mE[38;2;65;0;1;48;2;170;2;3m_[38;2;177;1;1;48;2;193;2;3mE[38;2;176;1;1;48;2;192;2;3mE[38;2;175;1;1;48;2;185;3;3mE[38;2;178;1;2;48;2;96;2;3m▀[0m[38;2;174;1;2m▀[38;2;126;0;0;48;2;174;1;2m_[0m[38;2;124;2;2m▌[0m [38;2;153;0;2m▀[38;2;183;1;3;48;2;143;1;2m~[38;2;168;1;1;48;2;184;2;2mz[38;2;171;0;1;48;2;188;1;2mz[38;2;173;0;1;48;2;189;1;2mE[38;2;149;0;0;48;2;182;1;2m_[38;2;167;1;1;48;2;183;2;2mE[38;2;164;0;1;48;2;177;2;3mE[0m[38;2;92;4;5m▌[38;2;76;62;52;48;2;119;105;96m▀[38;2;83;77;82;48;2;117;110;108m_[0m[7m[38;2;106;107;105m▀[0m [38;2;103;99;95m▀[38;2;73;74;81;48;2;106;106;105m_[0m[38;2;67;82;93mm[0m [7m[38;2;74;68;62m▌[0m[38;2;73;72;76;48;2;95;100;100m_[0m [38;2;79;78;73;48;2;106;109;104m_[0m  [0m
              [7m[38;2;90;86;76m▀[38;2;103;100;98m~[38;2;103;101;98m~[0m[38;2;40;35;29;48;2;103;103;100m~[38;2;89;77;74;48;2;107;115;118m=[38;2;141;141;132;48;2;68;72;77m-[0m[38;2;97;108;114m▀[7m[38;2;97;93;81m▌[0m[38;2;92;79;74;48;2;116;119;118m=[38;2;91;79;75;48;2;103;114;120m=[0m[38;2;42;69;92m'[0m [38;2;134;1;2m▀[7m[38;2;146;2;2m▀[0m[38;2;213;4;3;48;2;162;1;2m_[38;2;216;4;4;48;2;177;1;2m_[38;2;200;5;6;48;2;128;1;2m-[0m  [7m[38;2;74;0;1m▀[0m[38;2;193;6;8;48;2;139;1;2m_[0m[38;2;94;2;3m▌[0m  [7m[38;2;77;1;2m▀[38;2;88;2;2m*[38;2;106;1;1mm[0m[38;2;161;1;1m▀[38;2;206;3;5;48;2;141;1;2m-[38;2;201;4;6;48;2;163;1;2m_[0m[38;2;158;3;2m▌[0m [38;2;108;96;93m▀[38;2;93;75;71;48;2;111;110;108m=[38;2;91;75;72;48;2;114;115;116m=[38;2;89;74;70;48;2;104;109;112m=[0m[7m[38;2;77;91;97m▀[0m [38;2;49;47;39m▀[38;2;106;106;105m▀[38;2;106;107;101;48;2;60;62;61mm[0m[7m[38;2;101;107;108m▀[0m[38;2;74;69;60;48;2;87;101;107m▀[0m[38;2;81;97;103m▀[0m  [0m
             [38;2;60;54;38;48;2;101;102;92m▌[38;2;96;101;97;48;2;46;64;71m▀[0m[7m[38;2;85;81;71mm[0m[38;2;83;86;85m▀[38;2;97;97;96m▀[38;2;100;106;107;48;2;54;71;84m▌[0m[7m[38;2;94;88;79m▀[0m[38;2;61;57;54;48;2;113;113;109m▀[38;2;98;96;92;48;2;118;118;111mE[38;2;83;76;74;48;2;114;114;107m-[38;2;113;115;109;48;2;80;89;91m'[0m [38;2;120;2;4m'[7m[38;2;154;1;3m▌[0m[38;2;187;1;2;48;2;173;1;1m~[38;2;172;1;1;48;2;187;2;3mE[38;2;190;1;2;48;2;170;2;3m~[0m[38;2;125;2;4m▌ [38;2;96;2;3m*[38;2;118;2;3m▀[38;2;67;4;5m'[7m[38;2;154;1;4m▀[0m[38;2;103;1;3;48;2;145;1;2m'[0m[38;2;161;1;0m▀[38;2;160;1;1m▀[38;2;163;2;2m▀[7m[38;2;141;1;1m_[0m[38;2;126;2;4;48;2;150;1;2m~[0m[7m[38;2;92;2;3m▀[38;2;156;1;3m▌[0m[38;2;67;3;3m▌  [0m [38;2;95;91;86m▀[38;2;80;94;99m#[7m[38;2;80;76;63m▀[38;2;107;109;105m▀[38;2;65;66;64m▀[0m  [7m[38;2;113;108;102m▀[0m[38;2;74;94;100mp   [0m
              [7m[38;2;69;68;57m/[0m[38;2;131;146;136;48;2;106;107;101m_[38;2;130;145;136;48;2;104;106;105m_[38;2;105;114;112;48;2;53;61;67mz[0m [7m[38;2;80;86;85m*[38;2;69;77;77mq[0m[38;2;94;105;109m▀[38;2;88;95;93;48;2;56;60;62m5[0m[38;2;114;116;115m▀[38;2;98;98;99m\[0m   [7m[38;2;109;1;3m*[38;2;111;2;2m▀[38;2;91;1;1m▀[38;2;100;1;1m▀[38;2;144;1;2m▀[0m[38;2;164;2;3;48;2;104;1;1mo[38;2;162;1;3;48;2;75;2;2m▀[0m[38;2;113;2;3m▀[7m[38;2;69;61;52m▀[0m[38;2;137;142;143;48;2;85;76;72m_[48;2;108;98;93m_[38;2;137;142;142;48;2;101;92;91m_[0m[7m[38;2;101;103;104m▀[38;2;81;0;1m▌[0m[38;2;164;2;3;48;2;124;2;3m5[0m        [38;2;108;112;109m▀[38;2;108;113;110;48;2;43;44;45m▀[38;2;109;111;109;48;2;65;68;72m▀[38;2;110;111;110;48;2;47;54;61m▀[0m[38;2;98;110;112m▀[38;2;40;75;96m'   [0m
            [7m[38;2;65;58;45m▀[0m[38;2;49;43;35;48;2;115;111;107m▀[38;2;99;95;92;48;2;119;118;114mE[38;2;82;75;79;48;2;115;113;108m_[38;2;100;96;94;48;2;119;118;115mE[38;2;74;73;81;48;2;105;110;109m_[0m[38;2;45;72;90m'[38;2;105;107;106;48;2;65;65;63m*[0m[38;2;76;90;98m#[38;2;89;91;82m*[38;2;94;112;108m'[7m[38;2;88;88;81m_[38;2;57;62;64mj[0m[38;2;76;89;90m@ [0m [38;2;157;1;2m▀[38;2;162;1;2m▀[38;2;163;1;2m▀▀[38;2;149;2;2m▀[38;2;127;4;5m~  [7m[38;2;78;71;65m▌[0m[38;2;81;71;73;48;2;113;108;107m_[38;2;80;72;75;48;2;115;110;108m_[38;2;80;71;76;48;2;116;111;107m_[38;2;81;72;74;48;2;116;112;106m_[38;2;76;79;80;48;2;116;113;110m▀[38;2;103;2;4;48;2;77;69;71m▀[0m                 [0m
         [7m[38;2;82;77;70m▀[38;2;103;99;95m▀[0m[38;2;131;138;138;48;2;94;88;83m_[38;2;116;117;116;48;2;101;96;97mE[38;2;116;118;117;48;2;102;97;97mE[38;2;115;118;117;48;2;102;98;98mE[38;2;116;120;120;48;2;99;100;102mE[38;2;113;117;120;48;2;44;58;68m▀[0m[38;2;46;65;76m▀[38;2;66;84;91m,                [0m [7m[38;2;75;84;81m▀[0m [38;2;112;112;109m▀[38;2;118;119;116;48;2;98;94;93mE[38;2;119;120;119;48;2;103;99;99mEE[38;2;118;121;119;48;2;103;100;99mE[38;2;133;143;143;48;2;92;92;90m_[0m[7m[38;2;102;103;101m▀[38;2;84;85;82m▀[0m[38;2;82;90;87m_[0m             [0m
     [38;2;64;68;66mw[38;2;85;91;87mw[38;2;103;107;100;48;2;73;76;73m*[38;2;120;121;115;48;2;93;97;98m~[38;2;121;120;116;48;2;94;96;98m~[38;2;107;102;101;48;2;77;83;88m▀[48;2;66;72;77m▀[38;2;121;119;113;48;2;74;76;79m~[0m[38;2;109;106;104m▀[38;2;89;97;100m▀[38;2;64;87;100m~ [7m[38;2;61;51;32m▌[0m[38;2;83;74;70;48;2;107;107;103m_[0m[7m[38;2;92;92;89m▀[0m   [7m[38;2;56;56;58m▀[0m        [7m[38;2;67;59;56m▀[0m  [38;2;61;54;48;48;2;110;101;89m5[38;2;113;124;123;48;2;93;102;109m~[0m   [38;2;120;116;108m~[38;2;108;103;101m▀[7m[38;2;91;91;89m_[0m[38;2;123;123;117;48;2;90;90;89m~[38;2;122;123;115;48;2;104;105;101m~[38;2;102;100;95;48;2;114;115;112mE[38;2;103;99;97;48;2;114;115;113mE[38;2;81;71;72;48;2;108;110;106m_[0m[7m[38;2;91;94;91m~[0m[38;2;94;97;96mw[38;2;82;87;84mm[38;2;38;51;54me        [0m
            [7m[38;2;115;1;2m~[0m[38;2;178;2;2;48;2;132;2;1m=[0m[38;2;138;4;4m,  [0m [38;2;121;117;112;48;2;76;69;64m▀[38;2;121;121;117;48;2;90;83;80mE[0m[38;2;86;90;93m▌[7m[38;2;84;33;31mm[38;2;147;1;2m▀[38;2;147;4;5m~[0m[38;2;193;1;3;48;2;145;1;1m=[38;2;182;3;3;48;2;152;1;2mz[38;2;194;2;4;48;2;142;1;2m=[38;2;193;1;3;48;2;135;1;2m=[38;2;192;1;1;48;2;140;1;1m=[38;2;179;2;4;48;2;155;1;1mz[38;2;178;2;4;48;2;149;1;2mz[38;2;187;1;4;48;2;119;1;2m=[0m[7m[38;2;152;1;2m▀[38;2;94;1;2m▀[0m[38;2;97;87;75m▀[38;2;122;115;115m▀[38;2;85;95;105m▀ [0m  [38;2;173;1;4;48;2;141;1;2m=[38;2;167;4;4;48;2;103;2;3mz[0m                  [0m
             [38;2;158;1;3;48;2;78;1;3m▀[38;2;130;0;0;48;2;169;2;4m=[38;2;104;2;1;48;2;155;1;2m~[0m[7m[38;2;166;2;3m▀▀[38;2;168;2;3m▀[38;2;147;1;1m~[0m[38;2;138;0;0;48;2;170;3;3m=[38;2;171;1;2;48;2;102;3;3m▀[0m[38;2;158;2;3m▀[38;2;187;3;3m~[38;2;104;5;7m'[0m     [38;2;177;4;6m~[38;2;165;2;3m▀[38;2;184;4;3;48;2;123;1;1m~[38;2;139;0;0;48;2;173;3;3m=[48;2;177;2;3m=[38;2;105;0;1;48;2;172;2;3m▀[0m[7m[38;2;171;2;2m▀[38;2;170;2;2m▀[0m[38;2;82;1;1;48;2;160;1;2m'[38;2;136;0;0;48;2;173;2;3m=[38;2;163;1;3;48;2;80;4;3m▀[0m[38;2;121;9;10m'                  [0m
               [38;2;119;1;2m▀[38;2;152;1;1m▀[38;2;152;0;1m▀[38;2;137;1;2m▀[7m[38;2;118;1;2m-[38;2;157;1;2m▀[0m[38;2;163;4;4;48;2;87;1;1mc[0m[38;2;132;5;5m'[7m[38;2;152;1;3m▀[0m[38;2;198;3;6;48;2;138;0;1m=[38;2;202;4;4;48;2;155;0;2m=[38;2;199;4;4;48;2;128;0;2m=[0m[7m[38;2;147;1;2m~[0m[38;2;201;3;4;48;2;157;0;2m=[48;2;155;0;1m=[38;2;194;3;6;48;2;118;0;2m=[0m[38;2;107;3;2m,[38;2;75;0;2;48;2;123;1;2m~[38;2;77;2;2;48;2;159;1;3m▀[38;2;74;0;1;48;2;151;1;2m▀[0m[7m[38;2;123;1;3m-[0m[38;2;157;0;2m▀[38;2;143;1;1m▀[38;2;141;1;2m▀[38;2;136;4;2m'                    [0m
                   [38;2;139;1;3m▀[38;2;134;2;3m▀[7m[38;2;154;2;3m▀[0m[38;2;137;0;0;48;2;174;2;3m=[38;2;141;0;0;48;2;187;2;3m=[38;2;172;1;2;48;2;188;2;2mw[38;2;174;1;1;48;2;190;3;2mw[38;2;175;1;2;48;2;190;3;3mw[38;2;150;0;0;48;2;193;2;2m==[38;2;174;1;2;48;2;189;3;3mw[38;2;142;0;1;48;2;188;2;3m=[38;2;140;0;1;48;2;173;2;3m=[0m[7m[38;2;93;2;3m\[0m[38;2;167;1;1m▀[38;2;136;2;2m▀[38;2;76;5;4m'                        [0m
                     [38;2;112;0;1m▀[38;2;164;2;2;48;2;113;1;2m^[38;2;195;5;4;48;2;143;0;1m=[38;2;198;5;4;48;2;158;0;1m=[38;2;200;5;4;48;2;160;0;1m=[38;2;198;6;4;48;2;138;1;1m=[38;2;120;0;2;48;2;153;1;3m_[38;2;202;5;5;48;2;162;0;2m=[38;2;200;4;5;48;2;159;0;1m=[38;2;196;3;3;48;2;140;0;1m=[0m[38;2;161;1;1m▀[38;2;98;2;4m▀                           [0m
