[0m [38;2;0;0;0m                                         [38;2;86;3;5m_                 [0m
 [38;2;0;0;0m                                       [0m [38;2;126;0;1m_[38;2;97;0;1;48;2;151;1;3m^[0m [38;2;0;0;0m           [0m [38;2;68;4;4mL   [0m
 [38;2;0;0;0m                                  [38;2;114;5;6m_[7m[38;2;102;2;2m▀[38;2;136;2;3m▀[38;2;138;2;3m▀[38;2;143;3;3m▀[0m[38;2;83;2;3;48;2;121;2;3m~[0m[38;2;173;1;2m▀[38;2;102;3;4m▀     [0m  [38;2;31;4;4m     [0m [38;2;121;2;3;48;2;67;4;4m▌[0m[38;2;121;2;3m   [0m
 [38;2;0;0;0m   [38;2;60;4;6m^                             [7m[38;2;86;1;3m▌[0m[38;2;124;0;1;48;2;138;1;2m'[38;2;125;0;2;48;2;140;1;3m'[0m[7m[38;2;119;2;3my[0m[38;2;100;2;2m▀[38;2;64;0;1m"[0m [38;2;0;0;0m       [0m [38;2;126;3;4m▌     [7m[38;2;82;1;2m▀[0m[38;2;121;0;1;48;2;137;1;2m'[0m[38;2;78;4;5m▌  [0m
 [38;2;0;0;0m   [0m [38;2;31;5;8m                 [0m [38;2;0;0;0m           [7m[38;2;156;2;4m▌[0m[38;2;147;1;2;48;2;163;3;3mT[38;2;146;1;2;48;2;162;3;3mT[0m [38;2;45;5;3m [38;2;114;1;6m.       [38;2;86;2;4my[38;2;79;1;1;48;2;120;3;3m~[0m [38;2;62;3;4m   [38;2;83;1;4m_[38;2;71;0;2;48;2;149;3;3m▀[38;2;145;1;2;48;2;162;2;3mT[0m[7m[38;2;143;3;4m_[0m[38;2;76;8;9m^  [0m
 [38;2;0;0;0m   [0m [7m[38;2;108;2;4m▀[0m[38;2;18;0;0m            [0m     [38;2;0;0;0m    [0m [38;2;58;2;4mx[0m [38;2;0;0;0m   [0m [38;2;89;0;1;48;2;131;1;3m~[38;2;161;1;3;48;2;151;1;2mM[38;2;161;2;2mM[0m[38;2;99;3;4m▌ [0m  [38;2;0;0;0m     [7m[38;2;83;1;2m▀[0m[38;2;84;0;1;48;2;132;2;3m~[0m[38;2;71;3;3m▌   [0m [38;2;111;1;2m▀[38;2;95;2;2m▀[38;2;78;4;1m`    [0m
 [38;2;0;0;0m  [0m [7m[38;2;116;3;4m▀[0m[38;2;93;3;2m~            [0m [38;2;106;3;5m▌[0m  [38;2;32;2;6m     [7m[38;2;73;1;3m▌[38;2;117;3;4m▀[0m [38;2;0;0;0m  [0m [7m[38;2;125;1;2m~[0m[38;2;185;3;3;48;2;161;2;3mz[38;2;186;3;4;48;2;163;2;3mz[38;2;187;2;3;48;2;164;2;3mz[38;2;198;3;4;48;2;158;2;3m:[0m[7m[38;2;160;2;2m▀[38;2;158;2;2m▀[0m[38;2;109;6;5m▌    [0m [38;2;166;3;3;48;2;143;2;3mz[0m[38;2;119;3;4m▌    [0m  [38;2;0;0;0m      [0m
 [38;2;0;0;0m  [7m[38;2;136;1;2m▌[0m[38;2;126;3;4m▌              [38;2;147;0;1;48;2;103;2;3m'[0m[38;2;64;1;2m,[0m [38;2;40;7;9m     [0m [38;2;130;0;0;48;2;150;1;3m:[0m[7m[38;2;115;3;3m`[0m [38;2;0;0;0m [7m[38;2;151;1;3m▌[0m[38;2;158;0;1;48;2;176;1;2mg[38;2;161;0;1;48;2;179;1;2mg[38;2;164;1;1;48;2;183;2;3mg[38;2;164;1;2mg[38;2;162;1;2;48;2;182;2;3mg[38;2;146;0;0;48;2;165;1;2m:[38;2;151;1;2;48;2;169;2;4mz[0m[38;2;72;3;3m▌ [0m [7m[38;2;72;1;2m▀[0m  [38;2;155;1;2;48;2;124;2;4m'[0m [38;2;0;0;0m  [0m [38;2;58;1;3m,        [0m
 [38;2;0;0;0m  [38;2;116;3;5m"[38;2;85;3;3m▀[38;2;52;7;5m.      [0m [38;2;0;0;0m     [0m [38;2;184;6;5;48;2;144;2;4m:[38;2;86;2;2;48;2;139;3;3m"[0m[38;2;74;6;5m,   [0m   [7m[38;2;149;1;2m▌[0m[38;2;187;3;1;48;2;164;1;3mz[0m[7m[38;2;146;2;3m`[38;2;143;2;3m~[0m[38;2;192;3;2;48;2;170;1;3mp[38;2;198;3;2;48;2;175;1;3mz[38;2;199;3;2;48;2;177;1;3mz[38;2;200;4;2;48;2;177;2;3mz[38;2;199;4;3;48;2;177;1;3mz[38;2;196;4;3;48;2;171;2;4mz[38;2;84;3;3;48;2;151;2;3m~[38;2;202;5;4;48;2;167;2;4m:[0m[7m[38;2;154;3;3m_[38;2;155;2;4m▀[0m[38;2;188;5;4;48;2;151;2;3m:[0m[7m[38;2;115;3;3m_[0m[38;2;23;2;2m [0m [38;2;122;11;11m`[38;2;105;10;10m.[0m  [7m[38;2;126;3;4m▌[0m [38;2;58;2;4my       [0m
 [38;2;0;0;0m           [0m [38;2;65;1;1mw    [7m[38;2;96;1;4m▌[0m[38;2;145;1;1;48;2;165;2;3mz[38;2;146;0;1;48;2;165;1;3mz[38;2;88;0;0;48;2;136;2;3m`[0m [38;2;0;0;0m [0m [38;2;162;0;3m_[38;2;111;2;4;48;2;148;2;3m~[0m[7m[38;2;117;1;2m▀[0m[38;2;179;1;2;48;2;156;1;3m,[38;2;173;1;2;48;2;189;2;3m▀[38;2;174;1;1;48;2;191;2;3m▀[38;2;170;1;2;48;2;189;2;3mz[38;2;173;1;2;48;2;191;2;3mz[38;2;175;1;2;48;2;192;2;2mz[48;2;194;2;3mz[38;2;176;1;2;48;2;195;2;2mz[38;2;174;1;2;48;2;193;2;2mz[38;2;170;1;2;48;2;190;2;3mz[38;2;184;1;3;48;2;162;2;3m'[0m  [38;2;89;4;4;48;2;151;1;3m_[0m[38;2;86;2;3m▀ [0m [7m[38;2;166;1;4m▀[0m[38;2;87;0;0;48;2;135;2;4m`[0m  [38;2;112;3;4mF[0m  [7m[38;2;107;3;4m~[0m[38;2;67;2;3m     [0m [38;2;62;4;5m [0m
 [38;2;0;0;0m       [38;2;119;3;3mt[7m[38;2;86;2;3m▀[0m [38;2;15;0;0m  [38;2;146;5;11m`[38;2;79;2;4mv[0m [38;2;0;0;0m  [0m [38;2;125;2;2m▀[38;2;184;3;4;48;2;161;1;1mz[38;2;196;4;4;48;2;136;4;4m:[0m [38;2;0;0;0m [7m[38;2;133;1;2m▌[0m[38;2;195;3;4;48;2;167;1;3mz[38;2;202;3;5;48;2;174;1;3mz[38;2;207;3;4;48;2;179;1;3mz[38;2;210;3;4;48;2;183;2;3mz[38;2;211;4;4;48;2;184;2;3mz[38;2;212;4;5;48;2;185;1;3mz[38;2;212;3;4;48;2;186;1;3mz[38;2;214;1;3;48;2;187;1;2mz[38;2;214;3;3;48;2;190;1;3mz[38;2;214;4;4;48;2;190;2;3mz[38;2;212;4;4;48;2;189;2;2mz[38;2;210;3;4;48;2;187;1;2mz[38;2;208;3;3;48;2;183;1;2mz[38;2;212;6;5;48;2;150;3;4m:[0m [38;2;161;9;12m,[0m [38;2;58;5;3m  [38;2;71;1;2;48;2;167;2;4m▌[38;2;188;3;5;48;2;165;1;2mz[48;2;164;1;2mz[0m[38;2;132;4;4m▌[0m  [7m[38;2;145;2;3m▀[0m[38;2;86;1;4;48;2;142;2;3m"[0m[38;2;136;3;4m▌   [0m [7m[38;2;96;1;2m▀[0m[38;2;72;4;5m▌ [0m
 [38;2;0;0;0m    [0m  [38;2;0;0;0m [0m [38;2;105;0;1;48;2;144;1;3m,[38;2;144;0;1;48;2;153;2;3m:[0m[7m[38;2;102;2;4m▀[0m[38;2;13;0;0m  [0m [38;2;74;2;3m~ [0m   [38;2;146;1;2;48;2;165;2;4mm[38;2;171;3;5;48;2;134;3;4m'[0m[7m[38;2;124;2;5m▌[0m [7m[38;2;178;1;3m▌[0m[38;2;205;4;6;48;2;179;1;2m-[38;2;171;1;2;48;2;192;2;3mz[38;2;177;1;2;48;2;197;2;3mz[38;2;179;0;2;48;2;199;2;3mz[38;2;180;1;2mzz[38;2;178;0;2;48;2;199;2;4mz[38;2;169;1;2;48;2;194;3;3mg[38;2;179;1;2;48;2;200;2;3mz[38;2;178;1;2;48;2;199;2;3mz[38;2;175;1;1;48;2;198;2;3mz[48;2;196;2;3mz[0m[7m[38;2;174;2;4m,[0m[38;2;83;2;2;48;2;160;2;4m▀[38;2;85;1;2;48;2;156;1;2m^[0m[38;2;175;3;4m▌  [7m[38;2;81;1;3m▌[0m[38;2;158;1;2;48;2;177;2;4mz[38;2;199;3;3;48;2;172;1;3m-[38;2;159;1;1;48;2;179;2;3mz[0m[38;2;169;2;3m▌ [7m[38;2;92;1;2m▌[0m[38;2;186;2;4;48;2;158;2;3m-[38;2;132;0;0;48;2;150;2;3m:[0m  [38;2;37;3;3m  [38;2;71;1;2;48;2;152;2;2m▌[38;2;165;2;1;48;2;137;3;3m'[0m [38;2;0;0;0m [0m
 [38;2;0;0;0m  [38;2;93;2;3mn[38;2;80;2;3m_[0m [38;2;104;3;4m▌  [7m[38;2;115;1;3m▌[0m[38;2;135;0;0;48;2;166;1;2m-[38;2;189;1;3;48;2;147;2;3m:[0m[38;2;189;1;3m  [0m  [38;2;0;0;0m  [38;2;99;7;7m`[38;2;81;3;4m_[38;2;95;1;4;48;2;133;1;2m,[38;2;194;5;4;48;2;156;2;3m:[0m[7m[38;2;158;1;4m▌[0m[38;2;112;4;4m▌[38;2;87;0;2;48;2;185;1;4m▌[38;2;160;0;1;48;2;192;2;3m-[38;2;162;0;0;48;2;196;1;2m-[38;2;167;0;2;48;2;200;2;3m-[38;2;168;0;3;48;2;202;2;3m-[38;2;170;0;2;48;2;203;2;4m-[38;2;167;0;2;48;2;202;2;3m-[38;2;223;4;5;48;2;186;3;4m:[38;2;67;3;3;48;2;173;1;3m▌[38;2;163;0;0;48;2;196;2;3m-[38;2;159;0;0;48;2;195;2;2m-[38;2;159;0;1;48;2;194;2;2m-[48;2;193;2;3m-[0m[7m[38;2;147;3;4m'[0m[38;2;154;0;2;48;2;184;1;3m-[38;2;154;0;1;48;2;188;2;3m-[38;2;207;3;4;48;2;170;2;3m:[0m[7m[38;2;165;1;2m▀[38;2;141;1;2m▀[38;2;155;2;3m~[0m[38;2;147;0;0;48;2;185;2;3m-[38;2;149;0;0;48;2;185;2;2m-[38;2;150;0;0;48;2;183;2;2m-[0m[38;2;175;2;3m▌ [0m [38;2;188;3;4;48;2;150;2;4m:[0m[38;2;83;2;3m▌ [38;2;98;5;6m%  [7m[38;2;88;1;1m▌[0m[38;2;183;4;4;48;2;121;3;4m:[0m[38;2;183;4;4m  [0m
 [38;2;0;0;0m  [0m [38;2;111;2;2m▀[7m[38;2;117;3;4m▀[0m[38;2;105;2;2m▀[7m[38;2;146;2;4m▀[0m[38;2;110;6;6m_[0m [38;2;169;2;2;48;2;149;2;3m'[38;2;187;2;4;48;2;156;2;3m_[0m [38;2;0;0;0m [7m[38;2;114;2;4m▌[0m [38;2;0;0;0m [38;2;91;1;3m_[7m[38;2;115;3;4m▀[0m[38;2;76;0;3m`[7m[38;2;173;1;3m▌[0m[38;2;206;3;5;48;2;174;2;2m-[38;2;208;4;7;48;2;179;2;3m-[38;2;210;4;5;48;2;181;2;3m-[38;2;214;5;6;48;2;185;2;2m-[38;2;215;5;7;48;2;186;2;3m-[38;2;217;4;5;48;2;189;2;3m-[38;2;222;4;7;48;2;194;1;3m-[38;2;223;5;5;48;2;196;2;3m-[38;2;207;2;4;48;2;191;2;4m'[0m[38;2;185;2;3m▀[7m[38;2;97;2;4mr[0m[38;2;70;1;2;48;2;181;3;4m▌[0m[7m[38;2;152;3;4m_[0m[38;2;179;2;3m▀[38;2;145;3;4m▀[38;2;83;3;3;48;2;176;2;3m▀[0m[7m[38;2;123;4;5m▀[0m[38;2;170;1;1;48;2;187;3;3mc[38;2;212;4;6;48;2;183;2;2m_[38;2;213;4;6m_[38;2;211;6;4;48;2;182;2;2m-[38;2;210;5;4;48;2;178;2;3m-[0m[38;2;138;2;2m▀[38;2;191;2;3;48;2;172;2;3m'[38;2;210;5;6;48;2;180;2;3m-[38;2;209;6;5;48;2;179;1;3m-[38;2;185;2;6;48;2;136;3;4m'[0m [7m[38;2;107;2;3m▀[0m[38;2;92;3;4m▌  [38;2;113;3;4;48;2;126;2;3m~[0m[38;2;135;5;5m_  [38;2;66;3;4;48;2;101;3;4mW[0m[38;2;66;3;4m  [0m
[7m[38;2;135;1;2m▀[0m [38;2;30;0;0m  [0m [38;2;142;1;1;48;2;121;1;2m'[38;2;172;3;5;48;2;139;1;2m:[38;2;75;0;0;48;2;146;1;2m~[38;2;68;0;0;48;2;130;3;3m_[0m[38;2;92;5;6mw[38;2;137;3;4m`[38;2;176;4;7;48;2;149;1;2m:[0m[38;2;121;3;5m▌ [7m[38;2;104;1;4m▌[38;2;108;2;2m▀[38;2;106;1;2m▀[0m[38;2;185;3;6;48;2;152;1;3m:[38;2;165;2;3;48;2;68;2;2m▌[0m[7m[38;2;85;1;2m▌[0m[38;2;149;0;2;48;2;177;1;3m_[38;2;150;0;0;48;2;180;2;2m-[48;2;182;2;3m-[38;2;58;0;1;48;2;179;2;3m_[38;2;154;0;2;48;2;185;2;2m_[38;2;190;8;7;48;2;157;2;3m:[38;2;133;3;4;48;2;178;2;3m,[38;2;161;0;0;48;2;194;1;3m_[38;2;179;3;5;48;2;78;2;3m▀[0m[7m[38;2;155;1;3m▀[38;2;166;2;3m~[0m[38;2;201;3;4;48;2;177;2;4mz[0m[7m[38;2;96;4;5my[38;2;174;1;3m▀[0m[38;2;76;0;2;48;2;173;1;3m`[38;2;155;0;0;48;2;184;2;3m-[38;2;201;5;5;48;2;177;3;4m:[0m[7m[38;2;130;3;4m[[0m[38;2;156;0;1;48;2;186;2;3m-[38;2;157;0;1;48;2;187;2;2m-[38;2;157;0;0;48;2;187;2;3m-[38;2;206;3;6;48;2;171;2;4m:[0m[38;2;102;3;3m▀[0m [7m[38;2;180;1;2m▌[0m[38;2;154;0;0;48;2;184;2;3m_[38;2;150;0;0;48;2;180;2;3m-[0m[7m[38;2;122;3;3my[0m[38;2;69;0;1;48;2;134;1;3m~[38;2;185;5;4;48;2;125;3;3m:[0m [7m[38;2;139;2;3m▀[0m [38;2;135;0;1;48;2;162;1;2m_[38;2;177;3;3;48;2;144;2;3m:[0m [38;2;0;0;0m [7m[38;2;138;3;5m▌[0m [38;2;0;0;0m [0m
[7m[38;2;112;1;2m,[0m[38;2;146;2;4m▌   [38;2;137;1;1m`[7m[38;2;121;2;3m_[0m[38;2;140;1;1;48;2;156;2;3mz[0m[38;2;142;2;3m▌[7m[38;2;84;3;5m▌[0m [7m[38;2;99;1;4m▌[0m[38;2;171;3;10;48;2;137;4;5m'[0m[38;2;171;3;10m [0m [7m[38;2;128;1;3m▌[0m[38;2;160;1;2;48;2;175;2;4mb[38;2;162;1;2;48;2;179;2;4mz[38;2;164;0;1;48;2;182;2;4mc[0m[7m[38;2;136;2;3m?[0m[38;2;87;1;2;48;2;156;2;4mw[38;2;173;1;1;48;2;189;2;4mz[38;2;173;1;2;48;2;189;3;4mz[0m[38;2;108;3;4m▌[38;2;158;4;7m~[38;2;108;3;4m▀[7m[38;2;135;2;5m▀[0m[38;2;204;4;3;48;2;163;2;4m'[0m[7m[38;2;149;2;3m`[0m[38;2;178;1;1;48;2;195;2;4mz[38;2;177;1;1;48;2;195;2;3mz[48;2;193;3;4mc[0m[7m[38;2;145;2;3m^[0m[38;2;180;1;1;48;2;197;2;4mz[38;2;178;1;1;48;2;196;2;3mz[38;2;175;0;2;48;2;192;2;3mz[0m[38;2;144;4;5m▌[38;2;190;2;3;48;2;166;2;3m,[38;2;174;1;2;48;2;186;3;5mp[38;2;91;1;0;48;2;178;2;4m,[38;2;181;1;1;48;2;197;3;3mz[38;2;205;3;7;48;2;184;2;3m'[38;2;148;3;2;48;2;181;1;2m~[38;2;168;0;0;48;2;185;2;3m:[38;2;96;2;2;48;2;166;1;2m"[38;2;176;1;1;48;2;193;2;4mz[38;2;173;1;1;48;2;192;2;3mc[38;2;189;2;3;48;2;154;3;4m,[38;2;67;1;2;48;2;177;1;3m▌[38;2;176;2;4;48;2;73;5;6m▌[0m [38;2;189;3;5;48;2;161;2;4m'[38;2;198;4;5;48;2;163;1;3m-[38;2;153;1;1;48;2;169;2;4mz[0m[7m[38;2;119;3;4my[0m  [38;2;92;2;5m~[0m [38;2;0;0;0m [0m
 [38;2;78;0;1m~ [0m [38;2;12;0;0m  [0m [38;2;88;2;4m▀[0m [7m[38;2;83;78;66m▀[38;2;54;57;58m▀[0m[38;2;101;102;91mg[38;2;122;3;3m~[7m[38;2;60;55;40m▌[38;2;120;111;108m▀[38;2;81;79;82m▀[0m[38;2;78;0;1;48;2;146;1;3m_[38;2;144;0;0;48;2;179;1;3m_[38;2;148;0;0;48;2;181;2;3m_[38;2;153;0;2;48;2;185;2;3m-[38;2;97;2;2;48;2;171;2;3m"[38;2;202;5;3;48;2;164;1;3m.[38;2;156;0;1;48;2;190;1;4m-[38;2;86;2;3;48;2;176;1;3m▀[0m[38;2;128;1;2m_ [38;2;199;4;7;48;2;157;1;3m:[38;2;146;1;2;48;2;178;2;2m~[38;2;155;0;1;48;2;187;1;3m-[38;2;159;0;1;48;2;193;1;3m-[38;2;162;0;2;48;2;194;2;3m-[38;2;161;0;1;48;2;194;2;2m--[38;2;159;0;0;48;2;193;2;2m-[38;2;157;0;1;48;2;191;2;3m-[38;2;78;1;2;48;2;146;3;3my[0m[7m[38;2;136;2;3m'[38;2;111;2;2ma[0m[38;2;81;1;3;48;2;184;2;2m▀[38;2;163;2;5;48;2;186;1;2m'[38;2;164;0;1;48;2;196;2;2m-[48;2;195;2;2m-[38;2;162;0;1;48;2;194;2;3m-[38;2;161;0;1;48;2;193;2;3m-[38;2;160;0;1;48;2;191;2;3m-[38;2;156;0;0;48;2;189;2;3m_[48;2;188;2;2m_[38;2;154;0;1;48;2;185;2;3m-[0m[7m[38;2;121;3;4m[[0m[38;2;187;6;8;48;2;124;3;4m:[0m [38;2;186;4;4;48;2;146;1;3m:[38;2;65;1;1;48;2;147;3;4m_[0m[38;2;108;2;2m~[0m [38;2;0;0;0m     [0m
 [38;2;0;0;0m  [38;2;132;3;4;48;2;67;2;3mt[0m[38;2;132;3;4m   [38;2;114;108;85m_[7m[38;2;108;108;99m▀[0m[38;2;134;143;139;48;2;107;107;102m-[48;2;108;109;104m-[38;2;136;144;143;48;2;111;109;105m-[0m[7m[38;2;89;90;91m`[0m[38;2;76;64;44;48;2;102;97;90m^[38;2;142;143;142;48;2;118;111;106m-[38;2;148;144;142;48;2;119;111;107m-[0m[7m[38;2;96;31;37ml[0m[38;2;189;4;4;48;2;177;3;3m'[38;2;86;3;3;48;2;150;3;6my[38;2;198;4;3;48;2;185;2;3m'[38;2;202;3;4;48;2;168;4;5m'[38;2;205;3;4;48;2;161;2;2m'[38;2;207;4;5;48;2;195;2;4m'[38;2;189;2;3;48;2;197;2;3m^[38;2;207;3;5;48;2;194;2;3m,[0m[38;2;160;3;4m▌[38;2;198;2;6;48;2;167;2;3m,[38;2;182;3;3;48;2;191;2;3m^[38;2;162;3;3;48;2;189;2;2m,[38;2;188;2;3;48;2;195;2;3m^[0m[7m[38;2;162;3;4m_[0m[38;2;101;0;1;48;2;161;2;5mr[38;2;209;3;6;48;2;197;2;4m'[38;2;191;2;3;48;2;198;2;3m^[38;2;207;3;4;48;2;160;3;4m'[0m[38;2;98;3;5m▀[7m[38;2;153;2;4m▀[0m[38;2;204;3;4;48;2;184;2;3m,[38;2;209;3;5;48;2;197;2;3m'[38;2;212;3;6;48;2;198;2;3m'[38;2;211;3;5;48;2;200;2;3m'[38;2;195;2;5;48;2;202;2;3m^[38;2;212;2;5;48;2;195;2;4m,[0m[38;2;194;2;4m▀[38;2;142;3;4m▀[38;2;190;6;10m~[38;2;142;2;5m▀[38;2;199;4;5;48;2;168;2;4m'[0m[38;2;153;4;5m▌[38;2;158;3;5;48;2;80;1;2m▀[0m [38;2;189;3;7;48;2;161;2;4m'[0m[38;2;109;6;6m▌[7m[38;2;146;4;4m▀[0m [38;2;0;0;0m     [0m
 [38;2;0;0;0m  [7m[38;2;135;1;3m▌[0m[38;2;85;3;3m▌[38;2;114;6;10m, [38;2;85;83;72m▀[38;2;67;81;87m▀[38;2;45;59;69m~[38;2;70;81;89m`[38;2;91;103;113m`[38;2;76;83;88m~[7m[38;2;90;88;90m=[38;2;89;87;87m_[38;2;102;99;104m-[38;2;110;1;3m▌[0m[38;2;176;2;2;48;2;158;1;2mc[0m[38;2;101;3;4m▌[38;2;194;1;5;48;2;162;1;3m:[0m[38;2;171;3;4m▌[38;2;100;0;0;48;2;155;1;2m~[38;2;200;2;3;48;2;180;1;2mc[38;2;202;2;3;48;2;182;1;3mc[38;2;200;2;2;48;2;180;1;3mc[38;2;199;2;2;48;2;177;1;2mc[38;2;197;2;2;48;2;175;1;2mc[38;2;198;3;2;48;2;167;3;2m:[0m[7m[38;2;175;1;3m▌[0m[38;2;193;3;4;48;2;172;2;3mz[0m [38;2;160;0;2;48;2;185;1;4m~[38;2;204;2;3;48;2;184;1;2mc[38;2;205;2;3;48;2;185;1;2mc[38;2;88;0;1;48;2;138;2;3m"[0m[7m[38;2;88;0;3m▌[0m[38;2;154;0;1;48;2;188;1;2m_[38;2;204;2;3;48;2;184;1;2mc[38;2;201;2;3;48;2;182;1;3mz[38;2;200;2;3;48;2;181;1;3mc[38;2;201;1;2;48;2;183;1;3mz[0m[38;2;195;2;3m▀[38;2;125;6;5m`    [7m[38;2;112;1;2m▌[0m[38;2;186;3;5;48;2;159;1;3m:[0m[38;2;107;2;4m▌[38;2;75;4;4m'[38;2;189;2;3;48;2;143;1;3m:[0m[38;2;92;4;5m▌[38;2;217;0;2;48;2;198;1;2m:[0m [38;2;0;0;0m     [0m
  [38;2;43;5;5m [0m [38;2;169;4;5;48;2;140;3;4m'[38;2;170;3;9;48;2;124;3;4m'[0m  [38;2;99;68;35m`[7m[38;2;83;82;77m~[38;2;98;105;111m▀[38;2;106;103;90m▌[0m[38;2;131;125;125;48;2;97;100;105m'[38;2;66;61;70;48;2;87;94;99m+[0m[7m[38;2;74;76;76m▀[38;2;82;83;83m=[0m [38;2;140;2;2m▀[38;2;114;4;5m▌[7m[38;2;177;2;4m▌[0m[38;2;93;3;3;48;2;167;3;3m"[38;2;205;4;3;48;2;189;2;3m'[38;2;209;3;4;48;2;193;2;4m'[38;2;210;3;4;48;2;177;3;4m'[38;2;177;1;3;48;2;197;2;3mW[38;2;208;3;4;48;2;193;2;2m'[38;2;205;3;3;48;2;191;2;3m'[38;2;205;4;7;48;2;147;4;5m'[0m[38;2;83;2;4m"[38;2;202;3;6;48;2;175;2;4m'[0m[38;2;102;4;4m▌[38;2;213;3;3;48;2;171;2;4m'[38;2;211;2;3;48;2;197;2;2m'[38;2;213;4;4;48;2;198;3;3m'[38;2;189;2;2;48;2;198;2;2m^[38;2;186;2;4;48;2;196;2;3m^[38;2;212;4;6;48;2;198;2;3m'[38;2;212;4;5;48;2;197;2;3m'[38;2;208;3;5;48;2;194;2;3m'[0m[7m[38;2;167;3;4m_[0m[38;2;111;5;5m▀      [7m[38;2;104;1;3m▌[0m[38;2;173;2;1;48;2;183;2;3m^[38;2;117;4;3;48;2;161;3;4m"[0m[7m[38;2;149;2;3m~[0m[38;2;202;2;6;48;2;171;3;5m'[0m[38;2;72;3;4mM[38;2;222;0;0;48;2;218;0;2m,[0m[38;2;212;3;7m▌     [0m
  [38;2;87;3;4m▌[0m [38;2;139;0;0;48;2;124;1;2m,[38;2;155;2;3;48;2;141;1;2mM[0m[38;2;67;2;3m▌[0m [7m[38;2;69;67;62m_[38;2;104;101;98m▀[38;2;67;72;73m=[38;2;73;87;92m▌[38;2;63;69;69m`[0m [38;2;83;1;3mn[38;2;58;53;46m`[38;2;95;94;85m▌  [7m[38;2;122;1;3m▌[38;2;165;1;3m_[38;2;160;2;3m_[0m[38;2;176;2;2m▀[7m[38;2;133;1;3m/[0m[38;2;162;0;2;48;2;182;1;2m,[38;2;63;1;3;48;2;146;3;4m_[38;2;67;0;2;48;2;178;1;3m▌[38;2;157;0;0;48;2;172;2;3m,[0m[38;2;65;0;1m,[38;2;133;0;0m`[7m[38;2;149;2;3m_[38;2;86;1;2m\[38;2;162;1;2m_[0m[38;2;123;0;1;48;2;180;1;2m_[38;2;188;2;2;48;2;174;1;2mMM[38;2;132;1;1;48;2;180;1;2m_[0m[7m[38;2;155;2;3m_[0m[38;2;123;3;3m▀[0m [38;2;85;2;3m▌      [7m[38;2;165;1;3m▌[0m[38;2;157;0;1;48;2;174;1;2m,[0m[7m[38;2;143;3;4mj[0m[38;2;144;0;0;48;2;177;2;3m_[0m[38;2;121;2;4m▌[7m[38;2;168;0;2m▌[0m[38;2;215;0;0;48;2;185;2;3m'[0m[38;2;109;2;4m~     [0m
 [38;2;128;3;5m_[7m[38;2;139;2;3m▀[38;2;143;2;4m~[0m[38;2;184;3;5;48;2;169;2;4m,[38;2;159;2;4;48;2;169;3;4m^[38;2;86;3;4;48;2;129;3;4m"[0m [38;2;0;0;0m [38;2;101;96;82m~[38;2;86;97;98m▀[7m[38;2;99;107;95m▌[0m[38;2;54;53;45;48;2;74;81;83mt[0m[7m[38;2;65;66;62m▀[0m[38;2;133;145;140m_[7m[38;2;62;69;64m▀[0m[38;2;55;52;61;48;2;90;93;87mJ[0m[38;2;43;66;78mr[0m  [38;2;40;38;36m [38;2;105;5;8ms[7m[38;2;121;2;3m▀[38;2;135;3;3m-[38;2;149;2;3m=[38;2;188;3;3m▀[0m[38;2;204;1;1;48;2;188;3;3m:[38;2;183;2;3;48;2;194;2;3m^[38;2;207;4;3;48;2;175;3;3m,[0m[7m[38;2;191;2;3m▀[0m[38;2;205;6;6m_[38;2;150;6;7m~[38;2;151;8;9m~[38;2;88;2;1m▀[38;2;126;2;4m▀[38;2;111;2;2m▀[38;2;154;11;16m`[0m [38;2;98;2;4m▀[38;2;132;8;10m=[38;2;101;5;7m~     [7m[38;2;114;2;4m▀[0m[38;2;194;3;3;48;2;179;2;4m,[38;2;85;3;4;48;2;157;4;5my[0m[7m[38;2;152;3;4m^[0m[38;2;196;3;4;48;2;176;3;3m'[0m[38;2;154;3;3m▌[38;2;137;2;4m▀[0m [38;2;67;5;6m      [0m
 [7m[38;2;145;1;3m▌[0m[38;2;166;1;3;48;2;154;1;3mM[38;2;167;2;3;48;2;157;1;2mM[38;2;169;2;3;48;2;158;1;2mM[0m[38;2;153;2;4m▀[38;2;95;1;0m`[38;2;56;48;32my[38;2;52;48;50m_[7m[38;2;62;59;46m▌[0m[38;2;64;75;79m▌[7m[38;2;56;55;42m▌[38;2;74;77;78m=[0m[38;2;86;91;91m▀[38;2;84;86;85m=[38;2;83;82;76m▀[38;2;83;85;75;48;2;108;109;104m,[0m[38;2;47;72;92m▌[7m[38;2;94;83;63m▌[0m[38;2;35;43;52;48;2;101;106;109m_[0m [7m[38;2;126;2;3m▀[0m[38;2;162;1;2m▀[7m[38;2;138;2;4mr[0m[38;2;188;1;3;48;2;177;1;3m%[38;2;193;1;4;48;2;181;1;3mM[38;2;195;2;4;48;2;185;1;3m^[38;2;195;1;3;48;2;184;1;2mMM[38;2;194;2;3mM[38;2;173;1;2;48;2;191;1;3mg[38;2;178;1;2;48;2;142;2;3m'[0m[38;2;124;5;7mL[38;2;114;2;3m▌[7m[38;2;131;2;3m▀[38;2;107;2;3m▀[0m[38;2;120;1;7m_      [0m [38;2;152;0;2m_[7m[38;2;164;2;4m▀[38;2;153;2;3m_[38;2;136;2;3m=[0m[38;2;97;0;3;48;2;163;1;3m~[38;2;184;2;3;48;2;171;1;3mM[38;2;183;1;2;48;2;171;1;2mM[0m[38;2;163;2;4m▌[0m   [38;2;0;0;0m     [0m
  [38;2;122;2;4m▀[38;2;179;2;3;48;2;147;2;4m:[0m[7m[38;2;131;3;4my[0m  [7m[38;2;97;90;78m_[0m[38;2;124;128;130;48;2;112;113;111m'[0m[7m[38;2;112;112;109m▀[38;2;95;96;94m▀[0m[38;2;131;136;131m_[38;2;87;86;84m▀[38;2;102;103;101m▀[38;2;112;125;129m=[38;2;93;96;94m▀[38;2;100;101;78m_[38;2;133;136;125m_[38;2;137;145;146m_[38;2;125;137;144m_[0m   [38;2;112;2;3m▀[38;2;131;5;6m~[38;2;94;1;2;48;2;148;2;3mw[38;2;174;2;2;48;2;191;3;4mR[38;2;178;2;2;48;2;195;3;3mR[38;2;178;1;2;48;2;195;2;4mR[38;2;86;1;2;48;2;173;3;5m7[0m[7m[38;2;122;3;5m=[0m[38;2;187;3;4;48;2;74;1;2m▀[38;2;102;4;5;48;2;164;3;4m"[38;2;95;1;2;48;2;139;3;4mM[0m[38;2;139;4;7m=[38;2;87;2;3;48;2;116;2;3m▀[0m[7m[38;2;147;2;3m=[38;2;137;2;3m-[0m[38;2;156;4;5;48;2;91;1;2mg[0m[7m[38;2;117;2;3m~[38;2;108;2;3m~[38;2;113;2;3m~[38;2;118;2;3m`[0m[38;2;108;2;4;48;2;147;3;4m>[0m[7m[38;2;153;2;3m=[0m[38;2;79;3;5;48;2;143;3;4m^[38;2;107;2;2;48;2;160;3;3m~[0m[38;2;183;2;4m▀[7m[38;2;104;3;3m*[0m[38;2;81;0;2;48;2;149;2;4m^[38;2;191;2;5;48;2;157;3;4m:[0m[38;2;69;5;5m^[0m [7m[38;2;96;92;86m▌[38;2;86;87;85m`[0m[38;2;99;115;123m_    [0m
 [7m[38;2;108;2;3m_[0m  [38;2;93;3;5m▀[0m [7m[38;2;62;53;36m▌[0m[38;2;43;38;32;48;2;98;97;93m_[0m[7m[38;2;93;96;94mT[38;2;65;67;69m_[38;2;74;73;73m_[38;2;88;91;91m-[38;2;89;87;85m,[0m[38;2;112;112;112;48;2;102;99;98mW[0m[7m[38;2;102;101;98m`[0m[38;2;89;82;68;48;2;104;102;100m'[38;2;95;92;87;48;2;107;106;104m'[38;2;115;116;112;48;2;105;105;104m^[38;2;94;93;91;48;2;104;107;107m'[0m[7m[38;2;80;92;100m_[0m [7m[38;2;74;68;54m▀[0m[38;2;86;92;94m▌[7m[38;2;83;2;4m▌[0m[38;2;121;6;9m'[38;2;102;0;1m_[38;2;78;1;1m`[38;2;188;1;4;48;2;177;1;3mR[38;2;191;2;3;48;2;182;1;2mM[38;2;175;1;2;48;2;189;2;4mz[0m[7m[38;2;172;1;3m`[38;2;181;2;3m▀[0m[38;2;99;0;1m~[38;2;170;1;2m▀[38;2;88;1;2;48;2;169;1;2m_[0m[7m[38;2;146;2;3m~[38;2;138;2;4m▀[0m[38;2;125;2;3m▀[38;2;161;1;2m▀[7m[38;2;147;2;3m_[38;2;162;2;2m_[38;2;164;2;2m_[38;2;154;2;3m_[38;2;152;2;3m_[0m[38;2;168;1;2m▀[38;2;151;2;3m▀[38;2;121;0;4m_[7m[38;2;155;1;3m▀[0m[38;2;146;0;1;48;2;161;2;2m:[0m[38;2;160;1;2m▀[38;2;64;4;6m^ [7m[38;2;93;87;78m▌[38;2;100;99;98m▀[0m[38;2;87;84;80m`[7m[38;2;95;93;87m_[38;2;89;95;99m▀[0m [38;2;0;0;0m  [0m
   [38;2;139;3;4m_[0m  [7m[38;2;89;2;4m▌[0m[38;2;120;6;10m,[38;2;67;66;62m▀[38;2;105;102;101m▀[38;2;127;126;126m=[38;2;30;37;45;48;2;89;91;87m_[0m[7m[38;2;85;91;93m_[38;2;78;85;85m_[38;2;75;82;82m_[0m[38;2;77;97;108m=[38;2;132;144;141m`[38;2;110;123;138m`[0m [38;2;118;126;129m_[0m [7m[38;2;95;92;85m_[0m[38;2;97;105;113m▌[0m [38;2;0;0;0m [38;2;128;2;4m▀[0m [38;2;200;4;5;48;2;178;2;4mz[38;2;207;3;5;48;2;186;2;3mz[38;2;208;4;5;48;2;188;2;2mzz[38;2;207;4;4;48;2;187;2;3mz[38;2;213;4;5;48;2;172;3;3m:[0m[7m[38;2;178;2;3m▀[0m[38;2;153;4;7m_[38;2;145;2;3m▀[38;2;126;4;6;48;2;165;2;3m,[38;2;205;4;4;48;2;174;2;4m:[0m[7m[38;2;145;2;3m~[38;2;160;1;2m▀[38;2;126;2;2m▀[0m[38;2;175;3;5m_[38;2;168;2;4m_[7m[38;2;165;2;4m▀[38;2;174;2;4m▀[38;2;145;2;3m`[0m[38;2;178;2;4m▀[38;2;174;2;3;48;2;72;15;13m~[0m[38;2;147;14;12m`[7m[38;2;110;100;92m▀[0m[38;2;130;126;125;48;2;116;109;106m,[0m[7m[38;2;82;85;92m▀[0m [38;2;87;82;71m▀[38;2;60;73;81;48;2;94;98;96m"[0m[38;2;65;79;92m_[38;2;55;53;45;48;2;107;104;95m▌[0m[38;2;99;109;112m▌[0m [38;2;0;0;0m [0m
 [38;2;0;0;0m [0m [7m[38;2;131;2;2m_[0m [38;2;0;0;0m [0m [38;2;89;4;6mT          [7m[38;2;100;97;83m▌[0m[38;2;119;120;116;48;2;102;101;101mT[38;2;33;34;35;48;2;97;97;101m`[0m[38;2;35;47;56mr[38;2;90;89;93;48;2;103;97;87m:[0m[7m[38;2;102;98;97m`[0m[38;2;71;78;85m▌[0m [7m[38;2;165;1;3m▀[0m[38;2;148;0;1;48;2;172;1;2m:[0m[7m[38;2;165;1;3m,[0m[38;2;168;1;2;48;2;187;2;3mg[38;2;166;0;3;48;2;187;1;4mg[38;2;153;0;1;48;2;176;1;3m:[0m[7m[38;2;150;2;3m_[0m[38;2;173;1;2m▀[38;2;185;2;2;48;2;164;1;2m'[0m[38;2;122;2;4m▌[0m [38;2;154;1;3m▀[7m[38;2;164;2;3m_[0m[38;2;162;1;2;48;2;182;2;3mg[38;2;164;1;1;48;2;185;2;3mg[38;2;162;1;2;48;2;182;2;2mg[38;2;161;1;2;48;2;180;2;2mg[48;2;179;2;2mg[38;2;157;1;1;48;2;175;2;3mz[0m[38;2;97;4;4m▌[7m[38;2;101;82;70m`[0m[38;2;131;117;111;48;2;111;98;96mT[0m[7m[38;2;104;100;100m▀[0m[38;2;41;41;43m_[38;2;102;97;95m▀[38;2;118;115;109;48;2;97;97;98mT[0m[38;2;70;80;85m▌[38;2;74;67;58m_[7m[38;2;74;70;58m▌[0m[38;2;83;86;92;48;2;92;98;97m:[0m [38;2;104;99;85;48;2;98;113;114m▌[0m [38;2;0;0;0m [0m
 [38;2;0;0;0m  [0m  [38;2;0;0;0m        [0m [7m[38;2;89;86;75m▀[38;2;97;98;94m`[38;2;100;100;98m`[38;2;102;103;100m`[0m[38;2;124;132;129;48;2;104;111;111ms[0m[7m[38;2;87;94;94m_[0m[38;2;105;117;117m▀[7m[38;2;102;95;80m▌[0m[38;2;111;107;104;48;2;121;119;117mM[38;2;127;134;132;48;2;107;113;117m,[0m [38;2;127;2;5m`[38;2;144;3;3m▀[7m[38;2;144;2;3m▀[0m[38;2;107;1;2;48;2;174;2;3m~[38;2;202;3;5;48;2;178;1;2mz[38;2;202;10;11;48;2;141;3;3m:[0m[38;2;160;12;9m` [38;2;129;1;4m_[38;2;203;3;7;48;2;149;2;4m:[0m[38;2;104;3;4m▌[0m [38;2;153;3;5m_[38;2;154;3;5m_[38;2;160;3;7m_[7m[38;2;89;2;2m*[0m[38;2;170;2;3m▀[7m[38;2;163;2;3m_[0m[38;2;192;3;5;48;2;170;2;3mz[38;2;170;3;4;48;2;75;5;6m▌[0m [38;2;118;106;100m▀[38;2;142;138;128;48;2;113;107;105m:[38;2;109;105;105;48;2;118;116;115mM[38;2;140;139;131;48;2;107;108;110m:[0m[7m[38;2;84;94;101m▀[0m[38;2;69;83;81m~[38;2;109;89;46m`[38;2;113;117;109m▀[7m[38;2;86;89;85m`[38;2;107;112;113m▀[0m[38;2;49;42;26;48;2;92;96;95m~[0m[38;2;90;107;114m▀[0m [38;2;0;0;0m [0m
 [38;2;0;0;0m            [38;2;59;53;36;48;2;98;100;91m▌[0m[7m[38;2;79;88;93m_[38;2;74;73;70ms[0m[38;2;86;87;89m▀[38;2;101;97;97m▀[38;2;108;103;98;48;2;80;90;95m'[0m[7m[38;2;97;90;76m▀[38;2;95;93;91m~[0m[38;2;80;76;81;48;2;109;106;104m:[38;2;92;90;92;48;2;116;113;110mz[38;2;104;101;103;48;2;83;91;96m'[0m [38;2;113;6;9m^[7m[38;2;148;2;4m▌[0m[38;2;188;2;4;48;2;167;2;3mT[38;2;158;1;1;48;2;180;2;3mz[38;2;150;0;1;48;2;172;2;4m:[0m[38;2;129;3;4m▌ [38;2;123;4;6m4[38;2;125;3;5m▀[38;2;133;2;7m_[7m[38;2;154;2;3m▀[0m[38;2;66;0;0;48;2;145;2;3m`[0m[38;2;163;2;2m▀[38;2;163;1;2m▀[38;2;164;2;3m▀[7m[38;2;139;2;3m_[0m[38;2;65;0;1;48;2;148;2;3m`[0m[7m[38;2;93;3;4m▀[38;2;157;2;4m▌[0m[38;2;73;4;5m▌  [0m [38;2;96;92;87m▀[38;2;89;96;102m▀[7m[38;2;82;75;62m▀[38;2;107;109;106m▀[38;2;67;68;68m▀[0m[38;2;116;110;97m_[38;2;118;112;94m_[38;2;35;34;31;48;2;109;112;103m▀[0m[38;2;70;80;78m▌   [0m
 [38;2;0;0;0m        [38;2;74;6;7mr   [38;2;123;127;107m`[7m[38;2;87;84;69m▀[0m[38;2;93;94;90;48;2;116;116;110mT[38;2;91;95;95;48;2;115;116;114mT[38;2;49;53;54;48;2;103;110;114m▀[0m[38;2;37;55;71m`[7m[38;2;77;80;75m=[38;2;63;67;68m\[0m[38;2;89;100;106m▀[7m[38;2;79;85;89m*[0m[38;2;108;114;112m▀[38;2;70;79;80m▌[0m [38;2;0;0;0m [38;2;142;3;4m`[7m[38;2;122;1;3m▀[38;2;110;2;3m▀[0m[38;2;153;1;5m_[7m[38;2;105;2;3m▀[38;2;148;1;3m▀[38;2;139;2;2m~[38;2;132;3;4m_[0m[38;2;111;3;3m▀[7m[38;2;74;68;54m▀[38;2;103;99;92m~[0m[38;2;150;147;137;48;2;113;108;101m:[38;2;53;55;54;48;2;109;105;102m`[0m[7m[38;2;108;110;112m▀[0m[38;2;97;1;2m'[38;2;185;5;8;48;2;141;3;5m:[0m  [38;2;0;0;0m     [38;2;71;70;58m~[38;2;105;105;101m▀[7m[38;2;80;84;83m_[38;2;92;96;96m_[38;2;82;90;91m_[0m[38;2;96;108;110m▀[0m [38;2;32;50;60m   [0m
 [38;2;0;0;0m          [0m [7m[38;2;66;59;46m▀[38;2;112;112;107m▀[0m[38;2;91;88;89;48;2;114;114;108mz[38;2;92;90;89;48;2;115;116;111mz[38;2;93;90;91mz[38;2;91;91;92;48;2;111;115;114mz[0m[38;2;34;49;65m▌[7m[38;2;93;94;89m_[38;2;64;73;81m_[0m[38;2;105;109;100;48;2;49;49;44m4[0m[38;2;51;62;71m▀[7m[38;2;90;93;82m_[38;2;54;64;61mj[38;2;67;79;80m_[0m  [38;2;161;2;2m▀[7m[38;2;129;2;3m_[38;2;130;2;2m_[0m[38;2;163;2;2m▀[38;2;153;2;2m▀[38;2;127;8;7m~  [7m[38;2;81;75;66m▌[0m[38;2;82;76;75;48;2;112;109;103m:[38;2;96;92;90;48;2;120;119;112mz[38;2;97;92;89;48;2;121;118;112mz[38;2;97;91;90;48;2;120;117;111mz[38;2;38;36;40;48;2;102;99;100m`[38;2;104;2;4;48;2;79;71;74m▀[0m[38;2;66;2;3mM[0m [38;2;58;5;6m               [0m
 [38;2;0;0;0m       [38;2;67;61;53m_[7m[38;2;81;79;75m▀[38;2;103;103;101m▀[0m[38;2;52;48;35;48;2;103;102;98m~[38;2;123;127;125;48;2;104;102;101mz[38;2;124;127;124mz[38;2;124;128;124;48;2;105;103;102mz[38;2;86;84;91;48;2;112;115;114m-[0m[7m[38;2;90;100;105m_[0m[38;2;50;68;80m▀[38;2;81;102;127m,                [0m [7m[38;2;80;87;85m▀[0m[38;2;131;131;114m`[38;2;118;116;111m▀[38;2;91;92;89;48;2;111;108;106m,[38;2;129;128;133;48;2;108;104;106mz[38;2;127;128;132;48;2;107;103;106mz[38;2;126;127;129;48;2;106;102;105mz[0m[7m[38;2;99;98;99m`[38;2;105;102;104m▀[38;2;86;84;85m▀[0m[38;2;82;80;91m_[0m [38;2;3;3;3m            [0m
 [38;2;0;0;0m   [0m [38;2;94;93;83m*[38;2;93;95;93ma[7m[38;2;86;90;89m`[0m[38;2;114;117;118;48;2;90;93;95mR[38;2;115;118;118;48;2;91;93;97mR[0m[7m[38;2;101;102;104m_[38;2;99;99;100m_[38;2;96;94;95m_[0m[38;2;109;101;100m▀[38;2;93;95;98m▀[38;2;56;68;80m~ [0m [38;2;82;76;75;48;2;108;109;105m:[0m[7m[38;2;95;97;98m▀[0m [38;2;105;90;63m_[38;2;86;83;81m_[7m[38;2;61;63;63m▀[0m [38;2;100;1;2m_[38;2;169;3;8m_[38;2;182;3;7m_[38;2;184;4;5m_[38;2;174;3;4m_[0m  [7m[38;2;74;66;62m▀[0m[38;2;63;74;81m_[38;2;100;81;55m_[38;2;63;55;42;48;2;122;114;109m▀[38;2;87;90;94;48;2;102;112;120mz[0m [38;2;0;0;0m [0m [38;2;72;70;64m▀[38;2;104;99;100m▀[7m[38;2;91;89;88m_[38;2;103;101;101m_[0m[38;2;91;87;86;48;2;113;112;110mz[38;2;92;87;84;48;2;116;115;111mz[38;2;94;87;83;48;2;117;115;111mz[38;2;92;86;83;48;2;112;113;108mz[0m[7m[38;2;91;96;93m`[38;2;75;81;77m~[0m[38;2;109;114;107m*[38;2;34;50;61m=        [0m
 [38;2;0;0;0m          [0m [7m[38;2;109;2;2m~[0m[38;2;84;0;2;48;2;144;2;3m`[0m[38;2;90;3;3m▌  [0m [7m[38;2;105;101;96m_[38;2;111;108;107m_[0m[38;2;85;92;95m▌[7m[38;2;74;27;25m=[38;2;143;1;3m▀[38;2;139;6;8m~[0m[38;2;84;0;1;48;2;159;1;3m~[38;2;104;1;3;48;2;167;2;3m_[0m[7m[38;2;166;2;3m_[38;2;167;2;3m_[38;2;170;2;3m_[0m[38;2;138;0;1;48;2;171;2;3m_[38;2;186;4;5;48;2;163;2;3m:[0m[7m[38;2;147;2;3m~[38;2;156;1;3m▀[38;2;97;2;3m▀[0m[38;2;100;89;76m▀[38;2;123;117;119m▀[38;2;89;97;111m▀ [0m  [38;2;175;3;6;48;2;145;1;3m:[0m[7m[38;2;129;3;4m`[0m [38;2;0;0;0m [0m [38;2;97;113;116m`[38;2;108;125;131m`[38;2;95;113;121m`[0m [38;2;17;22;26m           [0m
 [38;2;0;0;0m           [38;2;69;0;3m"[7m[38;2;125;2;3m_[0m[38;2;144;1;2;48;2;159;2;3mL[0m[7m[38;2;145;2;3m`[38;2;160;3;4m▀▀[38;2;162;3;4m▀[38;2;135;1;2m~[0m[38;2;143;0;0;48;2;159;2;4m.[0m[7m[38;2;146;2;3m_[0m[38;2;159;3;5m▀[38;2;112;3;3m▀[38;2;128;7;8m~[0m  [38;2;0;0;0m [38;2;74;1;3m_[38;2;80;2;3m_[38;2;107;3;3m▀[38;2;165;2;4m▀[7m[38;2;144;2;3m_[0m[38;2;158;2;2;48;2;165;2;2mW[38;2;155;1;2;48;2;168;2;3mL[0m[7m[38;2;137;2;3m`[38;2;162;2;3m▀▀[0m[38;2;103;3;3;48;2;152;2;3m~[38;2;150;1;2;48;2;165;2;3mL[0m[7m[38;2;139;3;4my[0m[38;2;78;4;5m~                  [0m
 [38;2;0;0;0m             [38;2;144;2;4m`[38;2;122;2;2m▀[38;2;159;2;3m▀[38;2;161;2;3m▀[38;2;148;2;4m▀[7m[38;2;128;2;2m=[0m[38;2;76;1;3;48;2;156;1;2m▀[0m[7m[38;2;118;3;3m~[0m[38;2;103;5;3m'[7m[38;2;152;2;3m▀[38;2;158;1;3m`[0m[38;2;189;2;2;48;2;168;1;2mz[0m[7m[38;2;155;2;3m`[38;2;148;2;2m~[0m[38;2;144;0;2;48;2;176;1;3m-[38;2;144;0;3;48;2;175;2;3m-[0m[7m[38;2;146;2;3m"[0m[38;2;126;3;4m,[7m[38;2;121;1;2m`[38;2;139;2;3m~[0m[38;2;80;1;1;48;2;154;1;3m▀[0m[7m[38;2;134;2;3m-[0m[38;2;164;2;3m▀[38;2;152;2;4m▀[38;2;151;3;4m▀[38;2;107;2;1m~[0m [38;2;0;0;0m                   [0m
 [38;2;0;0;0m                 [0m [38;2;142;2;3m▀[38;2;138;3;4m▀[7m[38;2;151;2;2m▀[0m[38;2;182;3;4;48;2;167;2;3m,[38;2;196;3;4;48;2;179;2;2m'[38;2;199;3;5;48;2;183;2;2m'[38;2;203;2;4;48;2;186;2;2m'[38;2;205;3;5;48;2;188;2;2m'[38;2;205;3;3;48;2;188;2;1m'[38;2;205;3;5;48;2;187;2;3m'[38;2;202;3;5;48;2;185;2;2m'[38;2;199;3;3;48;2;182;2;2m'[38;2;191;4;5;48;2;169;2;3m'[0m[38;2;166;8;9m_[38;2;171;2;3m▀[38;2;144;3;4m▀[0m [38;2;68;4;5m                        [0m
 [38;2;0;0;0m                   [0m [38;2;111;1;1m▀[7m[38;2;132;1;2m_[0m[38;2;63;1;2;48;2;160;1;2m_[38;2;143;0;0;48;2;167;1;2m=[38;2;145;0;0;48;2;171;1;3m=[38;2;168;2;3;48;2;149;2;3m:[38;2;165;3;2;48;2;144;2;2m:[38;2;142;0;0;48;2;169;4;2m=[38;2;144;0;0;48;2;167;2;3m=[0m[7m[38;2;162;2;2m_[0m[38;2;165;1;3m▀[38;2;103;3;4m▀                           [0m
