[0m [38;2;0;0;0m                                        [0m [38;2;74;5;3mj                 [0m
 [38;2;0;0;0m                                      [0m [7m[38;2;103;1;3m▀[38;2;103;2;2m`[0m[38;2;68;5;4m^                 [0m
 [38;2;0;0;0m                                   [0m [7m[38;2;98;2;2m▀[38;2;133;2;2m▀[38;2;129;2;2m~[38;2;117;3;4m_[0m [38;2;53;3;2m     [0m [38;2;0;0;0m       [0m  [38;2;92;2;2m▌  [0m
 [38;2;0;0;0m   [38;2;52;1;3m,                              [38;2;155;3;4m_[7m[38;2;114;1;2m'[0m[38;2;129;1;1;48;2;151;2;2mz[38;2;129;0;1;48;2;149;2;3mz[0m[38;2;115;1;2m▀[0m [38;2;0;0;0m      [0m [38;2;92;2;3m▌    [7m[38;2;90;1;2m▀[38;2;146;2;2m▀[0m[38;2;110;0;1;48;2;133;2;2m:[38;2;113;0;1;48;2;132;2;2m:[0m[38;2;107;3;2m▀  [0m
 [38;2;0;0;0m   [0m [38;2;26;3;3m                 [0m [38;2;45;0;2m          [7m[38;2;88;1;1m▀[38;2;126;2;2m~[0m[38;2;121;0;0;48;2;151;2;3m-[38;2;121;0;1;48;2;151;2;2m-[38;2;151;3;3;48;2;66;3;3m▀[0m[38;2;149;4;5m`        [0m [38;2;157;7;7;48;2;126;3;3m:[0m [38;2;0;0;0m  [0m [38;2;153;6;6;48;2;125;2;3m:[0m[38;2;133;3;4m▀[38;2;99;2;2m~[0m [38;2;20;2;2m   [0m
 [38;2;0;0;0m  [0m [38;2;81;4;5m▌               [38;2;80;6;6m_[0m [38;2;114;2;4m▌      [38;2;109;7;9m,  [0m [38;2;182;4;4;48;2;155;1;2m-[38;2;189;4;2;48;2;158;2;3m_[38;2;151;0;3;48;2;162;2;3mc[0m[38;2;151;3;4m▌ [0m [7m[38;2;87;3;4m▀[0m [38;2;39;3;3m      [7m[38;2;98;1;2m▌[0m[38;2;154;1;2;48;2;159;2;2mL[0m[38;2;96;5;5m▌   [7m[38;2;120;2;4m▌[0m [38;2;0;0;0m     [0m
 [38;2;0;0;0m  [7m[38;2;106;1;2m▌[0m[38;2;114;2;3m▌             [0m [7m[38;2;91;3;3m▀[0m  [38;2;121;2;4m▌     [0m [38;2;97;4;5m▌  [0m [7m[38;2;127;1;2m_[0m[38;2;169;4;4;48;2;151;1;1mz[38;2;171;3;4mz[38;2;78;1;1;48;2;148;2;2m"[0m[7m[38;2;158;1;2m▀[38;2;139;2;3m~[0m[38;2;64;2;1m^      [7m[38;2;97;1;2m▀[38;2;116;2;2m_[0m[38;2;115;2;3m~    [0m  [38;2;0;0;0m     [0m
 [38;2;0;0;0m  [38;2;95;1;3m`[38;2;82;1;1;48;2;130;2;3m_[0m[38;2;110;2;3m▌           [0m [38;2;119;3;3;48;2;144;2;3m~[0m[38;2;116;3;4m▌  [38;2;93;2;5m▌     [0m [38;2;171;2;3;48;2;146;2;3m,[0m[38;2;94;3;4m▌  [7m[38;2;143;1;3m▌[0m[38;2;170;2;3;48;2;180;2;4mW[38;2;171;2;3mW[38;2;170;2;3mWW[38;2;164;2;2;48;2;173;2;3m1[0m[7m[38;2;137;3;4m▀[0m[38;2;72;7;6m,[7m[38;2;102;1;2m▀[38;2;119;2;2m`[0m [38;2;34;3;2m [7m[38;2;66;2;3m▌[0m[38;2;89;2;3m▀  [0m [38;2;95;4;5m/         [0m
 [38;2;0;0;0m   [0m [7m[38;2;93;2;3m_[0m[38;2;34;0;0m           [0m [38;2;64;1;2;48;2;127;1;2m,[38;2;128;0;1;48;2;133;2;3m,[0m[38;2;56;0;0m, [0m [38;2;31;2;1m [0m [38;2;78;0;1m_ [0m [7m[38;2;102;0;1m▀[0m[38;2;143;1;1;48;2;159;1;1m,[0m[7m[38;2;137;2;2m`[38;2;165;2;2m▀[38;2;150;1;3m~[0m[38;2;142;0;0;48;2;172;2;3m_[38;2;155;1;1;48;2;173;1;2m,[38;2;156;1;2;48;2;173;2;2m,[38;2;152;1;1;48;2;172;2;2m,[38;2;149;1;2;48;2;170;2;2m,[38;2;137;0;0;48;2;165;2;3m_[38;2;101;0;2;48;2;132;1;2m~[38;2;136;2;3;48;2;149;2;2m'[38;2;135;1;2;48;2;146;1;2m,[0m[38;2;149;2;3m▌   [38;2;110;2;3m,[0m  [7m[38;2;82;3;3m~[0m [38;2;82;2;4m)     [0m  [38;2;25;2;2m [0m
 [38;2;0;0;0m    [0m  [38;2;0;0;0m      [0m  [38;2;0;0;0m   [7m[38;2;158;2;4m▌[0m[38;2;155;2;3;48;2;164;2;3mC[38;2;174;3;4;48;2;150;2;3m,[0m[7m[38;2;126;3;4m▀[0m [38;2;19;1;1m [0m [38;2;180;3;4;48;2;155;2;2m,[0m[7m[38;2;154;2;3m`[0m[38;2;190;3;3;48;2;167;2;3m,[38;2;170;2;3;48;2;180;2;3m^[38;2;172;2;3;48;2;183;2;3m^[38;2;174;2;2;48;2;185;2;2m^[38;2;176;2;2;48;2;187;2;3m^[38;2;180;2;2;48;2;190;2;3m^[38;2;182;2;2;48;2;192;2;2mW[38;2;183;2;3;48;2;191;2;2m1[48;2;194;2;2mW[48;2;193;2;3mW[38;2;180;2;3;48;2;188;2;3m1[38;2;174;2;3;48;2;183;2;3m1[38;2;169;1;3;48;2;179;2;3mW[0m[7m[38;2;134;3;4m_[38;2;93;1;2m▌[0m[38;2;183;1;4;48;2;128;2;3m,[0m[38;2;183;1;4m  [0m [38;2;82;2;2;48;2;134;2;3m"[0m[38;2;113;6;6m_[0m [38;2;126;8;7m▌ [38;2;141;2;3;48;2;72;2;3mt[0m[38;2;67;7;6m,    [38;2;133;9;11m'[0m [38;2;0;0;0m [0m
 [38;2;0;0;0m      [38;2;92;1;2ma[38;2;117;0;0m_    [0m [38;2;93;2;5mx[0m [38;2;0;0;0m  [38;2;60;1;1m"[38;2;95;1;2m▀[38;2;146;1;3m▀[38;2;135;0;0;48;2;159;1;3m`[0m[38;2;148;2;3m▌[0m  [38;2;145;1;3;48;2;151;1;2m,[38;2;154;1;2;48;2;172;1;3m'[38;2;158;1;3;48;2;176;1;2m'[38;2;164;0;2;48;2;180;1;3m'[38;2;192;1;4;48;2;182;1;2m^[38;2;194;1;6;48;2;184;1;3m^[38;2;195;1;4;48;2;185;1;3m^[38;2;197;2;4;48;2;186;1;3m^[38;2;173;0;3;48;2;188;1;3m'[48;2;188;1;2m'[38;2;197;1;4;48;2;187;1;2m^[38;2;172;1;3;48;2;187;1;3m'[38;2;168;0;3;48;2;183;1;3m'[38;2;157;2;4;48;2;168;2;3m,[0m[38;2;156;2;3m▀[7m[38;2;101;3;3m▀[0m [38;2;86;1;2m~ [0m [7m[38;2;121;1;2m▀[0m[38;2;144;0;2;48;2;158;1;3m'[38;2;134;1;3;48;2;148;2;3m'[0m[38;2;80;3;2m▌[0m [38;2;30;1;1m [7m[38;2;104;1;2m▌[0m[38;2;51;1;4;48;2;133;2;3m`[0m [38;2;57;0;1m  [7m[38;2;108;2;4m▀[0m [38;2;33;0;1m  [0m
 [38;2;0;0;0m      [0m [38;2;135;2;3m▀[7m[38;2;138;2;3m`[38;2;150;2;2m▀[0m[38;2;105;6;6m_  [0m [38;2;83;2;3m▌  [0m [38;2;36;3;5m  [38;2;97;0;1;48;2;152;2;2mW[38;2;189;1;6;48;2;155;3;4m:[0m[7m[38;2;96;2;4m▌[0m[38;2;62;5;5mr[7m[38;2;178;2;4m▌[0m[38;2;171;2;3;48;2;187;2;3mT[38;2;178;1;2;48;2;193;2;3mR[38;2;181;1;2;48;2;195;2;4mC[38;2;183;2;3;48;2;197;2;4mT[38;2;183;1;3;48;2;198;2;4mT[38;2;184;1;3mC[38;2;140;0;3;48;2;187;2;4m,[38;2;183;2;4;48;2;198;2;4mR[38;2;183;2;3mR[38;2;181;1;3;48;2;197;2;4mR[38;2;181;1;2;48;2;194;2;4mC[38;2;179;1;3;48;2;190;3;5mM[0m[7m[38;2;130;3;4mF[38;2;153;2;2m~[0m[38;2;109;4;4m▌  [7m[38;2;102;1;3m▀[0m[38;2;89;1;2;48;2;150;1;2m"[38;2;158;2;2;48;2;175;2;3mR[38;2;157;2;4;48;2;173;2;3mT[38;2;181;3;4;48;2;151;3;3m:[0m[38;2;102;4;4m~ [7m[38;2;98;1;3m▀[0m[38;2;176;3;4;48;2;147;2;3m,[38;2;171;3;6;48;2;141;2;3m:[0m[38;2;80;5;5m^[0m [38;2;0;0;0m [7m[38;2;82;3;4m▌[0m[38;2;143;7;8m_  [0m
 [38;2;0;0;0m  [0m [38;2;68;1;2m*[0m  [38;2;68;0;0m_ [38;2;77;0;0m~[7m[38;2;135;1;2m,[0m[38;2;149;1;2;48;2;156;2;3m'[0m[38;2;107;3;4m, [0m [38;2;54;2;4m  [0m [38;2;104;2;4m▌[0m [7m[38;2;165;1;2m▀[0m[38;2;156;0;1;48;2;169;1;3m:[38;2;76;2;2;48;2;171;1;2m▀[0m[7m[38;2;115;2;3my[38;2;143;1;2m▀[0m[38;2;162;0;2;48;2;175;1;2m'[38;2;191;2;4;48;2;183;1;2m^[38;2;195;2;4;48;2;186;1;2m^[38;2;200;2;4;48;2;190;1;2m^[38;2;202;1;4;48;2;191;1;2m^[38;2;202;2;4m^[38;2;173;0;1;48;2;181;2;3m:[38;2;66;2;2;48;2;169;1;3m▌[38;2;194;2;4;48;2;184;1;3m^[38;2;193;2;2;48;2;183;1;2m^[38;2;192;2;3;48;2;182;1;2m^[38;2;191;2;2;48;2;181;2;3m^[0m[7m[38;2;156;2;3m\[0m[38;2;171;0;2;48;2;185;1;3m'[38;2;166;1;2;48;2;182;1;2m:[0m[7m[38;2;161;2;3m~~[38;2;160;2;3m`[0m[38;2;165;1;1;48;2;177;2;3mz[38;2;160;0;2;48;2;173;2;2m'[38;2;159;0;2;48;2;172;1;2m'[0m[7m[38;2;129;2;3my[0m [38;2;39;0;0m [7m[38;2;96;1;1m▀[38;2;142;2;3m_[0m[38;2;133;2;3m▀[0m [38;2;122;6;6m/   [7m[38;2;95;2;4m▌[0m [38;2;64;1;1m [0m
 [38;2;0;0;0m   [0m [38;2;90;3;3;48;2;136;2;4m"[0m [7m[38;2;136;2;4m▌[38;2;140;3;4m▀[0m [38;2;67;0;1m`[38;2;190;2;6;48;2;157;2;3m:[38;2;113;6;6;48;2;144;3;4m"[0m [38;2;80;5;8m`[0m [38;2;0;0;0m [38;2;125;4;4m_[38;2;190;7;9m`[38;2;88;1;2;48;2;139;2;3m~[38;2;193;3;4;48;2;176;2;3mz[38;2;196;3;4;48;2;181;2;3mz[38;2;198;4;4;48;2;182;2;3mz[38;2;200;4;4;48;2;179;2;2mz[38;2;203;4;5;48;2;187;2;3mz[38;2;204;4;5;48;2;189;2;2mz[38;2;203;3;5;48;2;188;2;2mz[38;2;206;4;4;48;2;190;2;2mz[38;2;208;3;5;48;2;193;2;3mz[38;2;218;4;5;48;2;194;2;4m:[0m[7m[38;2;157;3;4m_[38;2;96;3;4m=[0m[38;2;98;1;2;48;2;135;1;3m~[0m[38;2;194;3;4m▀[38;2;165;4;5m▀[7m[38;2;112;2;4m=[0m[38;2;91;2;3;48;2;180;1;4m▀[38;2;70;4;4;48;2;128;3;4m][38;2;202;3;5;48;2;186;1;3mg[38;2;206;3;5;48;2;189;2;2mz[38;2;205;3;5mz[38;2;203;3;4;48;2;187;2;2mz[38;2;200;3;5;48;2;183;2;3ms[0m[38;2;136;3;4m▀[38;2;206;5;8;48;2;175;2;4m:[38;2;195;3;4;48;2;178;2;3mz[0m[38;2;168;4;4m▌[0m [7m[38;2;123;3;5m▀[0m[38;2;96;4;5m▀[0m  [38;2;83;1;3;48;2;142;1;3m~[0m[38;2;98;5;5m▌   [7m[38;2;85;0;2m▌[0m[38;2;114;5;6m▌ [0m
 [38;2;0;0;0m   [7m[38;2;111;1;2m▌[0m[38;2;166;2;3;48;2;148;1;2mT[38;2;73;0;1;48;2;137;2;2m`[0m[7m[38;2;155;1;2m▀[38;2;148;1;2m_[0m[38;2;137;3;4m▌ [7m[38;2;159;1;3m▌[0m[38;2;175;2;2;48;2;156;1;1mT[0m[38;2;117;4;5m▌ [38;2;65;3;3mN[38;2;126;0;1m_[38;2;139;1;2;48;2;149;1;2m:[0m[7m[38;2;154;2;3m▀[38;2;131;1;2m▌[0m[38;2;191;2;5;48;2;174;1;2mT[38;2;194;3;4;48;2;177;1;2mT[38;2;198;2;4;48;2;178;1;2mT[38;2;73;1;1;48;2;176;1;3m_[38;2;196;3;2;48;2;177;1;2mT[38;2;148;1;2;48;2;169;1;2m:[38;2;165;1;3;48;2;185;2;2mp[38;2;198;2;2;48;2;181;1;2mT[0m[7m[38;2;153;3;3my[38;2;146;1;2m▀[38;2;154;1;2m~[0m[38;2;170;3;3;48;2;183;2;4m▀[0m[7m[38;2;107;3;4my[38;2;142;1;2m`[0m[38;2;174;1;3;48;2;190;2;2mz[38;2;201;2;5;48;2;181;1;2mT[38;2;165;1;2;48;2;180;2;3mr[38;2;76;0;0;48;2;136;2;4m[[38;2;201;2;4;48;2;182;1;2mTT[38;2;201;2;5;48;2;181;1;2mT[38;2;186;1;3;48;2;170;2;3m'[0m[38;2;108;2;2m▀[0m [38;2;68;0;1;48;2;175;1;2m▌[38;2;192;2;4;48;2;171;1;2mT[38;2;156;1;3;48;2;176;2;3ms[0m[7m[38;2;94;2;3m~[0m[38;2;76;0;1;48;2;149;2;3m,[0m[7m[38;2;82;2;3m▀[38;2;83;1;3m▌[0m[38;2;151;0;1m_[38;2;133;0;1;48;2;154;1;2m:[38;2;157;2;4;48;2;140;2;4m'[0m [38;2;0;0;0m [38;2;76;0;3mf[7m[38;2;131;1;3m_[0m[38;2;123;4;4m▌ [0m
[38;2;69;4;5m,   [38;2;105;1;3m▀[7m[38;2;134;3;4m_[0m[38;2;186;5;6;48;2;155;3;3m:[0m[7m[38;2;126;2;4m_[0m [38;2;97;3;4m▀[0m [7m[38;2;108;2;4m▌[0m[38;2;191;4;9;48;2;150;3;4m:[0m [38;2;46;5;5m [0m [38;2;195;5;7;48;2;144;2;3m:[38;2;188;2;3;48;2;169;2;2mg[38;2;198;4;5;48;2;176;2;3mz[38;2;214;5;7;48;2;161;2;3m:[38;2;107;1;2;48;2;158;2;3m+[38;2;207;4;4;48;2;185;2;2mz[38;2;206;4;4;48;2;184;2;3mz[0m[38;2;93;3;3m▌[38;2;124;2;4m▀[38;2;161;7;10;48;2;76;2;3mt[0m[38;2;137;3;4m~[38;2;217;4;7;48;2;176;3;4m:[0m[7m[38;2;141;2;3m'[0m[38;2;207;3;4;48;2;190;2;3mg[38;2;211;3;4;48;2;191;2;3mz[38;2;208;3;4;48;2;189;2;3mg[0m[7m[38;2;154;2;3m'[0m[38;2;211;4;5;48;2;193;2;3mz[38;2;211;3;6;48;2;191;2;3mz[38;2;211;3;5;48;2;188;2;3mz[38;2;145;5;5;48;2;79;3;4m▌[38;2;219;4;6;48;2;175;2;3m:[38;2;163;3;6;48;2;193;2;4m_[38;2;114;2;3;48;2;181;2;4m,[38;2;211;3;4;48;2;190;2;3mz[38;2;221;5;5;48;2;184;3;3m:[48;2;179;2;3m:[38;2;220;5;5;48;2;182;3;3m:[38;2;88;1;1;48;2;170;2;2m~[38;2;203;3;4;48;2;182;2;3mz[38;2;203;3;3;48;2;180;2;2mz[38;2;214;4;4;48;2;168;2;3m:[0m[38;2;94;3;3m▌[38;2;83;0;1;48;2;141;2;2m,[0m[7m[38;2;129;3;3m▀[0m[38;2;123;3;3m▀[38;2;199;3;7;48;2;164;2;3m:[38;2;183;3;4;48;2;162;3;3mp[0m [38;2;0;0;0m     [0m
[38;2;90;2;2m▀  [0m [38;2;0;0;0m  [38;2;80;1;2m▀[0m  [7m[38;2;89;77;65m▀[38;2;55;54;56m▀[38;2;90;86;79m▀[0m[38;2;146;6;7m"[38;2;68;54;35m_[7m[38;2;122;112;109m▀[38;2;80;81;85m▀[0m[38;2;61;0;0;48;2;140;1;2m,[38;2;156;1;1;48;2;180;1;3mz[38;2;161;1;2;48;2;184;1;3mz[38;2;166;1;2;48;2;189;1;3mz[38;2;122;1;2;48;2;172;2;3m`[38;2;129;2;4;48;2;166;1;3m+[38;2;167;1;1;48;2;190;1;3mz[0m[7m[38;2;145;1;3m`[38;2;120;2;3m▀[0m [38;2;177;2;4;48;2;154;1;3m'[38;2;154;1;5;48;2;173;1;2m'[38;2;170;1;1;48;2;190;1;3mz[38;2;173;1;2;48;2;197;2;3mz[38;2;178;1;2;48;2;199;2;2mz[38;2;178;1;1;48;2;196;2;2mq[38;2;177;1;1;48;2;199;1;2mz[38;2;176;1;1;48;2;199;2;2mz[38;2;173;1;2;48;2;194;2;3mz[38;2;72;1;1;48;2;145;3;3my[38;2;94;1;1;48;2;137;2;3m^[0m[7m[38;2;109;2;3m*[0m[38;2;73;0;2;48;2;196;2;4m▀[38;2;167;0;0;48;2;190;1;2m:[38;2;177;1;1;48;2;200;1;3mz[38;2;175;1;1;48;2;198;1;3mz[38;2;173;1;1;48;2;196;1;3mz[38;2;170;1;1;48;2;194;1;3mz[38;2;165;1;1;48;2;188;1;3mz[38;2;163;1;1;48;2;186;1;3mz[38;2;162;1;2;48;2;185;1;3mz[38;2;161;1;1;48;2;185;1;2mz[38;2;173;2;3;48;2;68;4;4m▌[0m[7m[38;2;156;1;3m▌[0m[38;2;169;1;3;48;2;136;2;3m'[0m[38;2;169;1;3m [7m[38;2;167;1;3m▌[0m[38;2;139;0;0;48;2;158;2;3m:[0m [38;2;0;0;0m     [0m
 [38;2;0;0;0m  [38;2;66;4;6m`[38;2;104;4;5my  [38;2;94;87;70m_[7m[38;2;103;102;96m▀[0m[38;2;94;91;94;48;2;113;111;111mT[38;2;93;91;98;48;2;114;112;112mT[38;2;94;92;97;48;2;115;113;110mT[38;2;36;43;52;48;2;87;89;89m^[38;2;53;52;43;48;2;102;99;89m~[38;2;98;97;97;48;2;119;116;111mT[38;2;100;96;98;48;2;118;114;112mT[38;2;42;50;61;48;2;114;2;2m▌[38;2;189;4;5;48;2;164;2;2mz[38;2;76;3;3;48;2;136;3;4mj[38;2;198;4;5;48;2;174;2;3mp[38;2;210;6;7;48;2;164;3;4m:[38;2;125;1;2;48;2;166;2;2m,[38;2;205;4;6;48;2;178;2;2mz[38;2;204;5;6;48;2;176;1;2mz[38;2;198;4;4;48;2;177;2;2mg[0m[38;2;162;3;4m▌[38;2;216;6;11;48;2;170;2;4m:[38;2;207;4;5;48;2;181;2;2mzz[38;2;211;3;4;48;2;184;1;2mz[38;2;88;4;2;48;2;161;3;3m_[38;2;195;4;7;48;2;148;2;3m,[38;2;209;3;5;48;2;184;2;3mz[38;2;209;4;4mz[38;2;212;6;10;48;2;149;3;4m:[0m[38;2;94;3;5m▀[7m[38;2;129;1;2m▀[0m[38;2;223;5;7;48;2;177;2;3m:[38;2;212;3;4;48;2;187;1;2mz[38;2;211;3;4;48;2;186;1;2mz[38;2;210;4;5;48;2;184;1;2mz[38;2;210;3;5;48;2;186;1;2mq[38;2;220;4;6;48;2;184;2;3m:[0m[38;2;180;3;4m▀[38;2;108;3;2m▀[38;2;141;4;3m~[38;2;122;3;3m▀[38;2;117;3;7;48;2;155;2;3m,[0m[38;2;155;5;5m▌[38;2;198;6;9;48;2;119;2;3m:[0m[38;2;138;13;11m`[7m[38;2;149;2;4m▀[0m[38;2;77;3;3;48;2;147;3;4m_[0m[38;2;165;11;12m`[7m[38;2;125;3;3m▀[0m [38;2;0;0;0m    [0m
 [38;2;0;0;0m   [7m[38;2;138;3;4m▌[0m[38;2;90;5;6m_ [38;2;81;75;65;48;2;41;46;45m▀[0m[38;2;72;81;88m▀[38;2;44;58;71m~[38;2;47;50;67m`[38;2;53;55;58m~[38;2;99;95;94m~[7m[38;2;91;91;85m=[38;2;88;87;85m_[38;2;93;91;94m-[38;2;118;1;2m▌[0m[38;2;149;0;2;48;2;173;2;3mz[0m[38;2;98;3;4m▌[38;2;148;0;0;48;2;170;1;3m:[0m[38;2;173;3;4m▌[38;2;117;1;4;48;2;159;1;2m~[38;2;167;1;1;48;2;192;2;3mz[38;2;169;1;1;48;2;193;2;3mz[38;2;170;1;1mz[38;2;169;1;2;48;2;192;2;4mz[38;2;168;1;2;48;2;193;2;4mz[38;2;156;0;1;48;2;176;3;4m:[38;2;67;1;2;48;2;181;1;2m▌[38;2;166;1;2;48;2;189;3;4mz[0m [38;2;169;1;2;48;2;190;2;5mz[38;2;170;1;3;48;2;195;2;3mz[38;2;173;1;2;48;2;197;2;3mz[0m[38;2;183;3;4m▌[0m [38;2;166;1;2;48;2;190;2;3mp[38;2;173;1;2;48;2;198;2;4mz[38;2;172;1;2;48;2;198;2;3mz[38;2;171;1;2;48;2;196;2;3mz[38;2;175;1;2;48;2;197;2;4mz[0m[38;2;191;2;4m▀[0m [38;2;80;3;4m    [7m[38;2;109;1;2m▌[0m[38;2;166;1;4;48;2;141;3;4m,[0m[38;2;149;6;7m'[38;2;81;1;2;48;2;159;2;3m▌[0m[38;2;148;2;3m▀[7m[38;2;142;1;2m▀[0m[38;2;198;1;1;48;2;178;2;3m,[0m[38;2;105;3;4m▀     [0m
 [38;2;0;0;0m  [38;2;104;0;1m_[38;2;174;7;6;48;2;127;2;2m:[38;2;64;0;0;48;2;128;3;4m'[0m [38;2;50;52;35mu[38;2;103;91;54m`[7m[38;2;81;81;77m~[38;2;87;95;103m▀[38;2;98;99;83m▌[0m[38;2;33;41;55;48;2;96;104;105m_[0m[7m[38;2;87;100;100m-[0m[38;2;83;88;83mw[7m[38;2;79;86;86m=[0m [38;2;139;2;4m▀[38;2;115;5;6m▌[7m[38;2;169;2;3m▌[0m[38;2;77;3;2;48;2;155;2;2m"[38;2;146;0;0;48;2;180;2;3m_[38;2;150;0;2;48;2;184;2;3m_[38;2;111;0;1;48;2;171;2;3m_[38;2;154;0;1;48;2;185;2;3m_[38;2;147;0;1;48;2;187;2;3m_[38;2;150;0;0;48;2;186;2;3m_[38;2;200;7;11;48;2;135;3;3m:[0m[7m[38;2;81;0;2m▌[0m[38;2;201;6;7;48;2;171;2;4m:[0m[38;2;71;3;3m▌[38;2;139;2;6;48;2;170;2;3m,[38;2;155;0;1;48;2;188;2;3m_[38;2;154;0;0;48;2;189;2;3m_[38;2;154;0;1;48;2;188;2;3m_[38;2;124;1;1;48;2;181;2;3m`[38;2;155;0;0;48;2;190;2;4m_[38;2;154;0;0m_[38;2;151;0;0;48;2;187;2;3m_[0m[7m[38;2;162;3;4m_[0m[38;2;99;4;5m▀      [7m[38;2;102;1;2m▌[0m[38;2;139;0;0;48;2;173;2;3m-[0m[7m[38;2;150;2;2m▀[0m[38;2;138;0;3;48;2;161;2;4m-[0m[7m[38;2;86;1;2m▌[0m[38;2;146;0;0;48;2;176;2;3m-[0m[38;2;102;6;6m▌      [0m
[7m[38;2;74;1;2m▌[0m[38;2;67;4;4mW[7m[38;2;111;1;4m▌[0m[38;2;147;1;1;48;2;168;1;3mz[38;2;147;1;2;48;2;169;1;2m▀[38;2;166;2;3;48;2;126;3;4m'[0m[38;2;166;2;3m [0m [7m[38;2;66;64;62m_[38;2;110;110;108m▀[38;2;69;75;76m=[38;2;71;86;89m▌[38;2;61;69;66m`[0m [38;2;90;1;4m=[0m [38;2;94;98;88m▌  [7m[38;2;120;1;3m▌[0m[38;2;175;2;3;48;2;146;2;3m'[0m[7m[38;2;150;2;2m_[0m[38;2;77;1;2;48;2;140;2;3mu[0m[7m[38;2;136;2;3m<[0m[38;2;166;1;3;48;2;190;2;4mz[38;2;173;3;5;48;2;80;3;4m▌[38;2;73;0;2;48;2;184;1;4m▌[38;2;156;0;0;48;2;178;2;4m:[0m[38;2;87;4;4m_[38;2;98;1;3m~[38;2;91;2;4;48;2;143;2;3m_[0m[7m[38;2;99;1;3mt[38;2;159;1;3m_[0m[38;2;164;0;2;48;2;184;2;4mz[38;2;164;1;2;48;2;189;2;3mz[38;2;165;1;1mz[38;2;163;1;2;48;2;186;3;4mz[0m[7m[38;2;150;3;3m_[0m[38;2;114;3;3m▀[0m [38;2;83;2;4m▌      [38;2;72;1;3;48;2;171;1;4m▌[38;2;160;0;2;48;2;183;2;4mz[38;2;74;2;2;48;2;148;3;4mj[38;2;160;1;2;48;2;181;2;3mz[0m[38;2;97;2;4m▌[38;2;125;0;0;48;2;146;1;2m;[0m[38;2;88;6;6m▌      [0m
 [7m[38;2;75;1;2m▌[38;2;146;2;3m'[0m[38;2;140;0;0;48;2;170;2;3m-[38;2;141;0;0;48;2;171;2;3m-[38;2;182;7;5;48;2;156;3;3m:[0m[38;2;122;6;8mL [0m [38;2;78;79;76m~[38;2;86;103;108m▀[7m[38;2;91;100;92m▌[38;2;69;75;78mk[38;2;62;65;64m▀[0m[38;2;82;94;98m_[7m[38;2;60;69;64m▀[0m[38;2;56;57;71;48;2;85;92;88m7[0m[38;2;39;69;82mr[0m  [38;2;16;11;9m [38;2;90;6;6ms[7m[38;2;98;1;2m=[38;2;125;3;3m-[38;2;138;3;3m=[38;2;178;2;2m▀[0m[38;2;163;1;3;48;2;187;3;3m~[38;2;163;0;1;48;2;191;3;3m-[38;2;208;6;5;48;2;172;2;3m:[0m[7m[38;2;184;1;3m▀[0m[38;2;182;1;3m_[38;2;185;5;6m`[38;2;103;3;3m~[38;2;92;2;3m▀[38;2;136;4;5m▀[38;2;102;3;3m▀[38;2;161;11;15m` [38;2;103;3;4m▀[38;2;85;3;3m▀[38;2;134;13;14m`     [7m[38;2;114;1;2m▀[0m[38;2;149;0;2;48;2;178;2;4m-[38;2;78;4;4;48;2;145;3;4mj[0m[7m[38;2;148;2;4m^[0m[38;2;196;6;7;48;2;169;2;3m:[38;2;85;1;2;48;2;148;3;4m~[0m[7m[38;2;111;1;2m▌[0m[38;2;122;6;7m▌      [0m
  [38;2;74;1;2;48;2;155;2;3m▌[38;2;152;1;3;48;2;170;2;3mz[38;2;148;1;3;48;2;171;2;3mL[0m[38;2;156;3;3m▌ [38;2;113;89;65m_[38;2;78;77;78m_[38;2;63;50;35m*[38;2;72;100;118m+[38;2;59;56;38m"[7m[38;2;72;77;76ma[0m[38;2;80;86;89m▀[38;2;111;110;103m=[38;2;102;108;104;48;2;58;58;53m=[38;2;92;90;70;48;2;106;113;106m,[0m[38;2;43;73;93m▌[7m[38;2;95;83;63m▌[0m[38;2;83;98;101;48;2;96;103;105mu[0m [7m[38;2;120;2;3m▀[0m[38;2;161;2;4m▀[7m[38;2;141;2;4mr[0m[38;2;160;1;2;48;2;186;1;3mL[38;2;168;1;2;48;2;192;2;3mL[38;2;172;1;2;48;2;194;2;3mL[38;2;174;1;2;48;2;196;2;3mL[38;2;180;1;2;48;2;197;2;3mz[38;2;172;1;2;48;2;196;2;3mL[38;2;170;1;2;48;2;193;2;3mu[38;2;195;3;2;48;2;146;2;3m'[0m[38;2;96;2;3mU[38;2;125;3;4m▌[7m[38;2;123;2;3m▀[38;2;108;1;3m▀[0m[38;2;144;5;7m_      [0m [38;2;193;2;9m_[7m[38;2;169;2;5m▀[0m[38;2;87;1;2;48;2;164;2;3my[0m[7m[38;2;139;2;4m/[0m[38;2;113;2;4;48;2;167;1;3m~[38;2;167;1;2;48;2;184;2;3mz[38;2;161;1;2;48;2;182;2;3mL[0m[38;2;167;3;4m▌[0m [38;2;78;67;47m_[0m [38;2;0;0;0m     [0m
 [38;2;18;0;0m [38;2;111;3;2m`[7m[38;2;144;2;3m_[0m[38;2;174;6;6;48;2;150;2;3m:[0m[38;2;83;5;5m▌[0m [7m[38;2;96;88;79m_[0m[38;2;90;80;88;48;2;112;111;114m-[0m[7m[38;2;106;103;107m▀[38;2;94;92;93m▀[0m[38;2;78;73;82m_[38;2;86;86;83m▀[38;2;101;105;102m▀[38;2;84;88;88m▀[38;2;93;103;103m▀[0m [38;2;82;73;66m_[7m[38;2;61;60;55m▀[38;2;57;61;65m▀[0m   [38;2;108;3;5m▀[38;2;175;5;3m`[38;2;105;2;2;48;2;143;1;2mr[38;2;145;0;2;48;2;189;2;3m_[38;2;160;0;1;48;2;194;2;4m_[38;2;161;0;0m-[38;2;85;1;2;48;2;171;3;4m7[0m[7m[38;2;112;2;4m=[0m[38;2;181;3;4;48;2;74;1;2m▀[0m[7m[38;2;161;2;3m`[0m[38;2;81;2;3;48;2;135;2;3m=[38;2;113;3;5;48;2;72;1;2mb[0m[7m[38;2;106;2;3m_[38;2;149;2;2m=[38;2;146;2;4m-[38;2;128;2;3m-[38;2;110;2;3m~[38;2;94;1;2m~[38;2;95;1;2m~[38;2;104;2;2m~[38;2;142;2;3m-[38;2;157;3;4m=[0m[38;2;84;1;2;48;2;147;2;3mT[38;2;93;0;2;48;2;158;3;3m~[0m[38;2;179;3;4m▀[38;2;128;4;4m▀[38;2;115;0;2;48;2;152;2;3m^[38;2;182;7;7;48;2;154;3;4m:[0m[38;2;66;4;4m^ [7m[38;2;83;74;65m_[38;2;88;88;90m~[0m[38;2;69;75;83m_    [0m
[38;2;85;2;2m▀[38;2;121;3;4m▌ [0m [38;2;125;3;4m▀[38;2;67;4;4my[7m[38;2;66;58;39m▌[0m[38;2;80;73;56;48;2;98;96;93m_[38;2;57;52;48;48;2;114;115;114m▀[38;2;118;111;106;48;2;45;45;46m=[0m[7m[38;2;80;79;78m_[38;2;97;96;93m=[0m[38;2;70;67;59;48;2;103;103;99mw[38;2;140;144;139;48;2;111;111;108m-[38;2;138;142;137;48;2;108;108;105m-[48;2;108;108;106m-[38;2;139;143;137;48;2;109;109;109m-[38;2;137;141;136;48;2;108;108;110m-[38;2;138;141;136;48;2;106;108;110m-[0m[7m[38;2;81;93;102m_[0m [7m[38;2;86;79;62m▀[0m[38;2;86;100;103m▌[7m[38;2;90;3;5m▌[0m[38;2;96;4;6m~[38;2;138;2;6m_[7m[38;2;82;2;4m$[0m[38;2;184;2;4;48;2;197;2;4mW[38;2;188;1;2;48;2;199;3;3mc[38;2;189;2;2;48;2;197;2;3mW[0m[7m[38;2;174;2;3m`[38;2;185;4;5m▀[0m[38;2;133;3;7m~[38;2;177;2;3m▀[38;2;126;0;4;48;2;174;2;4m,[0m[7m[38;2;152;2;2m~[38;2;140;3;4m▀[38;2;109;2;4ma[0m[38;2;172;2;3m▀[7m[38;2;147;1;3m_[38;2;163;2;2m__[38;2;146;2;2m_[38;2;142;2;2m_[0m[38;2;177;2;3m▀[38;2;158;2;4m▀[38;2;143;4;9m_[7m[38;2;164;2;4m▀[0m[38;2;190;2;5;48;2;168;3;4m'[0m[38;2;165;2;4m▀[38;2;84;7;9m' [7m[38;2;93;89;84m▌[38;2;105;109;111m▀[0m[38;2;84;73;58m~[7m[38;2;96;96;91m_[38;2;94;103;108m▀[0m [38;2;0;0;0m  [0m
 [38;2;89;3;4m`[7m[38;2;81;2;2m▀[0m [38;2;22;0;0m [0m [7m[38;2;92;2;3m▌[38;2;72;2;3m▀[0m[38;2;81;78;77m~[38;2;97;95;94m▀[7m[38;2;68;66;64m_[38;2;89;90;86m_[38;2;82;89;89m_[38;2;66;74;74m_[38;2;60;67;68m_[0m[38;2;60;77;86mr[38;2;93;113;121m`[38;2;81;106;121m`[38;2;37;55;65m`[38;2;86;84;85m_[0m [7m[38;2;92;87;79m_[0m[38;2;92;101;105m▌[0m [38;2;0;0;0m [38;2;125;1;3m▀[0m [38;2;162;1;2;48;2;184;2;3m=[38;2;196;4;5;48;2;183;1;2m1[38;2;196;4;4;48;2;184;1;2m1[38;2;196;3;4;48;2;182;1;2m1[38;2;194;4;4;48;2;181;1;2m1[38;2;197;6;7;48;2;168;2;3m.[0m[7m[38;2;178;1;2m▀[0m[38;2;145;0;1m_[38;2;143;2;3m▀[38;2;82;0;1;48;2;169;2;3m_[38;2;191;7;3;48;2;169;1;3m.[0m[7m[38;2;142;2;2m~[38;2;162;2;2m▀[38;2;125;2;2m▀[0m[38;2;154;0;1m_[38;2;147;0;0m_[7m[38;2;160;2;3m▀[38;2;168;2;3m▀[38;2;142;2;3m`[0m[38;2;164;1;3m▀[38;2;125;2;3m▀[38;2;86;2;2m`[7m[38;2;86;78;67m~[0m[38;2;85;69;75;48;2;107;105;101m-[0m[7m[38;2;74;79;86m▀[0m [38;2;75;75;68m▀[38;2;43;50;56;48;2;85;91;91m"[0m[38;2;67;90;109m,[38;2;101;101;95m▀[7m[38;2;67;78;86m`[0m [38;2;0;0;0m [0m
  [38;2;136;2;3m▀[38;2;127;3;4m▌  [0m [38;2;100;2;4m▌          [7m[38;2;111;107;90m▌[0m[38;2;140;149;146;48;2;113;114;109m-[38;2;52;61;64;48;2;103;108;106m`[0m[38;2;32;50;60mx[38;2;131;129;111;48;2;116;111;95m'[0m[7m[38;2;111;112;104m`[0m[38;2;72;86;86m▌[0m [38;2;79;1;3;48;2;176;2;4m▀[38;2;201;2;6;48;2;183;2;4m'[0m[7m[38;2;170;2;2m,[0m[38;2;187;1;3;48;2;197;2;4mW[38;2;186;1;2;48;2;197;2;3mW[38;2;204;4;3;48;2;188;3;3m'[0m[7m[38;2;155;2;3m_[0m[38;2;186;1;3m▀[38;2;199;3;6;48;2;176;2;3m'[0m[38;2;130;3;4m▌[0m [38;2;162;2;2m▀[7m[38;2;166;1;2m_[0m[38;2;178;1;3;48;2;189;2;4mW[38;2;179;1;3;48;2;191;2;3mW[38;2;177;1;3;48;2;189;2;3mW[38;2;176;2;2;48;2;187;2;3mW[38;2;175;2;2;48;2;186;2;3mW[38;2;172;2;2;48;2;181;3;3m%[0m[38;2;151;14;13m'[7m[38;2;107;90;77m`[0m[38;2;148;144;139;48;2;118;108;106m-[0m[7m[38;2;113;113;114m▀[0m[38;2;66;79;88m_[38;2;108;107;100m▀[38;2;136;145;142;48;2;104;110;107m-[0m[38;2;68;84;92m▌[38;2;117;124;123m_[7m[38;2;78;74;61m▌[0m[38;2;99;88;82;48;2;101;105;106m:[0m[38;2;33;40;43m_[38;2;112;108;92;48;2;102;120;121m▌[0m [38;2;0;0;0m [0m
 [38;2;0;0;0m  [38;2;57;0;1m`[0m [38;2;0;0;0m        [0m [7m[38;2;84;80;67m▀[38;2;96;96;89m`[38;2;99;97;92m`[38;2;101;97;95m`[0m[38;2;75;76;81;48;2;108;111;111m_[0m[7m[38;2;87;94;99m_[0m[38;2;95;112;119m▀[7m[38;2;97;91;76m▌[0m[38;2;88;77;75;48;2;113;113;110m_[38;2;111;124;126;48;2;98;108;108m:[0m [38;2;73;0;2m~[38;2;140;2;3m▀[7m[38;2;150;1;2m▀[0m[38;2;114;0;2;48;2;175;2;3m~[38;2;191;2;3;48;2;181;2;2m^[38;2;99;3;3;48;2;145;3;3mu[0m[38;2;104;2;3m` [38;2;139;0;0m_[38;2;157;0;1;48;2;145;2;3m'[0m[38;2;99;2;2m▌[0m [38;2;155;0;0m_[7m[38;2;75;1;1m▀[0m[38;2;155;0;0m_[7m[38;2;92;0;1ma[0m[38;2;164;1;3m▀[7m[38;2;163;2;3m_[0m[38;2;159;2;2;48;2;174;2;2m,[0m[38;2;166;2;3m▌[0m [38;2;112;102;95m▀[38;2;77;75;73;48;2;108;103;99m,[38;2;86;74;71;48;2;109;109;108m_[38;2;106;116;124;48;2;100;100;100m:[0m[7m[38;2;73;84;90m▀[0m[38;2;82;114;119m`[38;2;46;44;34m"[38;2;103;108;111m▀[7m[38;2;82;84;87m`[38;2;80;83;86m~[38;2;84;89;87m`[0m[38;2;80;103;109m▀[0m [38;2;0;0;0m [0m
 [38;2;0;0;0m            [38;2;62;56;40;48;2;108;112;98m▌[38;2;35;51;61;48;2;90;106;108my[0m[7m[38;2;82;85;79mm[0m[38;2;92;97;99m▀[38;2;113;113;108m▀[38;2;132;143;137;48;2;86;101;107m'[0m[7m[38;2;100;98;84m▀[38;2;96;96;94m~[0m[38;2;107;103;98;48;2;120;123;117mz[48;2;122;126;124mz[38;2;125;148;141;48;2;88;100;105m'[0m [38;2;115;6;10m^[7m[38;2;163;2;6m▌[0m[38;2;171;1;3;48;2;184;2;4mW[38;2;174;2;3;48;2;188;3;4mW[38;2;208;3;5;48;2;179;3;4m'[0m[38;2;127;3;4m▌ [38;2;152;6;10m=[38;2;131;3;4m▀[38;2;138;4;6m_[7m[38;2;160;2;4m▀[0m[38;2;119;3;4;48;2;156;2;4m~[0m[38;2;181;2;3m▀[38;2;180;2;3m▀▀[7m[38;2;145;2;2m_[0m[38;2;108;2;5;48;2;155;2;4m`[0m[7m[38;2;96;3;4m▀[38;2;167;3;5m▌[0m[38;2;66;6;5m^  [38;2;71;54;36m`[38;2;106;107;99m▀[38;2;99;110;111m▀[7m[38;2;68;71;63mF[38;2;111;115;114m▀[38;2;71;71;69m▀[0m[38;2;136;138;127m_[38;2;138;139;129m_[7m[38;2;116;115;111m▀[0m[38;2;73;97;103ms   [0m
 [38;2;0;0;0m       [0m [38;2;60;3;5m+   [38;2;84;95;91m`[7m[38;2;81;76;65m▀[0m[38;2;87;78;78;48;2;108;109;107m-[38;2;107;115;121;48;2;104;104;105mc[0m[7m[38;2;77;86;91m~[0m[38;2;24;42;58m`[7m[38;2;71;75;72m=[38;2;63;64;65m*[0m[38;2;97;103;108m▀[7m[38;2;84;88;89m=[0m[38;2;108;112;115m▀[7m[38;2;54;57;59m`[0m [38;2;0;0;0m [0m [7m[38;2;124;1;2m▀[38;2;110;1;2m▀[0m[38;2;156;0;0m_[7m[38;2;100;1;1m▀[38;2;157;2;3m▀[38;2;140;2;2m~[38;2;134;2;3m_[0m[38;2;115;2;3m▀[7m[38;2;82;63;48m▀[38;2;107;94;86m~[0m[38;2;48;36;25;48;2;115;103;96m`[0m[7m[38;2;110;101;96m`[38;2;107;102;101m▀[0m[38;2;133;0;0m`[38;2;148;0;2;48;2;139;2;4m'[0m [38;2;45;1;2m      [38;2;89;101;96m`[38;2;102;106;106m▀[7m[38;2;84;88;87m_[38;2;93;99;101m_[38;2;85;92;97m_[0m[38;2;94;106;113m▀[0m [38;2;26;43;52m   [0m
 [38;2;0;0;0m          [0m [38;2;139;144;134m_[38;2;57;51;39;48;2;117;116;115m▀[38;2;138;132;132;48;2;115;116;116m,[38;2;138;135;134;48;2;116;117;118m,[38;2;138;135;135;48;2;116;118;117m,[38;2;134;134;129;48;2;110;118;117m,[0m[38;2;31;53;68m▌[38;2;116;118;111;48;2;44;52;54m▀[0m[7m[38;2;60;73;81m_[0m[38;2;95;92;76m▀[38;2;56;70;77m▀[7m[38;2;90;90;84m_[0m[38;2;65;72;78m▀[7m[38;2;67;81;85m_[0m  [38;2;170;2;4m▀[38;2;174;3;3m▀[38;2;175;3;4m▀[38;2;174;3;3m▀[38;2;164;3;5m▀[38;2;128;6;9m~  [38;2;89;77;64m▀[38;2;139;129;122;48;2;120;113;111m,[38;2;138;131;130;48;2;120;115;115m,[38;2;140;135;128;48;2;121;118;115m,[48;2;121;119;116m,[38;2;138;135;129;48;2;104;104;104m,[38;2;112;7;9;48;2;83;79;81m▀[0m  [38;2;53;5;5m               [0m
 [38;2;0;0;0m      [0m [38;2;71;56;42m_[7m[38;2;82;77;67m▀[38;2;106;101;95m▀[38;2;102;97;92m`[0m[38;2;114;112;111;48;2;105;102;101mW[38;2;115;114;113;48;2;106;103;103mW[38;2;115;114;115;48;2;106;103;106mW[38;2;106;114;122;48;2;105;106;109mc[0m[7m[38;2;84;97;105m_[0m[38;2;42;62;75m▀[38;2;68;80;97m,                [0m [7m[38;2;77;83;81m▀[0m[38;2;85;88;93m`[38;2;106;105;108m▀[38;2;68;73;73;48;2;105;104;103m,[38;2;114;114;112;48;2;106;104;103mW[38;2;113;114;111;48;2;105;103;101mW[38;2;112;113;110;48;2;104;103;101mW[0m[7m[38;2;98;98;96m`[38;2;104;103;98m▀[38;2;83;86;84m▀[0m[38;2;82;74;67m_[0m [38;2;18;14;12m            [0m
 [38;2;0;0;0m   [0m [38;2;96;100;91m*[38;2;107;115;111ma[38;2;51;59;61;48;2;94;95;90m_[38;2;81;96;103;48;2;106;107;106m_[38;2;82;97;107;48;2;108;109;108m_[38;2;45;57;64;48;2;108;109;106m_[0m[7m[38;2;105;106;105m_[38;2;97;96;98m_[0m[38;2;121;116;115m▀[38;2;94;105;112m▀[38;2;73;97;115m~[0m  [38;2;118;131;131;48;2;109;110;106m'[0m[7m[38;2;98;103;100m▀[0m [38;2;107;90;69m_[38;2;96;89;96m_[7m[38;2;61;64;64m▀[0m [38;2;55;0;0m_[38;2;129;7;8m_[38;2;145;4;7m_[38;2;147;5;6m_[38;2;132;6;6m_[0m  [7m[38;2;80;71;65m▀[0m[38;2;62;78;96m_[38;2;88;75;55m_[7m[38;2;99;90;78m'[0m[38;2;132;130;124;48;2;97;111;118m,[0m [38;2;0;0;0m [0m [38;2;72;74;72m▀[38;2;113;111;106m▀[38;2;116;114;109;48;2;49;51;50m▀[0m[7m[38;2;109;108;104m_[0m[38;2;103;104;104;48;2;113;114;112m^[38;2;101;105;105;48;2;112;115;114m^[38;2;99;102;102;48;2;110;114;112m^[38;2;117;125;127;48;2;105;110;109m'[0m[7m[38;2;89;93;91m`[38;2;86;98;102m▀[0m[38;2;120;128;126m=[38;2;45;69;81m=        [0m
 [38;2;0;0;0m          [0m [7m[38;2;115;2;3m`[0m[38;2;93;0;4;48;2;155;1;2m`[0m[38;2;93;3;3m▌  [0m [7m[38;2;111;101;94m_[38;2;116;108;106m_[0m[38;2;90;94;95;48;2;41;36;47m▌[0m[7m[38;2;80;30;26m=[38;2;164;2;4m▀[38;2;140;3;5m~[0m[38;2;71;0;1;48;2;162;2;3m`[38;2;122;3;6;48;2;166;2;2m_[0m[7m[38;2;165;2;2m_[38;2;163;2;2m_[38;2;165;2;2m_[0m[38;2;159;0;1;48;2;172;2;2mg[38;2;119;0;2;48;2;168;1;2m`[0m[7m[38;2;149;2;3m`[38;2;175;2;3m▀[38;2;99;2;3m▀[0m[38;2;96;80;67m▀[38;2;115;103;104m▀[38;2;79;87;98m▀ [0m [38;2;99;0;1m_[38;2;135;0;2;48;2;151;1;3m:[38;2;59;0;2;48;2;132;2;4m`[0m [38;2;0;0;0m [0m  [38;2;47;63;79m`[0m  [38;2;11;22;30m           [0m
 [38;2;0;0;0m           [38;2;76;1;3m`[38;2;163;3;4;48;2;74;1;2m▀[38;2;177;4;5;48;2;154;2;3mz[0m[7m[38;2;144;2;2m`[38;2;160;4;4m▀[38;2;160;2;3m▀[38;2;163;2;3m▀[38;2;146;2;3m~[0m[38;2;200;6;7;48;2;166;3;3m:[0m[7m[38;2;157;4;4m_[0m[38;2;169;4;5m▀[38;2;106;3;3m▀[38;2;121;7;8m~[0m  [38;2;0;0;0m [0m [38;2;149;6;6m`[38;2;106;3;2m▀[38;2;179;4;5m▀[7m[38;2;155;3;3m_[0m[38;2;163;1;2;48;2;174;3;4mT[38;2;187;4;5;48;2;163;2;3mz[0m[7m[38;2;146;2;2m~[38;2;164;2;3m▀[38;2;162;2;2m▀[0m[38;2;88;2;4;48;2;156;2;3m~[38;2;178;4;5;48;2;157;2;3mz[0m[7m[38;2;128;4;5m_[0m[38;2;80;10;11m`                  [0m
 [38;2;0;0;0m             [38;2;67;0;3m"[38;2;118;1;2m▀[38;2;148;1;2m▀[38;2;152;1;3m▀[7m[38;2;113;2;3m*[38;2;141;4;4mr[38;2;188;4;4m▀[38;2;133;5;4m`[0m[38;2;135;4;5m_[7m[38;2;191;5;5m▀[0m[38;2;79;0;0;48;2;184;4;4m`[38;2;182;2;1;48;2;198;5;4mc[38;2;57;0;0;48;2;177;4;4m`[0m[7m[38;2;160;3;3m`[0m[38;2;181;2;2;48;2;198;4;5mz[38;2;179;1;1;48;2;197;4;4mz[0m[7m[38;2;162;3;4m`[0m[38;2;134;5;5m_[7m[38;2;141;2;3m`[0m[38;2;72;2;2;48;2;181;3;4m▀[38;2;84;2;2;48;2;138;2;3mY[0m[7m[38;2;130;2;3m=[0m[38;2;147;1;3m▀[38;2;132;1;3m▀[38;2;130;1;2m▀[38;2;98;3;3m~                    [0m
 [38;2;0;0;0m                 [38;2;102;5;7m`[38;2;166;6;6m▀[38;2;161;8;7m▀[7m[38;2;184;9;5m▀[0m[38;2;228;15;10;48;2;198;9;5m:[38;2;194;5;4;48;2;214;10;7mT[38;2;197;6;4;48;2;217;11;7mT[38;2;200;6;3;48;2;219;11;6mT[38;2;199;5;3;48;2;218;11;5mT[48;2;218;10;6mT[38;2;196;4;3;48;2;214;9;6mT[38;2;190;3;3;48;2;211;8;6mT[38;2;186;4;3;48;2;207;6;4mT[38;2;222;10;8;48;2;184;5;5m:[0m[7m[38;2;95;4;4mX[0m[38;2;183;4;4m▀[38;2;149;5;5m▀[0m [38;2;62;4;5m                        [0m
 [38;2;0;0;0m                   [0m [38;2;154;10;6m▀[7m[38;2;183;17;9m_[0m[38;2;185;39;23;48;2;208;22;13m,[38;2;229;72;45;48;2;218;28;16m_[38;2;209;19;11;48;2;223;22;13mz[38;2;217;35;21;48;2;206;23;13m,[38;2;219;13;10;48;2;203;19;11m'[38;2;200;15;6;48;2;216;18;10mz[38;2;191;12;5;48;2;210;15;10mz[38;2;169;21;16;48;2;187;12;8m,[0m[38;2;186;6;4m▀[38;2;115;7;5m▀                           [0m
