[0m                                                            [0m
                                         [7m[38;2;138;1;1m▀[0m[38;2;154;5;5m/             [0m    [0m
                                     [7m[38;2;128;1;1m▀[38;2;141;2;2m▀[0m[38;2;65;1;2;48;2;129;1;2m~[0m[38;2;137;2;2m▀[38;2;95;4;4m~      [0m         [38;2;66;3;2m▌  [0m
                                    [38;2;88;0;0;48;2;139;1;2m~[38;2;171;3;3;48;2;131;0;0m=[38;2;170;4;4;48;2;114;0;1m=[0m[38;2;135;2;3m'       [0m [38;2;105;2;3m▌    [7m[38;2;68;0;1m▀[38;2;132;1;2m▀[38;2;138;1;1m▀[0m[38;2;168;3;3;48;2;120;0;1m=[38;2;143;2;3;48;2;70;2;2m#[0m[38;2;143;2;3m  [0m
    [7m[38;2;80;2;3m'[0m                             [7m[38;2;144;2;2m▀[0m[38;2;123;0;1;48;2;163;2;3m=[48;2;168;2;3m=[38;2;162;1;3;48;2;116;3;3mF[0m[38;2;137;4;6m'        [7m[38;2;114;1;2m▌[0m[38;2;143;1;2;48;2;113;3;3m'[0m[38;2;143;1;2m   [0m [38;2;102;0;0;48;2;140;3;4m=[0m[38;2;108;2;2m▀[38;2;143;5;7m~[0m    [0m
    [38;2;124;1;2m▌                       [0m     [38;2;96;0;1;48;2;146;1;1m~[38;2;185;2;4;48;2;146;0;1m=[38;2;187;3;4;48;2;148;0;1m=[38;2;183;5;6;48;2;138;1;2m=[0m[38;2;93;7;6m' [0m [38;2;98;7;10m.      [7m[38;2;146;1;2m▌[0m[38;2;131;0;0;48;2;149;2;3m-[0m    [38;2;124;3;5mt      [0m
    [38;2;123;3;4m▌              [7m[38;2;79;1;2m▀[0m        [7m[38;2;132;3;4m▌[0m    [38;2;140;0;0;48;2;170;2;3m=[38;2;148;0;0;48;2;179;2;4m=[38;2;150;0;0;48;2;181;2;2m=[38;2;146;0;0;48;2;177;2;3m=[38;2;200;0;0;48;2;127;1;2m_[38;2;196;1;1;48;2;121;1;1m_[0m[38;2;105;2;4m▀[0m       [38;2;188;1;3;48;2;154;2;2m_[0m[38;2;122;4;4m▌    [0m       [0m
   [7m[38;2;97;1;3m▀[0m[38;2;120;1;2m▌            [0m [7m[38;2;119;1;2m~[0m[38;2;99;1;1;48;2;141;1;3m▀[0m         [38;2;77;0;1;48;2;127;1;2m~[0m[7m[38;2;96;1;3m▀[0m  [38;2;73;0;0;48;2;166;0;2m▌[38;2;201;3;5;48;2;164;0;1m=[38;2;201;4;6m=[38;2;200;4;5;48;2;162;0;1m=[38;2;196;3;5;48;2;159;0;1m=[38;2;191;4;5;48;2;145;0;1m=[0m[7m[38;2;147;1;3m▀[0m [7m[38;2;115;0;2m▀[38;2;116;1;2m~[0m[38;2;118;2;1m' [0m [7m[38;2;92;1;3m▌[0m[38;2;142;4;4m'  [0m          [0m
    [38;2;88;2;2m▀[7m[38;2;99;2;2m~[0m            [38;2;154;2;3;48;2;118;1;2m~[38;2;182;3;4;48;2;151;1;2m_[0m[38;2;134;2;3m▌      [0m [7m[38;2;137;1;1m~[0m[38;2;205;2;1;48;2;166;1;2m_[38;2;181;2;2;48;2;137;1;3mL[0m[7m[38;2;154;1;2m▀[38;2;155;1;2m▀[0m[38;2;213;3;2;48;2;157;1;2m_[48;2;179;1;2m_[48;2;179;2;2m_[38;2;211;4;1;48;2;177;2;1m_[38;2;208;3;2;48;2;174;1;2m_[38;2;176;2;2;48;2;132;1;2mL[38;2;197;4;3;48;2;163;1;2m_[38;2;172;2;3;48;2;122;3;3mP[38;2;190;5;6;48;2;132;1;1m-[0m[38;2;148;3;4m▌   [0m   [38;2;140;2;3;48;2;71;1;2me[0m[38;2;134;1;2m'[0m         [0m
      [38;2;51;3;6m'      [0m [38;2;117;1;2mq[7m[38;2;111;1;2m▀[0m   [38;2;96;0;1;48;2;147;1;3m_[38;2;163;1;3;48;2;150;1;2mw[0m[38;2;88;2;3m▌   [38;2;71;0;1;48;2;137;1;2m▌[38;2;91;0;1;48;2;178;1;2m▀[38;2;181;1;2;48;2;165;0;2mw[38;2;185;1;2;48;2;174;0;1mw[38;2;191;1;1;48;2;178;0;1mw[38;2;193;2;2;48;2;182;1;2mw[38;2;193;1;2;48;2;182;0;1mw[38;2;194;1;2;48;2;183;0;2mw[38;2;194;2;2;48;2;184;1;2mw[38;2;194;1;2;48;2;183;0;1mww[38;2;193;1;2;48;2;181;1;1mw[38;2;190;2;1;48;2;178;1;1mw[38;2;185;1;1;48;2;173;1;1mw[38;2;186;3;3;48;2;157;1;2m=[0m[38;2;104;8;7m'[7m[38;2;123;0;1m▌[0m[38;2;139;3;4m▌  [7m[38;2;87;0;1m▌[0m[38;2;116;3;3m▌[0m [7m[38;2;113;0;1m▌[0m[38;2;85;4;5m▌ [38;2;83;0;0;48;2;109;1;3m_[0m    [7m[38;2;108;1;2m▀[0m   [0m
               [38;2;120;1;2m▀[0m   [38;2;186;3;5;48;2;127;1;3m_[38;2;194;4;7;48;2;158;1;2m_[38;2;196;3;5;48;2;150;2;3m_[0m[38;2;84;4;3m_[0m  [38;2;208;3;3;48;2;170;1;2m_[38;2;213;4;6;48;2;177;1;3m_[38;2;221;3;4;48;2;181;1;2m_[38;2;222;3;4;48;2;184;1;2m_[38;2;223;3;5;48;2;187;1;2m_[38;2;225;4;6;48;2;189;1;3m-[38;2;225;4;4m_[38;2;224;4;3m____[38;2;202;2;3;48;2;181;1;3mE[38;2;200;2;4;48;2;178;1;2mE[38;2;194;2;3;48;2;171;1;2mE[0m[38;2;175;2;2m▌ [7m[38;2;67;2;4m▌[0m[38;2;124;6;7m' [0m [38;2;74;0;0;48;2;163;1;2m▌[38;2;201;4;5;48;2;160;1;1m_[38;2;196;4;5;48;2;116;2;2m_[0m   [7m[38;2;154;1;1m▌[0m[38;2;142;3;4m▌   [38;2;154;2;3;48;2;128;1;2mi[0m[38;2;93;4;4m▌  [0m
        [38;2;73;0;0;48;2;104;1;2m_[0m[7m[38;2;111;1;3m▀[0m     [7m[38;2;84;1;3m▌[0m  [38;2;132;2;3m*[38;2;148;1;2m▀[38;2;156;1;2m▀[38;2;115;0;0;48;2;166;1;2m_[38;2;171;1;2;48;2;90;3;3m▌[0m[7m[38;2;137;1;3m▌[0m [38;2;111;0;1;48;2;183;1;2m▌[38;2;177;1;1;48;2;196;2;3mE[38;2;183;0;1;48;2;201;1;3mE[38;2;185;1;2;48;2;202;1;4mE[48;2;202;2;4mE[38;2;185;0;1;48;2;202;1;3mE[38;2;183;1;1;48;2;200;2;3mE[48;2;199;2;2mE[38;2;181;1;1;48;2;198;2;2mEE[48;2;198;2;3mE[38;2;178;1;1;48;2;194;2;3mE[38;2;174;1;1;48;2;188;2;3mE[38;2;178;2;2;48;2;127;1;1m*[0m[38;2;133;2;2m▌[7m[38;2;104;3;4m▀[0m  [7m[38;2;165;1;3m▀[0m[38;2;87;0;1;48;2;165;1;2m~[38;2;164;0;1;48;2;182;1;3mE[38;2;162;1;1;48;2;179;1;2mE[38;2;159;1;1;48;2;175;2;3mE[0m[38;2;116;4;6m▌ [0m [38;2;93;0;4;48;2;147;1;2m'[38;2;138;2;2;48;2;158;1;3m▀[0m   [38;2;63;0;2;48;2;131;1;1m'[0m[38;2;89;3;5m▌  [0m
    [38;2;88;3;4m\[0m [38;2;62;2;4m\[0m  [38;2;147;0;1m▀[38;2;172;1;3;48;2;143;1;2mz[0m[7m[38;2;149;1;3m▀[0m      [7m[38;2;108;1;3m▀[0m[38;2;112;4;5m,[7m[38;2;100;0;1m▌[0m[38;2;214;2;2;48;2;173;1;2m-[38;2;216;3;7;48;2;142;1;2m_[38;2;162;2;4;48;2;88;1;1m▀[0m[7m[38;2;146;0;2m▀[0m[38;2;223;3;5;48;2;180;0;1m_[38;2;230;3;1;48;2;192;1;2m-[38;2;211;2;5;48;2;191;1;1mz[38;2;211;2;4mz[38;2;212;1;4;48;2;192;1;1mz[38;2;211;1;3;48;2;191;1;1mz[38;2;209;2;3;48;2;185;2;2mz[0m[7m[38;2;147;2;3m.[0m[38;2;204;2;4;48;2;183;1;2mz[38;2;204;1;4;48;2;184;1;2mz[38;2;203;2;4;48;2;183;1;2mz[38;2;202;2;4;48;2;180;1;1mz[38;2;172;1;1;48;2;144;2;3m~[0m[7m[38;2;148;1;2m~[0m[38;2;220;3;2;48;2;164;1;2m-[0m[7m[38;2;165;1;3m▀[38;2;148;1;2m~[0m[38;2;198;1;4;48;2;160;0;2mz[38;2;215;4;7;48;2;180;0;1m_[38;2;219;1;0;48;2;179;1;1m-[38;2;195;2;3;48;2;175;1;1mz[38;2;182;1;1;48;2;146;2;3m▀[0m[38;2;98;2;2m▀ [0m [38;2;187;5;7;48;2;121;1;2m_[38;2;166;1;2;48;2;71;1;1m▀[0m[38;2;113;3;3m▀[0m   [7m[38;2;70;0;0m▌[0m[38;2;113;3;4m▌  [0m
     [38;2;97;2;4;48;2;125;1;2m/[0m [7m[38;2;100;1;2m,[38;2;102;2;3m▀[0m [38;2;85;0;1m▀[38;2;175;1;1;48;2;158;1;2m~[38;2;155;2;2;48;2;71;2;3m▌[0m[38;2;155;2;2m [38;2;72;3;5m\[0m  [7m[38;2;137;3;5m▀[0m [7m[38;2;130;1;3m/[0m[38;2;168;1;2;48;2;189;2;4mE[38;2;176;1;2;48;2;193;2;3mE[38;2;181;1;2;48;2;197;2;3mE[38;2;185;1;1;48;2;202;2;3mE[38;2;189;1;2;48;2;203;2;4mE[38;2;188;1;2mE[38;2;188;1;1;48;2;202;2;3mE[38;2;186;1;1;48;2;201;2;3mE[38;2;186;1;2mE[38;2;187;1;2;48;2;201;2;4mE[38;2;191;2;2;48;2;142;3;4m▀[0m[7m[38;2;121;3;5mw[0m[38;2;68;1;1;48;2;181;2;3m▌[0m[38;2;171;2;3m▀[7m[38;2;101;2;2mw[38;2;159;2;3mm[0m[38;2;113;1;1;48;2;180;2;3mm[38;2;75;2;3;48;2;126;3;5mq[38;2;175;0;2;48;2;194;1;3m5[38;2;181;1;2;48;2;196;2;3mE[38;2;180;1;1mE[38;2;179;1;1;48;2;195;2;4mE[38;2;195;1;3;48;2;183;1;3m~[0m[38;2;119;1;2m▀[38;2;178;1;1;48;2;189;2;4mE[38;2;176;1;1;48;2;191;2;3mE[38;2;181;2;2;48;2;134;3;5m▌[0m [7m[38;2;109;1;2m▀[0m[38;2;141;5;5m/[38;2;110;4;4m~ [7m[38;2;106;1;3m▀[0m[38;2;151;1;2;48;2;74;3;4m▌[0m[38;2;151;1;2m  [0m [38;2;118;7;6m\[0m  [0m
     [38;2;172;3;4;48;2;140;0;2m_[38;2;176;3;3;48;2;137;1;2m_[0m[7m[38;2;136;1;2m▀[0m[38;2;166;2;3;48;2;140;1;2mB[0m[7m[38;2;141;2;3m▀[0m [7m[38;2;149;1;3m▌[0m[38;2;172;2;4;48;2;150;1;2mz[0m[38;2;77;3;4m▌[0m [38;2;137;4;7m\[7m[38;2;100;0;1mA[0m[38;2;181;2;3;48;2;155;1;2mz[0m[7m[38;2;127;1;2m▀[0m[38;2;76;0;2;48;2;167;1;2m▌[38;2;190;1;3;48;2;177;1;2mE[38;2;194;2;3;48;2;181;1;2m5[38;2;195;2;3;48;2;180;1;2m5[38;2;193;2;3;48;2;151;1;3m▀[38;2;198;2;4;48;2;182;1;2m5[38;2;207;2;1;48;2;175;1;2m-[38;2;196;1;2;48;2;180;1;1mE[38;2;197;2;2;48;2;183;1;1m5[38;2;190;2;2;48;2;101;2;3m▀[0m[7m[38;2;139;1;2m*[38;2;159;1;2m~[0m[38;2;203;2;3;48;2;166;2;3mz[38;2;155;3;6;48;2;66;2;2m![0m[7m[38;2;169;0;2m▀[0m[38;2;200;2;4;48;2;167;0;1mz[38;2;197;1;4;48;2;183;1;2m5[38;2;201;2;4;48;2;176;2;3mz[38;2;66;1;1;48;2;151;2;4mI[38;2;198;1;3;48;2;183;0;2m5[38;2;198;1;2;48;2;184;0;2mE[38;2;199;1;3;48;2;184;1;1m5[38;2;207;2;5;48;2;176;2;3m.[0m[38;2;120;2;3m▀[0m [38;2;78;0;1;48;2;182;1;2m▌[38;2;190;2;3;48;2;176;0;2mE[38;2;193;2;3;48;2;168;1;1mz[0m[7m[38;2;123;2;3m![0m[38;2;186;2;4;48;2;150;3;4mz[0m [7m[38;2;97;0;2m▀[0m [38;2;172;1;4;48;2;151;0;1mz[38;2;174;2;3;48;2;146;2;3mz[0m   [7m[38;2;135;0;2m▀[0m[38;2;141;3;6m▌ [0m
[38;2;147;1;2m▌   [7m[38;2;77;0;2m▌[0m[38;2;90;0;1;48;2;147;1;3m_[38;2;141;1;2;48;2;167;1;3mz[38;2;125;0;0;48;2;157;2;3m_[0m[38;2;140;3;5m▌[7m[38;2;112;3;5m▌[0m [7m[38;2;96;0;2m▌[0m[38;2;136;1;1;48;2;157;2;3m_[0m[38;2;122;11;9m' [0m [38;2;126;0;2;48;2;172;1;3mn[38;2;165;0;2;48;2;191;1;2mz[38;2;169;1;2;48;2;195;2;2mz[38;2;119;1;2;48;2;191;2;3m▀[38;2;120;1;2;48;2;179;2;3mw[38;2;174;1;2;48;2;201;2;3mz[48;2;199;2;3mz[0m[38;2;107;2;3m▌[38;2;142;1;3m▀[38;2;148;4;5mQ[7m[38;2;124;2;3mm[0m[38;2;146;0;1;48;2;188;2;3m_[0m[7m[38;2;149;2;4mI[0m[38;2;177;1;2;48;2;202;1;3mz[38;2;178;1;2;48;2;203;2;3mz[38;2;177;1;2;48;2;201;2;4mz[38;2;99;1;1;48;2;170;2;3mf[38;2;177;1;1;48;2;203;1;3mz[38;2;177;1;2mz[38;2;178;1;2;48;2;202;2;3mz[38;2;75;3;3;48;2;132;4;5mj[38;2;156;0;1;48;2;195;2;3mN[38;2;215;2;3;48;2;184;2;3m~[38;2;217;2;3;48;2;177;1;3m~[38;2;183;1;2;48;2;208;1;3mz[38;2;184;1;2;48;2;197;2;3mz[38;2;163;1;1;48;2;200;1;2m5[38;2;184;2;3;48;2;199;2;3m▀[0m[7m[38;2;179;1;2m'[0m[38;2;176;1;2;48;2;202;2;3mz[38;2;174;1;1;48;2;198;1;3mz[38;2;93;1;2;48;2;179;2;4m▀[0m[7m[38;2;124;2;3mq[0m[38;2;137;2;4;48;2;155;1;3m/[0m[7m[38;2;78;1;3mb[0m[38;2;192;1;2;48;2;132;1;2m~[38;2;154;1;1;48;2;181;1;2mz[38;2;189;1;3;48;2;151;3;4m~[0m   [38;2;154;0;1m▀[38;2;124;9;13m' [0m
[38;2;134;2;3mQ [0m    [38;2;93;1;1m▀[38;2;118;3;5m'[0m [7m[38;2;83;75;64m▀[0m[38;2;93;100;111m_[7m[38;2;70;68;62m~[0m[38;2;156;1;4m`[7m[38;2;59;51;36m▌[38;2;115;107;104m▀[38;2;77;77;83m▀[0m[38;2;100;0;1;48;2;173;1;2m▌[38;2;187;1;2;48;2;173;0;1m5[38;2;189;1;3;48;2;177;1;1m5[38;2;193;1;3;48;2;179;0;1m5[38;2;200;2;4;48;2;160;1;3m.[38;2;175;1;2;48;2;141;1;1m▀[38;2;188;1;2;48;2;174;1;1m▀[38;2;87;2;3;48;2;169;1;1m▀[0m[7m[38;2;129;2;3m▀[0m [38;2;119;0;3;48;2;168;1;3m▌[38;2;188;2;3;48;2;158;1;1mu[38;2;196;1;3;48;2;173;0;1mz[48;2;182;1;2m5[38;2;197;1;3;48;2;183;1;1m5[38;2;198;2;3;48;2;178;1;2m5[48;2;184;1;2m5[38;2;197;2;3;48;2;183;1;2m5[38;2;197;1;3m5[38;2;184;3;4;48;2;118;2;3m/[38;2;173;1;3;48;2;122;2;2mr[0m[7m[38;2;108;2;3m,[0m[38;2;83;0;2;48;2;181;0;2m▀[38;2;212;2;4;48;2;180;1;1m=[38;2;204;2;3;48;2;190;1;2m5[38;2;203;1;2;48;2;188;0;2m5[38;2;200;1;3;48;2;185;0;2m5[38;2;197;1;2;48;2;182;1;2m5[38;2;193;1;2;48;2;179;0;1m5[38;2;192;1;3;48;2;178;0;1m5[38;2;191;1;3;48;2;176;1;1m5[38;2;189;1;2;48;2;175;1;1m5[0m[38;2;166;2;4m▌[7m[38;2;163;0;2m▌[0m[38;2;166;1;3m▌[0m [38;2;172;2;3;48;2;146;0;1mi[38;2;162;1;2;48;2;76;3;4m▌[0m[38;2;162;1;2m      [0m
    [38;2;100;1;3m,  [0m [7m[38;2;101;97;91m▀[0m[38;2;98;93;91;48;2;111;110;110m5[38;2;100;96;95;48;2;110;111;112mE[38;2;101;97;93;48;2;112;113;111mE[38;2;52;65;73;48;2;85;85;84m~[0m[7m[38;2;102;96;88m'[0m[38;2;108;100;95;48;2;120;114;111mE[38;2;112;100;96;48;2;121;114;112mE[0m[7m[38;2;105;32;40m][0m[38;2;149;0;0;48;2;185;2;3m=[38;2;167;3;4;48;2;91;2;3m▌[38;2;148;0;0;48;2;187;2;4m=[38;2;150;0;1;48;2;170;3;3m=[38;2;187;1;2;48;2;144;1;2m▀[38;2;155;0;1;48;2;193;1;3m=[38;2;156;0;1;48;2;193;2;2m=[48;2;192;2;2m=[38;2;178;3;4;48;2;83;2;2m▌[38;2;144;0;1;48;2;184;2;3m=[38;2;157;0;1;48;2;194;2;3m=[38;2;157;0;2m=[38;2;159;0;1;48;2;196;2;3m=[38;2;187;1;3;48;2;131;3;4m▀[38;2;88;1;2;48;2;165;2;4mf[38;2;161;0;0;48;2;200;2;2m=[38;2;159;0;0;48;2;198;2;2m=[38;2;185;1;3;48;2;126;3;4mT[0m[38;2;87;2;4m▀[7m[38;2;162;1;2m▀[0m[38;2;168;0;1;48;2;198;2;3m5[38;2;162;0;0;48;2;200;2;2m=[38;2;164;0;0;48;2;201;2;2m=[38;2;165;0;1m=[38;2;167;0;1;48;2;203;1;2m=[38;2;175;0;2;48;2;196;2;2m=[0m[38;2;190;1;3m▀[38;2;132;3;4m▀[38;2;171;6;8m~[38;2;124;2;2m▀[38;2;178;1;2;48;2;122;2;4m▀[0m[38;2;167;2;5m▌[7m[38;2;155;1;3m▌[0m[38;2;129;3;5m▌[7m[38;2;110;1;2m▌[0m[38;2;138;0;0;48;2;152;3;4m=[0m[38;2;152;5;10m'[7m[38;2;143;2;3m▀[0m     [0m
    [7m[38;2;120;2;4m▌[0m  [38;2;90;84;76;48;2;33;40;39m▀[0m[38;2;74;84;94m▀[38;2;46;57;64m'[0m [38;2;65;74;82m~[7m[38;2;58;60;59mw[0m[38;2;127;138;130;48;2;68;68;67m_[38;2;107;105;103;48;2;68;65;64m5[38;2;127;135;140;48;2;91;87;88m_[38;2;65;81;106;48;2;73;9;13m'[38;2;175;1;3;48;2;159;1;1m5[0m[38;2;104;3;4m▌[38;2;187;2;5;48;2;157;1;2m=[0m[38;2;171;2;3m▌[38;2;102;0;1;48;2;179;1;2m▌[38;2;191;2;3;48;2;175;1;1m5[38;2;192;1;2;48;2;176;1;1m5[38;2;194;1;2;48;2;178;0;1m5[38;2;196;1;2;48;2;179;0;1m5[48;2;180;0;1m5[38;2;212;2;5;48;2;170;2;2m=[38;2;71;1;1;48;2;177;0;2m▌[38;2;199;2;3;48;2;173;1;1mz[0m[38;2;168;4;5m'[38;2;194;3;5;48;2;173;1;2mz[38;2;196;2;3;48;2;180;1;1m5[38;2;199;1;2;48;2;185;0;1m5[38;2;185;1;4;48;2;93;1;3m▌[0m[7m[38;2;93;0;3m▌[0m[38;2;216;2;6;48;2;178;1;1m=[38;2;201;1;3;48;2;185;1;1m5[38;2;198;1;4;48;2;182;1;2m5[38;2;196;1;4;48;2;180;1;2m5[38;2;197;1;3;48;2;183;0;1m5[0m[38;2;199;1;3m▀[38;2;134;5;6m'    [7m[38;2;91;0;2m▌[0m[38;2;177;3;3;48;2;126;2;2mz[0m[38;2;88;2;3m/[7m[38;2;101;0;2m▀[0m[38;2;176;2;4;48;2;119;1;2mc[0m[7m[38;2;90;1;2m/[0m[38;2;106;0;0;48;2;196;0;1m'[0m[38;2;180;2;4m▌     [0m
    [7m[38;2;85;0;1m▌[0m[38;2;115;0;0;48;2;145;3;4m=[0m   [7m[38;2;85;81;74m~[38;2;96;102;104m▀[38;2;102;102;84m▌[0m[38;2;81;87;89;48;2;100;107;104mq[38;2;121;127;122;48;2;73;82;82m~[0m[7m[38;2;73;74;75m▀[0m[38;2;47;45;48;48;2;88;88;87mm[0m [38;2;141;1;2m▀[38;2;113;4;4m▌[7m[38;2;174;1;3m▌[0m[38;2;132;1;2;48;2;179;2;2m▀[38;2;150;0;0;48;2;191;2;2m=[38;2;172;0;1;48;2;193;3;3mz[38;2;189;2;2;48;2;153;3;3m▌[38;2;154;0;0;48;2;196;2;3m=[38;2;163;0;0;48;2;199;2;3m=[38;2;159;0;0m=[38;2;192;2;3;48;2;108;4;4m▌[0m[7m[38;2;79;0;1m▌[0m[38;2;151;0;1;48;2;184;2;3m=[0m[38;2;78;2;3m▌[38;2;142;0;1;48;2;180;2;4m=[38;2;159;0;0;48;2;201;1;3m=[38;2;181;0;1;48;2;202;3;3mz[38;2;162;0;0;48;2;205;2;3m=[38;2;163;0;0;48;2;200;2;2m=[48;2;202;2;3m=[38;2;161;0;0m=[38;2;159;0;0;48;2;200;2;2m=[38;2;191;1;3;48;2;128;4;4m▀[0m[38;2;183;7;9m~      [7m[38;2;96;1;2m▌[0m[38;2;160;0;2;48;2;180;2;3mz[0m[38;2;143;4;5m▌[38;2;130;0;0;48;2;171;2;3m=[0m[38;2;129;7;5m'[38;2;145;0;0;48;2;180;1;2m=[38;2;185;2;3;48;2;94;4;3m▀[0m      [0m
 [38;2;112;4;6m'[0m [7m[38;2;144;0;2m▀[0m[38;2;156;1;3;48;2;120;0;1mz[38;2;174;2;4;48;2;134;1;2m=[0m  [38;2;81;79;78m*[7m[38;2;98;96;97m▀[38;2;70;77;80mm[38;2;69;83;88m▌[0m[38;2;89;95;87;48;2;44;50;54mz[0m[38;2;30;51;70m'[38;2;113;2;1m-[0m [38;2;93;91;83m▌  [7m[38;2;117;0;2m▌[0m[38;2;194;3;5;48;2;137;0;1m=[38;2;195;4;5;48;2;127;1;1m=[0m[38;2;171;1;2m▀[7m[38;2;134;1;2m/[0m[38;2;208;2;5;48;2;167;0;1m=[38;2;166;1;3;48;2;86;3;3m▌[0m[7m[38;2;175;1;2m▌[0m[38;2;208;2;5;48;2;163;1;1m=[0m[38;2;75;2;2m,[38;2;80;0;0m▀[38;2;157;1;3;48;2;105;0;1mQ[0m[7m[38;2;96;1;1m\[0m[38;2;181;2;4;48;2;133;0;1m=[38;2;205;2;5;48;2;163;0;1m=[38;2;208;3;6;48;2;167;0;1m=[38;2;208;4;6m=[38;2;205;3;6;48;2;163;0;0m=[38;2;193;4;7;48;2;122;0;1m=[0m[38;2;119;1;3m▀[0m [38;2;90;3;4my      [7m[38;2;156;1;3m▌[0m[38;2;196;2;5;48;2;158;0;1m=[38;2;171;1;3;48;2;122;2;3m'[38;2;199;3;4;48;2;159;0;2m=[0m[38;2;98;3;5mn[38;2;193;2;6;48;2;154;1;2m=[0m[38;2;100;9;10m'      [0m
 [7m[38;2;85;1;3m▌[38;2;138;1;2m~[0m[38;2;131;0;1;48;2;174;2;3m=[38;2;134;0;0;48;2;176;2;2m=[38;2;133;0;0;48;2;158;2;3m=[0m[38;2;87;1;2mv[0m  [38;2;91;85;74m~[38;2;84;93;96m▀[7m[38;2;96;101;90m▌[0m[38;2;46;45;43;48;2;77;83;84mx[0m[7m[38;2;61;63;59m▀[38;2;100;40;38mw[38;2;60;67;61m▀[38;2;86;88;85m.[0m[38;2;40;58;70m▌[0m   [38;2;97;3;5mi[7m[38;2;117;1;3m*[38;2;165;2;3mw[38;2;159;3;5mw[38;2;186;2;3m▀[0m[38;2;158;0;0;48;2;197;2;3m=[38;2;160;0;0;48;2;201;2;3m=[38;2;156;2;3;48;2;181;2;3m/[0m[7m[38;2;190;1;2m▀[38;2;91;1;1m▀[0m[38;2;147;3;4m~[38;2;140;6;7m~[38;2;83;1;1m▀[38;2;123;1;2m▀[38;2;189;3;6m~[38;2;102;5;5m' [38;2;114;3;5m\[38;2;165;2;4m-[38;2;138;4;3m'     [7m[38;2;113;1;4m▀[0m[38;2;142;0;0;48;2;184;2;4m=[38;2;190;3;4;48;2;127;3;4m~[38;2;107;2;3;48;2;173;2;3m▀[38;2;148;0;0;48;2;185;2;4m=[38;2;166;2;1;48;2;98;3;3me[0m[7m[38;2;152;5;7m▌[0m       [0m
  [38;2;168;3;4;48;2;130;0;1m=[38;2;192;3;5;48;2;151;0;1m=[38;2;193;4;5;48;2;154;0;1m=[0m[38;2;130;4;5m▌ [0m [38;2;44;43;53m,[7m[38;2;62;55;42m▌[0m[38;2;71;87;95mz[7m[38;2;52;50;37m▌[0m[38;2;77;79;80;48;2;41;45;44m▀[0m[38;2;82;89;88m▀[38;2;88;94;90m-[38;2;79;80;72m▀[38;2;139;139;126;48;2;97;100;97m=[0m[38;2;45;71;92m▌[7m[38;2;90;80;61m▌[0m[38;2;140;143;136;48;2;80;88;95m=[0m [7m[38;2;122;1;2m▀[0m[38;2;159;1;2m▀[7m[38;2;142;1;3me[0m[38;2;208;4;5;48;2;168;0;1m=[38;2;214;4;5;48;2;175;0;1m=[38;2;220;4;4;48;2;180;0;1m=[38;2;221;4;4;48;2;181;0;1m=[38;2;220;4;5;48;2;180;0;1m=[38;2;220;3;5m=[38;2;214;3;4;48;2;178;0;1m=[38;2;172;1;2;48;2;109;1;2m▀[0m[38;2;145;6;7m.[38;2;139;3;4;48;2;73;0;1m+[0m[7m[38;2;128;1;1m▀[38;2;106;1;2m▀[0m        [7m[38;2;79;0;1m▀[38;2;167;1;2m▀[0m[38;2;202;4;7;48;2;133;0;2m=[38;2;87;2;2;48;2;137;1;3mx[0m[7m[38;2;166;1;2m'[0m[38;2;209;5;5;48;2;168;0;1m=[38;2;206;4;4;48;2;164;0;1m=[0m[38;2;164;1;2m▌[0m        [0m
  [38;2;77;1;2m▀[38;2;169;1;2;48;2;124;1;2m~[38;2;127;0;0;48;2;161;3;3m=[0m[38;2;65;4;5m▌[0m [7m[38;2;100;89;79m_[0m[38;2;85;75;79;48;2;119;117;115m=[0m[7m[38;2;117;116;115m▀[38;2;100;100;99m▀[0m [7m[38;2;76;76;75mw[0m[38;2;93;94;89m▀[38;2;68;70;68m@[38;2;81;84;80m▀[0m  [7m[38;2;62;60;55m▀[38;2;58;59;60m▀[0m   [38;2;171;3;4m~[0m [38;2;92;0;1;48;2;179;1;3m▌[38;2;153;0;0;48;2;196;2;3m=[38;2;158;0;1;48;2;202;1;3m=[38;2;161;0;0;48;2;203;2;4m=[38;2;127;1;2;48;2;194;2;4m▀[0m[7m[38;2;132;3;5m*[0m[38;2;178;2;2;48;2;78;1;2m▀[38;2;134;1;3;48;2;183;2;3m▀[38;2;95;2;3;48;2;161;2;4m▀[0m[38;2;121;1;2mr[38;2;129;2;3;48;2;85;1;2md[38;2;80;0;1;48;2;159;2;3m*[38;2;93;0;0;48;2;141;2;3mm[0m[7m[38;2;124;2;3m~[38;2;124;2;2m~[38;2;110;2;2m~[38;2;114;2;3m~[38;2;127;2;3m~[0m[38;2;98;0;2;48;2;147;3;4m.[38;2;94;0;1;48;2;167;2;2mm[38;2;107;3;2;48;2;181;1;3m▀[38;2;80;0;1;48;2;165;2;3m'[38;2;179;1;2;48;2;94;2;3m▀[0m[38;2;144;3;3m▀[38;2;164;2;2;48;2;157;1;2m~[38;2;181;2;2;48;2;145;3;4mF[0m[38;2;145;4;6m'[0m [7m[38;2;93;89;83m▌[0m[38;2;47;50;51;48;2;113;113;108m▀[0m     [0m
 [38;2;116;2;4mq [0m [38;2;116;1;2m▀[38;2;70;4;5mv[7m[38;2;60;49;32m▌[0m[38;2;146;141;129;48;2;81;75;74m=[0m[7m[38;2;94;93;90m~[0m[38;2;83;88;89mm[7m[38;2;69;70;67m-[0m[38;2;95;96;94;48;2;66;68;69m▀[38;2;46;41;33;48;2;92;89;87m,[38;2;142;143;139;48;2;94;92;91m=[38;2;140;144;139;48;2;87;86;84m=[38;2;140;143;139;48;2;91;89;87m=[38;2;142;145;143;48;2;96;95;95m=[38;2;144;146;145;48;2;98;96;98m=[38;2;144;145;145;48;2;95;95;99m=[38;2;125;139;146;48;2;60;68;79m=[0m[38;2;26;40;65m'[7m[38;2;70;64;50mF[0m[38;2;83;92;92m▌[7m[38;2;85;2;3m▌[0m[38;2;159;3;3m'[7m[38;2;69;0;1m▌[38;2;75;1;3m4[0m[38;2;214;4;7;48;2;178;0;1m=[38;2;219;3;5;48;2;181;0;1m=[38;2;219;4;5;48;2;179;0;1m=[38;2;217;3;5;48;2;156;0;1m=[0m[7m[38;2;182;1;3m▀[0m[38;2;97;0;1m~[38;2;169;1;1m▀[38;2;204;4;6;48;2;151;0;1m=[38;2;92;1;2;48;2;176;1;2m▀[0m[7m[38;2;136;2;3m▀[0m[38;2;123;2;2m▀[38;2;163;1;1m▀[38;2;175;1;3;48;2;116;1;1m*[38;2;203;5;5;48;2;136;0;1m=[38;2;204;4;5m=[38;2;198;5;5;48;2;124;0;1m=[0m[38;2;170;1;1m▀[38;2;171;1;1m▀[38;2;158;1;1m▀[38;2;143;8;8m'[7m[38;2;160;1;2m▀[0m[38;2;201;5;5;48;2;151;0;1m=[0m[38;2;163;1;2m▀[38;2;133;6;7m' [7m[38;2;89;87;80m▌[38;2;98;101;100m▀[0m[38;2;58;53;45m~[38;2;108;110;104;48;2;71;66;54m▀[0m[7m[38;2;89;95;99m▀[0m   [0m
  [7m[38;2;94;1;1m▀[0m[38;2;86;4;6m, [0m [7m[38;2;92;2;3m▌[0m[38;2;132;3;2m,[38;2;107;109;102m~[38;2;97;100;95m▀[38;2;90;92;90mm[7m[38;2;88;91;87m'[0m[38;2;104;112;117;48;2;58;60;60mb[38;2;89;97;98;48;2;56;62;63m6[38;2;127;125;109;48;2;58;66;69m-[0m[38;2;70;81;84mF[38;2;86;99;101m~[0m  [7m[38;2;58;59;55m▀[0m [38;2;116;114;104;48;2;55;53;46m▀[0m[38;2;96;103;109m▌[0m  [38;2;127;1;3m▀[38;2;133;6;9m'[38;2;209;2;3;48;2;180;2;3m_[38;2;217;1;4;48;2;189;1;3m_[38;2;219;4;6;48;2;190;1;3m-[38;2;220;4;4;48;2;190;1;2m-[38;2;216;3;3;48;2;187;2;3m_[38;2;194;1;2;48;2;160;2;3mb[0m[7m[38;2;178;2;3m▀[0m[38;2;151;3;3m_[38;2;143;2;3m▀[38;2;207;2;4;48;2;159;1;3m-[38;2;204;1;4;48;2;170;2;3m_[0m[7m[38;2;148;1;2m~[38;2;156;1;2m▀[38;2;122;1;1m▀[38;2;97;1;1m▀[38;2;82;1;0m▀[38;2;163;1;3m▀[38;2;173;1;2m▀[0m[38;2;198;3;3;48;2;132;1;2m_[0m[38;2;177;2;3m▀[38;2;136;2;4m▀[38;2;80;4;5m~[7m[38;2;97;86;73m~[0m[38;2;89;76;73;48;2;119;116;113m=[0m[7m[38;2;81;84;92m▀[0m [38;2;85;82;69m▀[38;2;110;114;108;48;2;77;82;84mb[0m[38;2;65;80;86m,[7m[38;2;86;84;73m,[0m[38;2;97;104;108m▌[0m  [0m
  [38;2;134;1;2m▀[38;2;128;2;3m▌   [38;2;122;3;5mt          [7m[38;2;99;93;78m▌[0m[38;2;142;146;142;48;2;95;93;92m=[38;2;141;150;145;48;2;81;85;86m=[0m[38;2;30;46;57m▌[38;2;84;74;66;48;2;103;97;91m~[38;2;144;145;144;48;2;86;80;83m=[0m[38;2;73;79;86m▌[0m [7m[38;2;168;1;3m▀[0m[38;2;208;5;5;48;2;166;0;1m=[38;2;204;6;6;48;2;151;0;1m=[38;2;214;5;5;48;2;176;0;1m=[38;2;212;6;6;48;2;174;0;2m=[38;2;211;5;5;48;2;168;0;1m=[38;2;174;1;1;48;2;101;2;3m▀[0m[38;2;172;1;1m▀[38;2;200;4;5;48;2;159;0;1m=[0m[38;2;127;2;4m▌[0m [38;2;150;1;2m▀[38;2;196;4;5;48;2;134;0;1m=[38;2;204;4;5;48;2;167;0;1m=[38;2;207;4;6;48;2;172;0;1m=[38;2;209;4;6;48;2;173;0;1m=[38;2;211;4;5m=[38;2;211;4;6;48;2;171;0;1m=[38;2;207;4;6;48;2;165;0;2m=[0m[38;2;101;4;4m▌[38;2;81;62;45;48;2;115;97;89m▌[38;2;155;145;139;48;2;106;92;89m=[0m[7m[38;2;103;97;97m▀[0m [38;2;102;96;96m▀[38;2;139;141;137;48;2;91;87;90m=[0m[38;2;79;93;103mn[0m [7m[38;2;71;67;54m▌[0m[38;2;133;142;135;48;2;78;83;85m=[0m [38;2;136;137;120;48;2;90;95;91m=[0m  [0m
              [7m[38;2;87;84;73m▀[38;2;102;101;99m~[38;2;102;102;102m~[0m[38;2;49;48;42;48;2;104;105;105m~[38;2;83;78;76;48;2;113;121;122m=[38;2;115;120;115;48;2;41;52;59m▀[0m[38;2;103;121;121m▀[7m[38;2;85;88;74mf[0m[38;2;140;143;133;48;2;111;112;110m-[38;2;86;77;74;48;2;110;119;124m=[0m[38;2;52;80;109m'[0m [38;2;148;2;3m▀[7m[38;2;141;1;3m▀[0m[38;2;215;4;5;48;2;164;1;2m-[38;2;218;3;3;48;2;183;1;2m-[38;2;189;1;1;48;2;135;2;3m~[0m[38;2;100;3;2m' [7m[38;2;74;0;1m▀[0m[38;2;193;5;7;48;2;148;1;3m_[0m[38;2;108;2;4m▌[0m  [7m[38;2;77;1;1m▀[38;2;90;2;3m*[38;2;118;1;2mm[0m[38;2;174;2;2m▀[38;2;188;2;1;48;2;150;1;2m~[38;2;213;3;5;48;2;176;1;2m-[38;2;174;3;3;48;2;80;5;5m▌[0m [38;2;119;105;97m▀[38;2;92;75;69;48;2;118;114;111m=[38;2;142;139;130;48;2;111;108;107m-[38;2;85;75;69;48;2;109;115;116m=[0m[7m[38;2;80;92;100m▀[0m[38;2;71;84;81m~[38;2;54;51;41m▀[38;2;110;114;109m▀[38;2;104;107;102;48;2;63;66;66mm[0m[7m[38;2;101;107;108m▀[38;2;90;95;94m"[0m[38;2;88;105;112m▀[0m  [0m
             [38;2;52;47;33;48;2;94;94;87m▌[38;2;94;98;100;48;2;43;59;69m▀[0m[38;2;75;79;83m▀[38;2;83;87;91m▀[38;2;97;97;101m▀[38;2;93;105;112;48;2;52;62;68m#[0m[7m[38;2;80;77;66mF[0m[38;2;106;111;105;48;2;63;62;56mw[38;2;121;133;133;48;2;97;97;87m=[38;2;122;133;134;48;2;99;99;91m=[38;2;90;102;107;48;2;66;68;69m#[0m [38;2;117;5;9m`[7m[38;2;143;1;2m▌[0m[38;2;171;1;2;48;2;162;1;2m$[38;2;181;1;1;48;2;167;1;2m~[38;2;173;1;2;48;2;159;1;3mW[0m[38;2;129;3;3m▌ [38;2;96;2;2m*[38;2;125;3;4m▀[38;2;79;3;4m'[7m[38;2;143;1;3m▀[0m[38;2;159;1;2;48;2;121;1;2mw[0m[38;2;159;1;2m▀[38;2;158;1;1m▀[38;2;161;1;1m▀[38;2;163;1;1;48;2;87;1;2m▀[38;2;162;1;3;48;2;129;1;2mA[0m[7m[38;2;90;2;2m▀[38;2;154;1;3m▌[0m[38;2;76;3;5m▌  [0m [38;2;93;92;86m▀[38;2;87;96;99m▀[7m[38;2;70;66;53m▀[38;2;97;98;99m▀[38;2;58;59;60m▀[0m  [7m[38;2;102;99;91m▀[0m[38;2;71;88;98mw   [0m
              [7m[38;2;71;68;57m/[0m[38;2;86;78;71;48;2;115;120;117m=[38;2;137;144;138;48;2;105;111;113m-[38;2;48;55;60;48;2;97;109;115m▀[0m [7m[38;2;88;95;87m*[38;2;78;85;81mq[0m[38;2;41;47;45;48;2;91;97;93mp[0m[7m[38;2;92;99;100mm[0m[38;2;115;118;116m▀[38;2;97;100;101;48;2;47;52;57m\[0m  [7m[38;2;77;1;2m▌[38;2;123;2;3m*[0m[38;2;196;3;3m_[7m[38;2;100;1;1m▀[38;2;105;1;2m▀[38;2;150;1;2m▀[0m[38;2;198;3;4;48;2;119;1;1m_[38;2;169;2;3;48;2;85;2;3m▀[0m[38;2;120;2;3m▀[7m[38;2;72;64;50m▀[38;2;109;99;94m~[0m[38;2;148;139;135;48;2;111;102;97m_[48;2;104;97;95m_[0m[7m[38;2;109;107;110m▀[38;2;78;15;19mq[0m[38;2;166;3;3;48;2;129;2;2mE[0m       [38;2;89;84;69m~[38;2;114;112;108m▀[38;2;114;113;112;48;2;42;43;47m▀[38;2;112;112;110;48;2;64;66;71m▀[38;2;111;112;110;48;2;45;53;58m▀[0m[38;2;102;111;111m▀[38;2;48;77;103m'   [0m
            [7m[38;2;62;57;45m▀[38;2;111;111;104m▀[0m[38;2;77;75;78;48;2;111;110;106m_[38;2;77;76;82;48;2;110;110;108m_[38;2;79;76;79;48;2;109;112;109m-[38;2;72;79;84;48;2;105;113;112m_[0m[7m[38;2;39;47;51m][0m[38;2;106;112;105;48;2;65;68;62m*[0m[38;2;79;96;103m#[38;2;92;94;81m*[38;2;54;64;71m▀[7m[38;2;91;88;82m_[0m[38;2;54;68;81m▌[38;2;82;94;96m# [0m [38;2;161;0;2m▀[38;2;165;1;1m▀[38;2;164;1;1m▀[38;2;162;0;2m▀[38;2;153;1;2m▀[38;2;136;5;7m~  [7m[38;2;82;73;64m▌[0m[38;2;84;72;75;48;2;116;108;106m_[38;2;83;73;80;48;2;116;110;109m_[38;2;82;73;81;48;2;115;111;109m_[38;2;83;75;80;48;2;115;112;108m_[38;2;80;82;85;48;2;116;113;107m▀[38;2;103;2;4;48;2;77;70;70m▀[0m                 [0m
         [7m[38;2;79;75;70m▀[38;2;103;97;98m▀[0m[38;2;139;137;130;48;2;92;88;84m_[38;2;102;92;84;48;2;107;111;113m=[38;2;100;93;85;48;2;108;112;114m=[38;2;99;93;84;48;2;108;112;113m=[38;2;100;95;84;48;2;107;113;115m=[38;2;111;119;117;48;2;43;58;67m▀[0m[38;2;48;67;77m▀[38;2;71;86;89m,                [0m [7m[38;2;75;81;81m▀[0m[38;2;61;60;53m~[38;2;112;111;109m▀[38;2;142;137;117;48;2;103;101;100m_[38;2;107;93;82;48;2;114;113;113m=[38;2;107;94;84;48;2;114;113;114m=[38;2;106;94;83;48;2;113;113;114m=[38;2;142;142;129;48;2;91;90;91m_[0m[7m[38;2;104;102;101m▀[38;2;86;84;82m▀[0m              [0m
     [7m[38;2;60;64;63m▀[0m[38;2;90;92;90mw[38;2;103;104;104;48;2;74;72;67mw[38;2;111;118;126;48;2;95;93;91m=[38;2;112;119;128;48;2;96;93;94m=[38;2;113;119;130;48;2;89;87;88m=[38;2;106;105;107;48;2;70;70;71m#[38;2;110;109;109;48;2;69;70;71m*[0m[38;2;103;102;102m▀[38;2;88;94;97m▀[38;2;56;73;85m~ [7m[38;2;60;51;28m▌[0m[38;2;95;94;91;48;2;115;116;110mE[0m[7m[38;2;96;97;98m▀[0m   [7m[38;2;61;61;64m▀[0m        [7m[38;2;73;63;63m▀[0m  [7m[38;2;100;91;78m'[0m[38;2;78;72;82;48;2;100;108;114m_[0m   [38;2;74;69;63m▀[38;2;105;97;96m▀[7m[38;2;94;90;88m_[0m[38;2;107;107;106;48;2;79;78;77m#[38;2;75;71;73;48;2;109;108;106m_[38;2;75;68;71;48;2;111;109;106m_[38;2;76;68;71;48;2;111;108;106m_[38;2;94;89;89;48;2;113;114;112mE[38;2;70;68;69;48;2;104;109;110m▀[0m[38;2;99;101;100mw[38;2;85;93;92mw[38;2;39;53;59me        [0m
            [7m[38;2;112;1;2m~[0m[38;2;172;0;5;48;2;135;1;2m=[0m[38;2;144;3;4m,  [0m [38;2;120;115;111;48;2;74;68;63m▀[38;2;120;119;119;48;2;88;83;83mE[0m[38;2;85;89;95m▌[7m[38;2;81;33;30mm[38;2;139;1;3m▀[38;2;139;4;6m~[0m[38;2;176;1;2;48;2;134;0;1mz[38;2;182;0;4;48;2;151;1;2m=[38;2;183;0;5;48;2;144;1;2m=[38;2;169;1;2;48;2;133;1;4m▀[38;2;178;2;3;48;2;145;1;1mz[38;2;175;1;0;48;2;160;1;1m5[38;2;180;2;2;48;2;153;1;2mz[38;2;186;4;4;48;2;127;1;2m_[0m[7m[38;2;158;1;2m▀[38;2;101;2;3m▀[0m[38;2;102;86;72m▀[38;2;124;115;114m▀[38;2;89;96;110m▀ [0m  [38;2;164;1;4;48;2;137;0;1mc[38;2;166;2;4;48;2;103;1;2mz[0m                  [0m
             [38;2;147;1;1;48;2;78;1;2m▀[38;2;140;0;1;48;2;164;2;4mz[38;2;97;2;3;48;2;151;1;2m~[0m[7m[38;2;170;2;2m▀[38;2;172;2;3m▀[38;2;174;2;3m▀[0m[38;2;75;0;0;48;2;176;2;3m▀[38;2;147;1;2;48;2;169;2;3m5[38;2;179;2;3;48;2;127;1;2m~[0m[38;2;148;1;1m▀[38;2;178;3;3m~[38;2;133;6;10m~[0m     [38;2;180;4;5m~[38;2;160;1;2m▀[38;2;186;2;3;48;2;125;1;1m~[38;2;152;0;0;48;2;174;2;3mz[38;2;153;0;1;48;2;177;2;3mz[38;2;99;0;1;48;2;176;1;3m▀[0m[7m[38;2;173;1;3m▀[38;2;172;1;3m▀[0m[38;2;79;0;0;48;2;153;1;2m'[38;2;142;0;1;48;2;168;2;3mz[38;2;176;3;3;48;2;110;2;3m~[0m[38;2;128;7;12m'                  [0m
               [38;2;125;1;2m▀[38;2;162;2;2m▀[38;2;165;2;3m▀[38;2;154;2;3m▀[38;2;68;0;2;48;2;137;1;2m*[38;2;78;2;2;48;2;160;1;2m▀[38;2;167;3;4;48;2;85;1;2mn[0m[38;2;134;4;5m'[7m[38;2;154;1;3m▀[0m[38;2;190;2;4;48;2;136;0;1mz[38;2;195;1;2;48;2;165;1;1mz[38;2;200;2;4;48;2;140;1;1m=[0m[7m[38;2;156;1;2m~[0m[38;2;194;2;3;48;2;166;1;1mz[38;2;193;1;2mz[38;2;195;3;6;48;2;128;1;2m=[0m[38;2;121;3;4m,[38;2;157;1;3;48;2;95;0;1m*[38;2;169;3;4;48;2;107;1;1mn[38;2;79;0;1;48;2;153;1;1m▀[38;2;176;4;5;48;2;118;1;3m_[0m[38;2;164;1;1m▀[38;2;151;1;3m▀[38;2;148;1;3m▀[38;2;116;1;2m~                    [0m
                   [38;2;142;1;3m▀[38;2;136;2;2m▀[7m[38;2;148;1;2m▀[0m[38;2;147;0;1;48;2;177;2;3m5[38;2;146;0;1;48;2;185;2;3m=[38;2;167;0;2;48;2;186;2;3mz[38;2;149;0;1;48;2;187;2;2m=[38;2;150;0;1;48;2;189;2;3m=[38;2;170;0;1;48;2;189;3;3mz[38;2;151;0;1;48;2;190;2;2m=[38;2;167;0;0;48;2;186;2;3mz[38;2;146;0;0;48;2;185;2;3m=[38;2;143;0;1;48;2;171;2;3m=[0m[7m[38;2;93;2;3m\[0m[38;2;166;1;1m▀[38;2;139;2;3m▀[38;2;80;5;5m'                        [0m
                     [38;2;106;0;1m▀[38;2;152;1;2;48;2;97;0;1m*[38;2;187;1;3;48;2;140;0;1m=[38;2;177;1;1;48;2;151;0;1mz[38;2;179;2;2;48;2;154;0;0mz[38;2;178;3;3;48;2;130;1;1mz[38;2;172;1;2;48;2;135;0;1mt[38;2;181;2;2;48;2;156;0;0mz[38;2;180;2;3;48;2;152;0;1mz[38;2;189;2;3;48;2;139;1;1m=[0m[38;2;158;1;1m▀[38;2;94;2;3m▀                           [0m
