[0m [38;2;0;0;0m                                        [38;2;80;3;5my                  [0m
 [38;2;0;0;0m                                       [0m [38;2;79;2;2;48;2;129;3;4m~[0m [38;2;0;0;0m             [0m  [38;2;0;0;0m  [0m
 [38;2;0;0;0m                                    [0m [38;2;147;4;6m_[7m[38;2;119;1;2m▀[0m[38;2;90;1;1;48;2;132;1;2m"[38;2;82;6;6;48;2;135;4;4m_[0m [38;2;0;0;0m     [0m [38;2;10;2;1m      [38;2;97;3;6m_[7m[38;2;93;2;3m'[0m [38;2;49;3;4m  [0m
 [38;2;0;0;0m  [0m [38;2;0;0;0m                             [0m [7m[38;2;87;1;2m▀[38;2;138;1;1m▀[38;2;127;2;1m~[38;2;131;1;1m`[0m[38;2;148;2;2;48;2;133;1;2mz[0m[7m[38;2;133;2;3m_[0m[38;2;127;2;3m▀[0m [38;2;0;0;0m      [0m  [38;2;47;0;1m   [0m [7m[38;2;117;1;3m▀[0m[38;2;76;0;1;48;2;124;1;2m'[0m[38;2;101;2;3m▌   [0m
 [38;2;0;0;0m  [0m [38;2;110;5;7m\[0m [38;2;0;0;0m                           [7m[38;2;145;2;3m▌[0m[38;2;143;2;2;48;2;154;2;3m^[38;2;145;1;2;48;2;156;2;2m^[0m[38;2;150;2;3m▀[38;2;148;5;7m~[38;2;130;8;4m`[0m [38;2;61;5;7m        [7m[38;2;101;1;2m▌[0m[38;2;165;3;2;48;2;120;3;4m,[0m[38;2;165;3;2m   [0m [38;2;134;2;3;48;2;145;2;3m^[0m[38;2;124;2;3m▀[0m [38;2;0;0;0m   [0m
 [38;2;0;0;0m   [7m[38;2;107;1;2m~[0m[38;2;130;3;5m▌                           [7m[38;2;127;1;2m▌[0m[38;2;159;2;3;48;2;149;1;1m^[38;2;131;0;1;48;2;149;1;2m,[0m[38;2;95;3;4m▌ [0m [38;2;86;3;4m▌      [0m [7m[38;2;141;1;2m▀[38;2;138;2;2m_[0m[38;2;96;3;3m▀    [7m[38;2;111;2;3m_[0m [38;2;0;0;0m    [0m
 [38;2;0;0;0m   [38;2;154;2;3;48;2;132;1;3m'[0m[38;2;157;4;5m▌            [38;2;146;6;10m_[38;2;118;8;8m_[0m [38;2;0;0;0m [0m  [38;2;0;0;0m    [38;2;77;1;2my[38;2;141;6;6mr[0m [38;2;60;4;5m  [0m [38;2;182;1;4;48;2;162;2;4m:[38;2;182;3;5;48;2;167;2;3m,[38;2;181;4;4;48;2;164;3;4m,[38;2;73;1;2;48;2;166;3;3m▀[38;2;81;1;1;48;2;144;2;3m^[0m[38;2;128;4;4m▌     [0m [38;2;166;3;4;48;2;132;2;3m,[0m[38;2;126;2;3m▀[0m [38;2;58;5;7m    [0m  [38;2;53;4;5m     [0m
 [38;2;0;0;0m   [7m[38;2;135;1;2m▌[0m[38;2;135;2;3m▌            [38;2;66;0;0;48;2;107;2;2m,[0m[38;2;83;0;2m_ [0m   [38;2;0;0;0m    [38;2;91;0;0;48;2;132;1;2m~[0m[38;2;132;2;2m▌  [0m [7m[38;2;111;1;1m▀[0m[38;2;158;1;1;48;2;165;2;2mp[38;2;174;2;3;48;2;163;1;2mMM[38;2;173;2;2;48;2;161;1;2mM[38;2;171;2;2;48;2;160;1;2mM[38;2;141;0;0;48;2;151;2;3m:[0m[38;2;123;1;4m_ [7m[38;2;84;2;3m▌[0m [38;2;0;0;0m [7m[38;2;91;1;2m`[0m[38;2;110;2;3m▀  [0m  [38;2;0;0;0m         [0m
 [38;2;0;0;0m   [7m[38;2;136;2;3m▌[0m[38;2;140;14;16m`            [38;2;145;5;10m`[38;2;172;4;5;48;2;141;2;4m:[0m[7m[38;2;129;2;2m▀[0m[38;2;77;7;8m_     [38;2;120;4;7m_[38;2;188;2;1;48;2;162;2;3m:[38;2;84;2;3;48;2;147;2;3m"[0m[7m[38;2;169;2;3m▀[38;2;142;2;2m~[0m[38;2;198;2;4;48;2;160;2;3m:[38;2;190;3;2;48;2;171;2;2mg[38;2;192;3;3;48;2;174;2;2mg[48;2;176;2;2mg[38;2;191;3;4;48;2;175;2;3mg[38;2;164;1;2;48;2;180;3;3mR[38;2;181;3;5;48;2;165;2;3mg[38;2;60;0;1;48;2;127;2;3mJ[38;2;184;2;4;48;2;154;2;3m:[0m[7m[38;2;142;3;3m▀[0m[38;2;178;3;5;48;2;138;2;3m:[0m[38;2;78;3;3m▌ [0m [38;2;0;0;0m [38;2;123;4;5m/[0m [7m[38;2;98;1;2m▌[0m[38;2;103;4;5m▌[0m  [38;2;0;0;0m       [0m
 [38;2;0;0;0m   [0m  [38;2;0;0;0m [0m [38;2;49;3;4m     [7m[38;2;123;2;2m▀[0m[38;2;65;2;2m_    [7m[38;2;148;2;3m▌[0m[38;2;145;1;2;48;2;157;2;3mg[38;2;86;1;3;48;2;132;2;4m`[0m [38;2;0;0;0m  [38;2;76;2;4m?[7m[38;2;168;1;2m▀[0m[38;2;148;0;0;48;2;165;1;2m:[38;2;162;1;2;48;2;176;1;3mp[38;2;169;1;2;48;2;181;2;3mg[38;2;172;1;2;48;2;183;2;2mg[38;2;172;1;1;48;2;184;2;2mg[38;2;174;1;2;48;2;185;2;3mg[38;2;175;1;1;48;2;187;2;3mg[38;2;176;1;2;48;2;189;2;2mg[38;2;172;0;2;48;2;187;2;2mg[38;2;168;0;1;48;2;183;2;2mg[38;2;165;0;2;48;2;179;2;2mg[0m[7m[38;2;151;2;2m_[0m[38;2;147;2;3m▀[38;2;97;2;2m▀[38;2;52;3;3m"[38;2;157;0;2;48;2;144;1;2m,[0m[38;2;89;3;3m▌  [7m[38;2;79;1;2m▌[0m[38;2;140;2;2m▌[0m  [38;2;86;3;5m▌[0m [38;2;142;2;3m\[0m [38;2;0;0;0m  [0m  [38;2;0;0;0m  [0m
 [38;2;0;0;0m      [7m[38;2;85;2;3m▌[38;2;102;2;2m▀[0m [38;2;53;2;4m   [38;2;173;4;5m`[38;2;124;3;5m▀    [7m[38;2;112;1;3m▌[0m[38;2;181;3;4;48;2;157;2;2mz[38;2;182;3;4;48;2;160;2;2mz[0m[7m[38;2;131;2;4m`[0m [38;2;0;0;0m [0m [38;2;195;3;4;48;2;171;2;3mz[38;2;201;3;5;48;2;178;1;3mz[38;2;205;3;4;48;2;182;2;3mz[38;2;209;3;4;48;2;185;2;3mz[38;2;209;3;5;48;2;187;2;3mz[38;2;211;3;4;48;2;188;2;3mz[38;2;212;3;3;48;2;190;1;3mz[38;2;214;3;3;48;2;191;1;3mz[38;2;213;3;4;48;2;191;2;3mz[38;2;210;3;4;48;2;188;2;3mz[38;2;205;3;3;48;2;183;2;3mz[38;2;199;3;3;48;2;176;2;3mz[0m[38;2;57;3;3m^[7m[38;2;141;2;4m~[0m [38;2;122;2;2m*[38;2;167;3;4m▀[0m  [7m[38;2;132;2;3m▀[0m[38;2;194;5;4;48;2;158;2;3m:[38;2;182;2;4;48;2;157;2;3mz[0m[38;2;61;4;5mL[0m  [38;2;139;2;4m_[38;2;81;0;1;48;2;139;1;3m~[0m[38;2;151;4;5m▌  [0m [38;2;88;3;5;48;2;117;2;2m"[0m[38;2;61;4;6m, [0m
 [38;2;0;0;0m       [38;2;90;1;1m▀[38;2;101;3;3;48;2;124;2;2m"[0m[38;2;155;0;4m_[0m [38;2;0;0;0m     [0m  [7m[38;2;145;2;4m▀[0m[38;2;145;1;2;48;2;164;1;4mz[38;2;181;2;4;48;2;160;1;3mT[0m[7m[38;2;115;3;3my[0m[38;2;134;2;5m/[38;2;95;0;2m_[38;2;109;1;2;48;2;149;1;2m^[38;2;166;1;1;48;2;185;2;3mz[38;2;171;1;2;48;2;191;2;3mz[38;2;175;1;1;48;2;194;2;3mz[38;2;174;1;1;48;2;195;2;3mzz[38;2;173;1;1;48;2;195;2;2mz[38;2;172;1;1;48;2;194;2;2mz[38;2;199;2;2;48;2;185;1;2mR[38;2;206;2;2mT[38;2;203;2;3;48;2;182;1;2mT[38;2;167;1;1;48;2;187;2;3mz[38;2;61;0;0;48;2;162;3;4m,[0m[7m[38;2;155;1;4m▌[0m[38;2;176;2;3;48;2;143;3;3m'[0m [38;2;0;0;0m [0m [7m[38;2;141;1;4m▀[0m[38;2;94;0;0;48;2;158;1;3m`[38;2;152;1;1;48;2;172;2;3mz[38;2;173;2;1;48;2;154;2;3m'[0m[38;2;106;3;3m▀ [38;2;134;0;2m_[7m[38;2;156;1;3m▀[0m[38;2;175;2;3;48;2;152;1;2mT[38;2;164;2;2;48;2;145;2;3m'[0m[38;2;111;12;12m'   [38;2;83;0;0;48;2;127;1;2mr[0m[38;2;137;4;4m▌ [0m
 [38;2;0;0;0m  [0m [38;2;130;4;6mz[0m  [38;2;81;3;7mL [38;2;92;1;2m~[7m[38;2;141;1;3m_[38;2;142;2;2m`[0m[38;2;115;4;5m_    [0m [38;2;113;2;6m`[38;2;121;0;2m_[38;2;98;1;1;48;2;144;2;2m\[38;2;204;4;4;48;2;150;3;3m.[0m[7m[38;2;113;2;4mv[38;2;139;1;3m▀[0m[38;2;219;3;5;48;2;174;1;3m:[38;2;208;2;3;48;2;185;1;2mz[38;2;211;3;4;48;2;187;1;3mz[38;2;213;3;4;48;2;191;1;3mz[38;2;214;3;5;48;2;192;1;3mz[38;2;213;3;4mzz[38;2;214;3;5;48;2;191;1;3mz[38;2;112;3;4;48;2;175;2;4m_[38;2;211;3;4;48;2;188;1;3mz[38;2;208;3;3;48;2;186;1;2mz[38;2;206;3;5;48;2;184;1;2mz[38;2;203;4;5;48;2;181;2;3mz[0m[7m[38;2;132;4;4m|[0m[38;2;141;2;3;48;2;174;2;3m~[38;2;83;2;2;48;2;144;3;4m4[0m[38;2;162;2;4m_[7m[38;2;117;1;2m▀[0m[38;2;73;1;3;48;2;158;2;3m~[38;2;197;4;4;48;2;172;2;2mz[38;2;195;4;3mz[38;2;196;4;3mz[0m[38;2;168;3;4m▌ [0m [38;2;197;5;5;48;2;154;2;3m:[0m[7m[38;2;143;3;3m_[0m[38;2;159;3;4m▀[38;2;123;16;14m`[0m [38;2;0;0;0m   [38;2;194;4;9;48;2;139;1;2m:[0m[38;2;172;3;4m▌ [0m
 [38;2;0;0;0m   [38;2;157;3;2;48;2;144;1;3m'[0m[38;2;97;3;5m▌[0m [38;2;163;1;3;48;2;142;2;3m'[0m[38;2;95;3;5m_ [0m [38;2;188;3;6;48;2;162;1;3m-[38;2;138;0;0;48;2;155;2;3m:[0m [38;2;0;0;0m [0m [38;2;53;2;4m [38;2;64;1;2m'[38;2;113;4;5m_[7m[38;2;144;1;3m▌[0m[38;2;164;1;2;48;2;181;2;3mz[38;2;169;1;1;48;2;185;2;3mz[38;2;209;3;3;48;2;182;1;2m-[38;2;176;1;1;48;2;194;3;3mz[38;2;178;1;1;48;2;197;2;3mz[38;2;181;1;2;48;2;200;2;3mz[38;2;182;1;1mzz[38;2;181;1;1mz[38;2;220;4;4;48;2;192;2;3m-[0m[7m[38;2;169;2;3m_[38;2;128;3;4m*[0m[38;2;68;1;2;48;2;186;2;3m▌[0m[7m[38;2;174;2;3m_[0m[38;2;178;2;4m▀[38;2;149;3;3m▀[7m[38;2;156;3;4m=[0m[38;2;72;2;1;48;2;118;4;5mc[38;2;176;1;3;48;2;192;2;5m▀[38;2;172;1;2;48;2;189;2;4mz[38;2;208;4;5;48;2;180;2;3m-[38;2;168;1;1;48;2;186;2;4mc[38;2;169;1;2;48;2;185;2;4mz[0m[38;2;106;2;4m▀[38;2;158;0;0;48;2;174;2;3m:[38;2;204;3;5;48;2;176;2;2m-[38;2;155;0;1;48;2;169;2;2m:[0m[7m[38;2;110;2;3m▀[0m [38;2;148;4;4m▌  [38;2;98;4;4;48;2;121;2;4m~[0m [38;2;70;4;5m  [0m [38;2;153;0;0;48;2;166;1;2m:[0m[38;2;162;3;5m▌ [0m
 [38;2;0;0;0m   [38;2;181;3;7;48;2;129;1;2m.[38;2;182;3;4;48;2;148;1;3mz[0m[7m[38;2;141;1;3m~[0m[38;2;188;6;9;48;2;142;2;2m:[38;2;73;1;0;48;2;121;3;4m"[0m[38;2;73;1;0m [7m[38;2;79;1;3m▌[0m[38;2;180;2;5;48;2;150;1;2mz[38;2;193;3;6;48;2;139;3;3m:[0m [38;2;0;0;0m [7m[38;2;90;2;3m▌[38;2;101;3;3m▀[38;2;103;1;2m▌[0m[38;2;206;4;5;48;2;159;2;3m:[0m[7m[38;2;89;2;3m▀[0m[38;2;200;5;5;48;2;146;1;3m:[38;2;208;3;5;48;2;176;1;2mz[38;2;211;3;5;48;2;180;1;3mz[38;2;211;3;6mz[38;2;212;3;6;48;2;181;1;2mz[38;2;211;8;11;48;2;168;2;3m:[38;2;223;5;6;48;2;185;2;3m:[38;2;212;3;4;48;2;183;1;2mz[38;2;86;5;4;48;2;159;2;3my[0m[7m[38;2;132;2;3m=[38;2;165;2;3m~[0m[38;2;170;2;2;48;2;182;3;5m7[0m[7m[38;2;115;3;4mL[38;2;163;1;3m▀[0m[38;2;222;5;5;48;2;176;2;3m:[38;2;212;3;4;48;2;182;1;3mz[38;2;169;1;2;48;2;187;3;4mT[0m[7m[38;2;137;3;4m[[0m[38;2;210;4;4;48;2;179;1;2mz[38;2;209;4;7;48;2;178;1;3mz[38;2;208;3;11;48;2;176;1;6mz[38;2;220;4;12;48;2;170;2;7m:[0m[38;2;120;3;3m▀[0m [38;2;92;1;4;48;2;141;1;2m,[38;2;203;3;4;48;2;171;1;2mz[38;2;202;3;4;48;2;169;1;2mz[38;2;119;1;2;48;2;169;2;2m_[0m[7m[38;2;94;2;3mT[0m[38;2;203;5;5;48;2;147;3;3m:[0m[38;2;56;3;4m,[38;2;103;6;7m\[7m[38;2;144;1;2m▌[0m[38;2;94;2;2;48;2;150;2;3m"[0m[7m[38;2;85;2;3m▀[0m[38;2;8;1;1m [7m[38;2;125;3;4m▌[0m[38;2;140;3;4m▀[0m [38;2;0;0;0m [0m
[38;2;140;2;5m_[38;2;88;4;5m_  [38;2;112;0;1m`[7m[38;2;136;2;2m_[0m[38;2;65;0;2;48;2;154;2;3m,[38;2;171;2;4;48;2;134;2;4m'[0m[38;2;114;0;0m`[38;2;117;6;7m+[0m [38;2;118;2;3m▀[38;2;168;2;3;48;2;125;3;4m'[0m[38;2;168;2;3m  [7m[38;2;103;1;2m▌[0m[38;2;155;1;2;48;2;179;2;3m▀[38;2;168;2;2;48;2;185;1;4m▀[38;2;212;3;4;48;2;177;2;3m-[38;2;161;0;0m:[0m[7m[38;2;135;2;3m\[0m[38;2;217;4;4;48;2;185;2;3m-[38;2;218;4;5;48;2;187;2;3m-[0m[38;2;123;4;4m▌[38;2;148;2;2m▀[38;2;60;4;6;48;2;118;4;4m_[0m[38;2;139;3;6m_[38;2;199;2;2;48;2;181;2;3m'[0m[7m[38;2;141;3;4m[[0m[38;2;223;4;4;48;2;190;1;3m-[38;2;223;4;3;48;2;191;1;2m-[38;2;224;3;5;48;2;189;2;3m-[38;2;84;2;2;48;2;183;3;4m▀[38;2;226;3;4;48;2;193;2;2m-[38;2;224;3;4;48;2;192;2;2m-[38;2;222;3;4;48;2;191;2;3m-[0m[7m[38;2;130;5;5my[0m[38;2;191;1;2;48;2;170;1;2m,[38;2;174;1;1;48;2;187;3;4mp[38;2;88;0;0;48;2;179;2;3m,[38;2;221;2;4;48;2;189;2;3m-[38;2;168;0;1;48;2;185;2;3m:[38;2;122;0;1;48;2;180;2;2m`[38;2;168;0;1;48;2;184;2;2m:[38;2;94;1;2;48;2;164;2;2m"[38;2;217;3;3;48;2;185;2;2m-[38;2;215;3;3;48;2;182;2;2m-[38;2;162;0;1;48;2;181;2;3m:[0m[38;2;103;4;5m▌[38;2;82;0;0;48;2;143;2;3mL[38;2;169;2;4;48;2;79;3;3m▌[0m[7m[38;2;110;1;3m▌[38;2;140;2;3m~[0m[38;2;150;0;1;48;2;170;2;3mc[38;2;174;2;3;48;2;146;2;4m'[0m [38;2;80;4;5m'   [0m
[38;2;123;6;5m`[38;2;129;8;6m`   [0m  [38;2;85;2;3m▀[0m [7m[38;2;78;74;65m▀[38;2;51;55;57m▀[0m[38;2;98;99;93mg[38;2;144;2;4m"[7m[38;2;58;51;41m▌[38;2;114;107;109m▀[38;2;77;76;86m▀[0m[38;2;73;0;2;48;2;145;1;2m_[38;2;137;0;3;48;2;177;1;3m_[38;2;139;0;2;48;2;179;1;3m_[38;2;145;0;2;48;2;182;2;2m_[38;2;133;1;2;48;2;164;3;3m"[38;2;72;0;0;48;2;160;2;3m-[38;2;149;0;1;48;2;183;1;3m_[0m[7m[38;2;134;2;3m`[0m[38;2;137;1;3m_[0m [38;2;199;4;4;48;2;145;1;3m:[38;2;198;3;4;48;2;171;2;3m:[38;2;154;0;2;48;2;186;1;4m~[38;2;155;0;1;48;2;193;2;3m_[38;2;157;0;1;48;2;196;2;2m_[38;2;158;0;1;48;2;196;2;3m_[38;2;159;0;2m_[38;2;157;0;1;48;2;197;2;3m_[38;2;155;0;3;48;2;195;2;2m_[0m[7m[38;2;147;3;4my[38;2;144;3;4m^[0m[38;2;130;3;5m▀[38;2;78;1;3;48;2;176;2;2m▀[38;2;208;4;4;48;2;182;1;3m:[38;2;159;0;2;48;2;194;1;3m_[38;2;158;0;3;48;2;193;1;3m_[38;2;155;0;2;48;2;191;2;3m_[38;2;153;0;1;48;2;189;2;3m_[38;2;149;0;1;48;2;187;2;2m_[38;2;144;0;0;48;2;186;2;2m_[38;2;143;0;0;48;2;182;2;2m_[38;2;141;0;0;48;2;182;2;3m_[0m[38;2;101;4;6m▌[38;2;188;5;2;48;2;160;1;2m:[0m[38;2;123;3;4m▌[0m [38;2;178;3;5;48;2;143;1;3m:[0m[7m[38;2;159;2;4m_[0m[38;2;134;3;4m▀[0m [38;2;0;0;0m    [0m
 [38;2;0;0;0m   [38;2;134;3;6ml  [38;2;113;103;79m_[7m[38;2;108;105;96m▀[0m[38;2;90;84;83;48;2;115;113;109mz[38;2;90;84;85;48;2;115;113;111mz[38;2;91;84;84;48;2;115;113;110mz[38;2;48;51;56;48;2;115;112;110m▀[38;2;73;61;48;48;2;95;90;84m^[38;2;98;85;84;48;2;122;114;112mz[38;2;102;86;85;48;2;123;115;115mz[0m[7m[38;2;93;29;35ml[0m[38;2;200;5;4;48;2;172;2;2m-[0m[7m[38;2;147;3;4my[0m[38;2;208;5;5;48;2;178;2;3m-[38;2;192;3;3;48;2;167;3;4m'[38;2;116;0;0;48;2;168;2;3m,[38;2;217;5;6;48;2;185;2;2m-[38;2;216;5;9m-[38;2;216;5;6;48;2;184;2;3m-[38;2;178;3;5;48;2;93;2;2m▌[38;2;196;3;4;48;2;179;2;3m'[38;2;217;5;7;48;2;187;2;3m-[38;2;219;5;6;48;2;190;2;2m-[38;2;221;4;6;48;2;191;1;2m-[38;2;203;2;2;48;2;175;2;4m'[38;2;93;0;1;48;2;165;2;4mr[38;2;222;4;5;48;2;192;2;3m-[38;2;221;3;4;48;2;191;1;3m-[38;2;200;3;3;48;2;142;3;4m'[0m[38;2;114;2;4m~[7m[38;2;162;2;2m▀[0m[38;2;123;2;4;48;2;177;2;3m~[38;2;222;2;4;48;2;190;1;3m-[38;2;226;4;5;48;2;192;2;3m-[38;2;226;4;6;48;2;193;2;2m-[38;2;225;4;5;48;2;194;1;2m-[38;2;204;2;3;48;2;190;2;3m,[0m[38;2;182;2;2m▀[38;2;133;3;4m▀[38;2;172;7;6m~[38;2;124;3;3m▀[38;2;97;2;6;48;2;152;2;3m_[0m[38;2;144;5;6m▌[38;2;139;5;5m▌[7m[38;2;96;1;2m▀[0m[38;2;103;1;3;48;2;132;2;4m^[0m[38;2;119;4;5m▀[7m[38;2;128;4;5m▀[0m [38;2;0;0;0m     [0m
 [38;2;0;0;0m  [0m [38;2;144;1;2m▌[38;2;83;1;1m_ [38;2;91;87;78m▀[38;2;76;85;94m▀[38;2;58;73;84m~[38;2;103;116;123m`[38;2;117;127;135m`[38;2;84;91;97m~[7m[38;2;91;91;90m=[38;2;91;89;87m_[38;2;105;104;104m-[38;2;116;1;2m▌[0m[38;2;138;0;0;48;2;170;2;2m_[0m[38;2;107;4;5m▌[38;2;195;3;5;48;2;164;2;3m:[0m[38;2;174;3;3m▌[38;2;196;2;5;48;2;145;1;2m:[38;2;154;0;0;48;2;188;2;3m_[38;2;157;0;1;48;2;189;2;2m__[38;2;155;0;1;48;2;187;2;2m__[38;2;201;3;3;48;2;176;2;4m:[0m[7m[38;2;135;2;3m[[0m[38;2;152;0;0;48;2;185;2;3m_[0m[38;2;95;3;4m▌[38;2;204;2;2;48;2;179;2;4m:[38;2;156;0;1;48;2;191;2;3m_[38;2;159;0;1;48;2;191;1;3m_[38;2;80;2;3;48;2;142;2;4m"[0m[7m[38;2;110;1;2m▌[0m[38;2;150;0;0;48;2;189;2;3m_[38;2;159;0;1;48;2;192;2;3m-[38;2;158;0;0m_[38;2;156;0;0;48;2;193;2;3m_[38;2;163;0;1;48;2;195;2;3m_[0m[38;2;201;2;4m▀[38;2;137;8;9m`    [7m[38;2;94;1;3m▌[0m[38;2;185;4;2;48;2;144;3;3m:[0m [38;2;186;4;5;48;2;144;1;2m:[0m[38;2;86;3;4m▌[38;2;96;0;2;48;2;153;1;3m"[0m[38;2;142;7;8m▌      [0m
   [7m[38;2;120;1;2m'[0m[38;2;164;4;2;48;2;136;2;2m'[0m[38;2;150;3;4m▌ [0m [38;2;84;61;32m`[7m[38;2;80;78;75m~[38;2;91;99;101m▀[38;2;101;99;87m▌[0m[38;2;122;121;114;48;2;90;95;96m'[38;2;45;44;42;48;2;82;91;93mx[0m[7m[38;2;66;70;69m▀[38;2;77;78;78m=[0m [38;2;140;1;4m▀[38;2;114;4;5m▌[7m[38;2;173;2;4m▌[0m[38;2;92;2;5;48;2;157;2;3m"[38;2;169;1;2;48;2;185;2;4mW[38;2;169;1;1;48;2;187;2;3mL[38;2;188;1;3;48;2;159;3;4m▀[38;2;170;2;3;48;2;191;2;4mW[38;2;173;1;2;48;2;189;2;3mL[38;2;175;1;2;48;2;188;2;3mW[38;2;198;4;4;48;2;141;3;4m'[0m[7m[38;2;79;1;2m▌[0m[38;2;199;3;3;48;2;171;2;4m'[0m[38;2;88;4;6m_[38;2;200;3;3;48;2;168;2;4m'[38;2;173;1;2;48;2;191;2;3mL[38;2;180;2;3;48;2;194;2;4mW[38;2;178;1;2;48;2;195;2;3mL[38;2;207;2;3;48;2;187;1;3m=[38;2;177;1;1;48;2;195;2;3mL[48;2;194;2;4mL[38;2;175;1;1;48;2;191;2;3mL[0m[7m[38;2;164;2;3m_[0m[38;2;111;5;6m▀      [7m[38;2;94;1;2m▌[0m[38;2;161;1;2;48;2;175;2;2mW[0m[38;2;154;4;5m▌[38;2;72;1;2;48;2;174;2;3m▌[0m[38;2;148;3;4m▌[7m[38;2;139;1;2m,[0m[38;2;186;2;4m▌      [0m
 [38;2;118;4;5m\[38;2;86;5;8m.[38;2;166;3;2;48;2;149;2;3m:[38;2;164;3;3;48;2;145;1;3mz[38;2;71;1;2;48;2;116;2;4m"[0m  [38;2;112;109;103;48;2;53;51;50mt[0m[7m[38;2;99;99;100m▀[38;2;68;77;80m*[38;2;73;90;97m▌[0m[38;2;51;55;58;48;2;64;74;74mM[0m[38;2;51;80;107m`[38;2;98;4;5mn[38;2;80;76;59m`[38;2;97;97;90m▌  [7m[38;2;123;2;3m▌[38;2;165;2;3m_[38;2;161;2;3m_[0m[38;2;181;1;3;48;2;65;1;2m▀[0m[7m[38;2;131;2;4m*[0m[38;2;147;0;1;48;2;182;1;3m_[0m[7m[38;2;142;3;4m_[38;2;178;2;3m▌[0m[38;2;152;0;0;48;2;179;2;3m-[0m [38;2;156;2;3m`[7m[38;2;141;2;3m_[38;2;92;1;2m=[38;2;162;2;3m_[0m[38;2;132;0;2;48;2;185;1;3m_[38;2;144;0;0;48;2;187;2;3m_[38;2;147;0;0;48;2;186;2;3m_[38;2;140;0;1;48;2;184;2;3m_[0m[7m[38;2;158;3;4m_[0m[38;2;125;3;5m▀[0m [38;2;82;2;4m▌      [7m[38;2;164;1;3m▌[0m[38;2;182;2;3;48;2;168;1;2mc[38;2;77;1;2;48;2;148;3;4mj[38;2;144;0;0;48;2;177;1;3m_[0m[7m[38;2;134;3;4m_[0m[38;2;126;8;7m,[38;2;212;0;1;48;2;198;2;4m:[0m [38;2;0;0;0m     [0m
  [7m[38;2;77;2;4m▌[0m[38;2;87;0;0;48;2;137;2;3m\[38;2;167;2;3;48;2;175;2;3m^[38;2;167;2;2;48;2;176;2;3m^[0m[7m[38;2;150;4;5m▀[0m [38;2;0;0;0m [38;2;97;91;82m~[38;2;82;94;97m▀[7m[38;2;94;102;95m▌[0m[38;2;50;49;41;48;2;72;78;81mt[0m[7m[38;2;63;64;61m▀[0m[38;2;135;145;138m_[7m[38;2;62;69;64m▀[0m[38;2;51;51;60;48;2;89;93;89mJ[0m[38;2;42;66;76mr[0m  [38;2;42;42;35m [38;2;100;5;8ms[7m[38;2;120;2;3m▀[38;2;133;3;3m-[38;2;143;3;4m=[38;2;188;2;4m▀[0m[38;2;206;3;4;48;2;189;2;4m,[38;2;184;2;3;48;2;194;3;4m^[38;2;209;4;5;48;2;176;3;3m,[0m[7m[38;2;190;3;3m▀[0m[38;2;206;5;4m_[38;2;150;5;7m~[38;2;151;7;8m~[38;2;91;2;2m▀[38;2;128;2;3m▀[38;2;115;3;3m▀[38;2;148;11;9m` [38;2;96;2;2m▀[38;2;132;7;9m=[38;2;97;5;6m~     [7m[38;2;113;2;4m▀[0m[38;2;193;3;3;48;2;179;2;4m,[38;2;86;3;4;48;2;157;3;4my[0m[7m[38;2;148;3;4m'[0m[38;2;199;3;3;48;2;181;2;3m,[0m[7m[38;2;146;2;4m`[0m[38;2;97;5;5m▌[38;2;207;1;2;48;2;158;3;5m'[0m [38;2;0;0;0m     [0m
  [7m[38;2;142;1;4m▌[0m[38;2;144;0;3;48;2;158;1;2m'[38;2;174;1;3;48;2;164;1;2md[38;2;69;0;1;48;2;152;2;3m_[0m[38;2;81;4;4m^[38;2;61;50;38my[38;2;41;40;45m_[7m[38;2;64;60;51m▌[0m[38;2;65;75;79m▌[7m[38;2;55;56;47m▌[38;2;73;78;79m=[0m[38;2;93;99;94m▀[38;2;92;98;97m=[38;2;89;89;81m▀[38;2;134;139;134;48;2;110;111;107m:[0m[38;2;50;75;95m▌[7m[38;2;98;86;71m▌[0m[38;2;49;60;79;48;2;105;110;112m_[0m [7m[38;2;124;2;2m▀[0m[38;2;170;2;3m▀[7m[38;2;136;2;3mr[0m[38;2;190;2;3;48;2;179;1;3md[38;2;195;1;3;48;2;184;1;2md[38;2;198;2;2;48;2;187;1;1md[38;2;200;1;3;48;2;188;1;2mb[38;2;201;1;3;48;2;189;1;3mb[38;2;152;0;1;48;2;195;1;3m_[38;2;156;0;0;48;2;193;1;2m_[38;2;177;1;1;48;2;142;1;3m'[0m[38;2;140;6;9mL[38;2;150;2;3;48;2;77;2;2m=[0m[7m[38;2;135;2;3m▀[38;2;109;2;2m▀[0m[38;2;114;1;4m_      [0m [7m[38;2;78;1;2m▀[38;2;163;1;3m▀[38;2;161;2;3m_[38;2;140;2;3m=[0m[38;2;99;0;1;48;2;171;1;3m~[38;2;138;0;0;48;2;185;1;2m_[38;2;188;2;2;48;2;175;1;2mb[0m[38;2;168;2;3m▌[0m  [38;2;35;29;22m      [0m
  [38;2;147;2;3m▀[38;2;181;2;5;48;2;164;2;3m'[0m[7m[38;2;138;2;3m_[0m[38;2;113;15;16m'[0m [7m[38;2;98;88;81m_[0m[38;2;130;127;127;48;2;111;110;111m'[0m[7m[38;2;115;117;118m▀[38;2;98;101;103m▀[0m[38;2;130;136;133m_[38;2;85;84;82m▀[38;2;98;100;96m▀[38;2;113;124;121m=[38;2;90;91;86m▀[38;2;104;104;83m_[38;2;134;141;127m_[38;2;139;147;142m_[7m[38;2;58;60;57m▀[0m   [38;2;115;2;3m▀[38;2;135;4;7m~[38;2;99;1;2;48;2;150;2;3mw[38;2;207;3;6;48;2;191;2;4m'[38;2;210;2;6;48;2;194;2;4m'[38;2;210;3;6;48;2;195;2;4m'[38;2;86;1;1;48;2;172;3;4m7[0m[7m[38;2;126;3;5m=[0m[38;2;186;2;4;48;2;79;2;3m▀[38;2;91;5;6;48;2;165;3;3m`[38;2;102;1;2;48;2;146;3;4mM[0m[38;2;147;4;5m=[38;2;85;2;2;48;2;124;3;4m▀[0m[7m[38;2;148;2;3mr[38;2;136;2;3m-[38;2;118;2;3m`[38;2;119;3;3m~[0m[38;2;159;4;3ms[38;2;157;3;4ms[7m[38;2;120;3;3m`[0m[38;2;182;4;4;48;2;144;3;4m,[0m[7m[38;2;156;2;3m=[0m[38;2;90;5;7;48;2;146;3;4m^[38;2;107;1;5;48;2;167;3;3m~[0m[7m[38;2;157;3;4m_[0m[38;2;143;3;5m▀[38;2;85;0;2;48;2;153;2;4m^[38;2;194;4;4;48;2;162;3;4m'[0m[38;2;79;4;6m^[0m [7m[38;2;85;76;67m_[0m[38;2;55;55;56;48;2;117;114;113m▀[0m[38;2;103;114;123m_    [0m
[7m[38;2;106;1;3m▀[0m[38;2;60;2;2m,[0m [38;2;104;0;3m~[7m[38;2;84;2;3m_[0m [7m[38;2;59;52;40m▌[0m[38;2;43;35;33;48;2;98;96;95m_[0m[7m[38;2;95;97;94mT[38;2;65;70;71m_[38;2;75;77;75m_[38;2;90;93;92m-[38;2;90;88;87m,[0m[38;2;113;114;113;48;2;104;101;100mW[38;2;106;109;111;48;2;103;100;94md[38;2;107;110;111;48;2;107;103;97md[38;2;96;97;94;48;2;109;109;106m,[38;2;117;117;113;48;2;107;109;106m^[38;2;114;115;112;48;2;101;105;104mW[0m[7m[38;2;80;90;97m_[0m [7m[38;2;73;66;57m▀[0m[38;2;85;94;97m▌[7m[38;2;86;3;4m▌[0m[38;2;124;7;8m'[38;2;101;0;1m_[7m[38;2;72;2;3m$[0m[38;2;189;1;4;48;2;181;1;3mC[38;2;194;1;3;48;2;187;1;2m|[38;2;168;0;0;48;2;189;1;2m`[0m[7m[38;2;174;1;3m`[38;2;183;2;4m▀[0m[38;2;103;0;1m~[38;2;175;1;3m▀[38;2;92;0;2;48;2;175;1;3m_[0m[7m[38;2;149;2;3m~[38;2;140;2;5m▀[0m[38;2;126;2;2m▀[38;2;167;1;2m▀[7m[38;2;152;2;2m_[38;2;164;1;2m__[38;2;152;2;2m_[38;2;135;2;3m_[0m[38;2;170;1;1m▀[38;2;159;2;2m▀[38;2;104;0;3m_[7m[38;2;159;1;3m▀[0m[38;2;152;0;1;48;2;161;1;2m:[0m[7m[38;2;130;2;2m_[0m[38;2;66;5;5m^ [7m[38;2;92;85;81m▌[38;2;99;98;100m▀[0m[38;2;97;92;95m`[7m[38;2;96;95;92m_[38;2;89;96;101m▀[0m [38;2;0;0;0m  [0m
 [38;2;85;5;7m~[38;2;142;5;8m_[38;2;151;9;10m_ [38;2;84;14;12m'[7m[38;2;116;3;4m▌[0m[38;2;81;4;4my[38;2;72;71;68m▀[38;2;101;102;100m▀[38;2;123;126;120m=[7m[38;2;88;89;83m_[38;2;84;89;89m_[38;2;77;82;82m_[38;2;78;84;83m_[0m[38;2;72;78;77m▀[38;2;84;94;95m~[38;2;104;120;131m`[0m [38;2;136;145;146m_[0m [7m[38;2;98;94;89m_[0m[38;2;105;110;116m▌[0m [38;2;0;0;0m [7m[38;2;109;3;5mW[0m[38;2;60;3;3m^[38;2;177;2;4;48;2;194;3;4mM[38;2;213;3;4;48;2;195;2;3m'[38;2;216;3;4;48;2;198;2;3m'[48;2;199;2;3m'[38;2;217;4;4;48;2;198;2;3m'[38;2;209;0;3;48;2;182;3;4m:[0m[7m[38;2;190;3;4m▀[0m[38;2;187;8;7m_[38;2;153;2;3m▀[38;2;121;1;3;48;2;172;2;4m,[38;2;198;5;6;48;2;181;3;5m'[0m[7m[38;2;185;3;4m▀[38;2;162;2;3m▀[38;2;120;1;2m▀[0m[38;2;196;7;9m_[38;2;194;7;9m_[7m[38;2;172;4;5m▀[38;2;179;4;4m▀[38;2;145;3;3m`[0m[38;2;176;2;4m▀[38;2;130;117;105;48;2;82;6;7m_[0m[38;2;145;13;11m`[7m[38;2;113;107;98m▀[0m[38;2;143;139;130;48;2;117;113;110m'[0m[7m[38;2;86;90;92m▀[0m [38;2;85;81;75m▀[38;2;71;84;98;48;2;94;98;98m"[0m[38;2;80;99;108m_[7m[38;2;105;106;100m▌[0m[38;2;100;111;115m▌[0m [38;2;0;0;0m [0m
 [38;2;0;0;0m [38;2;89;0;2m`[38;2;135;2;3m▀[38;2;73;3;4m▌ [0m [38;2;84;2;3m▀          [7m[38;2;100;99;87m▌[0m[38;2;113;116;113;48;2;103;106;104m^[38;2;31;34;42;48;2;96;102;101m`[0m[38;2;34;48;59m▌[38;2;106;111;118;48;2;107;102;92m.[0m[7m[38;2;108;102;100m`[0m[38;2;78;86;89m▌[0m [7m[38;2;170;1;3m▀[0m[38;2;161;0;0;48;2;177;2;3m:[38;2;73;0;2;48;2;172;2;3m_[38;2;197;1;3;48;2;185;2;3mT[48;2;184;2;3mT[38;2;168;0;1;48;2;182;2;3m:[0m[7m[38;2;158;2;3m_[0m[38;2;181;1;2m▀[38;2;161;1;5;48;2;175;2;2m,[0m[38;2;130;3;3m▌[0m [38;2;155;1;3m▀[7m[38;2;164;2;3m_[0m[38;2;165;1;1;48;2;180;2;3mg[38;2;190;1;3;48;2;177;1;3mT[38;2;188;1;3;48;2;176;1;3mT[38;2;185;2;3;48;2;174;1;2mM[38;2;182;2;2;48;2;171;1;2mM[38;2;161;1;1;48;2;173;2;2mg[0m[38;2;98;4;5m▌[7m[38;2;99;84;73m`[0m[38;2;127;114;109;48;2;113;103;102m^[0m[7m[38;2;101;99;98m▀[0m[38;2;63;58;55m`[38;2;107;104;102m▀[38;2;113;115;110;48;2;102;103;101mW[0m[38;2;72;84;86m▌[38;2;74;68;59m_[7m[38;2;74;73;63m▌[0m[38;2;83;88;96;48;2;92;99;100m,[0m [38;2;109;103;91;48;2;110;116;117m▌[0m [38;2;17;26;40m [0m
 [38;2;0;0;0m   [38;2;90;3;5m~        [0m [7m[38;2;98;93;82m▀[0m[38;2;63;58;46;48;2;109;105;99m~[0m[7m[38;2;105;103;97m`[38;2;106;106;100m`[0m[38;2;107;111;108;48;2;116;123;120mM[0m[7m[38;2;89;95;97m_[0m[38;2;107;119;121m▀[7m[38;2;104;100;88m▌[0m[38;2;136;142;137;48;2;120;120;117m,[38;2;139;144;140;48;2;112;117;119m,[0m [38;2;128;3;5m`[38;2;149;3;4m▀[7m[38;2;154;2;3m▀[0m[38;2;111;0;1;48;2;180;2;3m~[38;2;204;3;4;48;2;187;2;3mg[38;2;206;6;8;48;2;149;3;4m:[0m[38;2;162;10;7m` [38;2;171;2;5m_[38;2;211;2;4;48;2;165;3;4m:[0m[38;2;110;3;3m▌[0m [38;2;183;5;7m_[38;2;182;6;6m_[38;2;190;4;6m_[7m[38;2;97;2;3m*[0m[38;2;171;2;3m▀[38;2;79;4;4;48;2;165;2;3m_[38;2;192;3;4;48;2;175;2;3mg[38;2;175;3;4;48;2;77;5;5m▌[0m [38;2;117;108;101m▀[38;2;137;135;119;48;2;115;110;105m:[38;2;108;102;101;48;2;119;118;114m^[38;2;135;140;132;48;2;108;112;112m,[0m[7m[38;2;90;101;107m▀[0m[38;2;71;90;85m~[38;2;112;94;54m`[38;2;115;116;115m▀[7m[38;2;89;88;90m`[38;2;110;114;119m▀[0m[38;2;51;45;31;48;2;92;96;98m~[0m[38;2;97;108;113m▀[0m [38;2;0;0;0m [0m
 [38;2;0;0;0m            [7m[38;2;82;79;70m`[38;2;81;89;97m_[0m[38;2;79;81;85m▀[38;2;91;93;95m▀[38;2;105;103;105m▀[38;2;98;94;90;48;2;79;90;96m'[0m[7m[38;2;91;86;75m▀[38;2;95;96;96m~[0m[38;2;94;92;92;48;2;104;105;107m'[38;2;117;117;115;48;2;106;107;108m^[38;2;90;97;105;48;2;82;89;94m:[0m [38;2;107;4;6m^[7m[38;2;145;1;3m▌[0m[38;2;158;0;2;48;2;175;2;3mg[38;2;165;1;1;48;2;180;2;3mg[38;2;153;0;0;48;2;173;2;3m:[0m[38;2;129;3;3m▌ [38;2;115;2;4m4[38;2;136;3;5m▀[38;2;122;0;3m_[7m[38;2;154;1;4m▀[0m[38;2;98;0;2;48;2;146;2;3m~[0m[38;2;161;2;3m▀[38;2;162;1;3m▀[38;2;163;2;3m▀[7m[38;2;139;2;3m_[38;2;146;2;3m`[38;2;92;2;3m▀[38;2;156;2;3m▌[0m[38;2;73;4;5m▌  [0m [38;2;100;98;94m▀[38;2;92;102;108m▀[7m[38;2;60;61;57mF[38;2;101;103;100m▀[38;2;65;67;66m▀[0m[38;2;90;80;64m_[38;2;94;81;63m_[38;2;44;43;43;48;2;107;102;101m▀[0m[38;2;74;81;84m▌   [0m
 [38;2;0;0;0m        [38;2;72;5;6mr   [38;2;132;129;113m`[7m[38;2;84;82;74m▀[0m[38;2;107;108;104;48;2;116;119;117mM[38;2;108;109;108;48;2;116;120;120mM[38;2;50;55;59;48;2;103;112;116m▀[0m[38;2;42;51;66m`[7m[38;2;81;86;84m=[38;2;67;73;74m\[0m[38;2;97;108;115;48;2;51;52;50m▀[0m[7m[38;2;85;90;92m*[0m[38;2;117;116;116m▀[38;2;75;79;83m▌[0m [38;2;0;0;0m [38;2;147;5;10m`[7m[38;2;112;2;3m=[38;2;111;2;2m▀[0m[38;2;158;2;2m_[7m[38;2;105;2;2m▀[38;2;145;2;2m▀[38;2;141;2;2m~[38;2;139;3;4m_[0m[38;2;124;3;4m▀[7m[38;2;75;66;55m▀[38;2;106;96;91m~[0m[38;2;146;137;127;48;2;118;108;102m:[38;2;65;63;60;48;2;112;104;103m`[0m[7m[38;2;110;108;113m▀[0m[38;2;176;4;8m`[38;2;187;5;5;48;2;146;3;4m:[0m  [38;2;0;0;0m     [38;2;85;86;75m~[38;2;111;114;109m▀[7m[38;2;85;89;88m_[38;2;96;100;100m_[38;2;88;93;94m_[0m[38;2;105;112;115m▀[38;2;21;40;74m'   [0m
 [38;2;0;0;0m          [0m [7m[38;2;60;55;48m▀[38;2;111;110;109m▀[0m[38;2;119;119;118;48;2;102;100;101mR[38;2;120;122;120;48;2;103;102;103mR[38;2;121;124;121;48;2;105;104;105mR[48;2;99;104;107mR[0m[38;2;34;52;66m▌[7m[38;2;93;98;94m_[38;2;65;78;85m_[38;2;73;73;68m_[0m[38;2;55;64;71m▀[7m[38;2;98;94;89m_[38;2;57;60;63mj[38;2;70;78;83m_[0m[38;2;0;0;0m [0m [38;2;159;2;2m▀[7m[38;2;129;2;2m_[38;2;131;2;2m_[0m[38;2;163;1;2m▀[38;2;151;2;2m▀[38;2;127;7;7m~  [7m[38;2;84;75;67m▌[0m[38;2;93;84;89;48;2;115;106;103m:[38;2;127;120;117;48;2;109;100;100mR[38;2;125;120;118;48;2;108;100;100mR[38;2;124;121;118;48;2;107;101;100mR[38;2;34;37;41;48;2;99;99;100m`[0m[7m[38;2;98;41;43m=[0m[38;2;66;2;4mM[0m [38;2;65;5;5m               [0m
 [38;2;0;0;0m       [38;2;93;92;80m_[7m[38;2;83;80;75m▀[38;2;111;108;107m▀[0m[38;2;61;59;48;48;2;109;104;101m~[38;2;106;105;110;48;2;119;116;117mR[38;2;106;105;111;48;2;119;116;118mR[38;2;107;106;110;48;2;120;117;118mR[38;2;108;108;111;48;2;119;119;119mR[0m[7m[38;2;93;102;105m_[0m[38;2;54;71;80m▀[38;2;60;72;82m_                [0m [7m[38;2;80;88;85m▀[0m[38;2;144;133;108m`[38;2;119;115;111m▀[38;2;142;141;128;48;2;111;109;107m:[38;2;106;107;109;48;2;119;119;116mR[38;2;103;107;111;48;2;119;119;115mT[38;2;109;109;107;48;2;116;119;117mM[38;2;43;48;52;48;2;100;104;104m`[0m[7m[38;2;107;112;112m▀[38;2;85;88;86m▀[0m[38;2;101;111;119m_[0m [38;2;5;5;5m            [0m
 [38;2;0;0;0m   [0m [38;2;91;90;80m*[7m[38;2;63;65;61m_[0m[38;2;28;31;35;48;2;89;92;90m_[38;2;113;115;113;48;2;90;91;93mR[38;2;115;114;114;48;2;91;91;94mR[0m[7m[38;2;101;99;101m_[38;2;102;98;99m_[38;2;99;95;95m_[0m[38;2;111;103;101m▀[38;2;95;96;99m▀[38;2;53;65;75m~ [0m [38;2;86;75;78;48;2;108;106;102m:[0m[7m[38;2;96;94;95m▀[0m [38;2;103;85;62m_[38;2;83;76;74m_[7m[38;2;62;63;65m▀[0m [38;2;101;0;5m_[38;2;170;4;8m_[38;2;177;2;6m_[38;2;181;3;6m_[38;2;172;3;6m_[0m  [7m[38;2;72;64;62m▀[0m[38;2;61;68;73m_[38;2;97;76;54m_[38;2;61;55;43;48;2;119;114;105m▀[38;2;87;92;96;48;2;99;111;115mz[0m [38;2;0;0;0m [0m [38;2;73;69;65m▀[38;2;103;100;98m▀[7m[38;2;90;90;87m_[38;2;101;101;99m_[0m[38;2;92;88;87;48;2;110;111;107mz[38;2;91;87;86;48;2;113;113;109mz[38;2;90;87;87;48;2;112;112;109mz[38;2;66;58;51;48;2;104;105;103m`[0m[7m[38;2;90;93;93m`[38;2;72;76;75m~[0m[38;2;103;109;103m*[38;2;34;48;57m=        [0m
 [38;2;0;0;0m          [0m [7m[38;2;112;1;2m~[0m[38;2;87;2;5;48;2;148;2;3m`[0m[38;2;94;3;3m▌  [0m [7m[38;2;107;101;98m_[38;2;114;108;108m_[0m[38;2;88;92;96m▌[38;2;145;1;2m_[7m[38;2;142;2;2m▀[38;2;140;6;8m~[0m[38;2;86;0;1;48;2;162;1;2m~[38;2;150;2;2;48;2;169;2;3m~[0m[7m[38;2;170;2;3m_[38;2;171;2;3m_[0m[38;2;73;3;2;48;2;173;2;3m_[38;2;194;3;4;48;2;166;2;3mz[38;2;140;3;2;48;2;169;2;3m~[0m[7m[38;2;151;2;3m~[38;2;159;1;2m▀[38;2;102;2;3m▀[0m[38;2;102;90;76m▀[38;2;125;118;115m▀[38;2;90;98;107m▀  [0m [38;2;193;3;5;48;2;148;1;2m:[0m[7m[38;2;133;2;3m`[0m [38;2;0;0;0m [0m [38;2;97;111;119m`[38;2;107;124;134m`[38;2;93;111;122m`[0m [38;2;16;21;24m           [0m
 [38;2;0;0;0m           [38;2;62;0;0m"[7m[38;2;127;2;2m_[0m[38;2;187;5;6;48;2;154;2;3m-[0m[7m[38;2;149;2;3m`[38;2;128;2;2m~[38;2;167;2;3m▀[38;2;169;2;4m▀[38;2;138;1;3m~[0m[38;2;146;0;1;48;2;159;2;3m:[0m[7m[38;2;148;2;3m_[0m[38;2;152;2;3m▀[38;2;110;3;3m▀[38;2;108;5;7m~[0m  [38;2;0;0;0m [38;2;73;1;0m_[38;2;80;1;3m_[38;2;106;2;3m▀[38;2;161;2;3m▀[7m[38;2;147;2;3m_[0m[38;2;147;2;3;48;2;167;2;3m;[38;2;147;0;0;48;2;168;2;3m:[0m[7m[38;2;144;2;2m`[38;2;170;2;3m▀▀[0m[38;2;110;2;2;48;2;155;2;2m~[38;2;191;4;5;48;2;159;2;3m-[0m[7m[38;2;132;3;4m_[0m[38;2;79;10;9m'                  [0m
 [38;2;0;0;0m             [38;2;148;4;6m`[38;2;126;2;2m▀[38;2;163;2;3m▀[38;2;165;2;3m▀[38;2;153;3;4m▀[7m[38;2;131;2;2m=[0m[38;2;76;2;3;48;2;159;2;2m▀[0m[7m[38;2;119;3;4m~[0m[38;2;107;12;9m`[7m[38;2;151;1;2m▀[38;2;154;1;2m`[0m[38;2;188;2;2;48;2;163;1;3mz[0m[7m[38;2;152;2;3m`[38;2;146;1;2m~[0m[38;2;198;3;2;48;2;172;2;2m:[38;2;191;3;2;48;2;168;2;3mz[0m[7m[38;2;147;2;2m`[0m[38;2;135;4;5m,[7m[38;2;122;1;2m`[38;2;140;2;3m~[0m[38;2;74;1;2;48;2;125;1;2mY[0m[7m[38;2;136;2;4m-[0m[38;2;166;3;3m▀[38;2;156;3;3m▀[38;2;155;2;3m▀[38;2;113;2;3m~[0m [38;2;0;0;0m                   [0m
 [38;2;0;0;0m                 [0m [38;2;145;2;3m▀[38;2;143;3;4m▀[7m[38;2;154;2;3m▀[0m[38;2;150;0;0;48;2;169;2;4m:[38;2;162;1;1;48;2;186;2;3mz[38;2;166;1;1;48;2;189;3;3mz[38;2;168;1;1;48;2;192;2;3mz[38;2;170;1;1;48;2;193;3;4mzzz[38;2;169;1;1mz[38;2;166;1;1;48;2;190;3;3mz[38;2;201;3;6;48;2;170;3;3m'[0m[38;2;167;6;9m_[38;2;169;2;2m▀[38;2;145;2;4m▀[0m [38;2;69;4;4m                        [0m
 [38;2;0;0;0m                   [0m [38;2;117;1;2m▀[7m[38;2;136;1;2m_[0m[38;2;74;0;2;48;2;165;2;3m_[38;2;128;0;0;48;2;169;1;3m_[38;2;132;0;0;48;2;171;2;2m_[38;2;181;4;3;48;2;149;2;2m:[38;2;180;2;4;48;2;148;1;2m:[38;2;134;0;0;48;2;171;2;2m_[38;2;130;0;2;48;2;170;2;3m_[38;2;61;1;1;48;2;164;2;2m_[0m[38;2;170;2;2m▀[38;2;106;4;5m▀                           [0m
