[0m [38;2;0;0;0m                                         [0m  [38;2;0;0;0m                [0m
 [38;2;0;0;0m                                       [0m [7m[38;2;93;0;2m▀[38;2;137;1;3m~[0m [38;2;0;0;0m           [0m [38;2;69;4;5m_   [0m
 [38;2;0;0;0m                                  [0m [7m[38;2;114;2;2m▀[38;2;131;2;3m▀[38;2;107;2;3m~[38;2;103;2;3m~[0m[38;2;126;1;2m▀[38;2;150;3;3m▀[38;2;120;8;12m`     [0m [38;2;0;0;0m       [7m[38;2;99;2;3m▌[0m [38;2;0;0;0m  [0m
 [38;2;0;0;0m   [0m [38;2;70;6;10m,                            [0m [38;2;93;2;4;48;2;126;1;3m~[38;2;140;0;2;48;2;149;2;3mc[38;2;158;4;4;48;2;131;3;3m'[0m[38;2;113;5;5m~        [0m [7m[38;2;123;4;4m▌[0m [38;2;0;0;0m    [0m [38;2;167;4;6m_[38;2;75;1;2;48;2;121;1;2m"[0m[38;2;140;3;4m▌  [0m
 [38;2;0;0;0m   [38;2;59;0;0m_[38;2;112;3;5m▌                            [7m[38;2;93;1;3m▌[0m[38;2;162;2;2;48;2;147;1;2mW[38;2;161;2;2;48;2;146;1;2mW[0m[38;2;142;3;3m▌ [0m [38;2;0;0;0m      [0m [7m[38;2;111;1;2m~[0m[38;2;137;2;3m▌    [7m[38;2;111;1;2m▀[38;2;119;2;3m_[0m[38;2;143;1;2m▀[38;2;152;2;3m▀[38;2;93;2;4m~  [0m
 [38;2;0;0;0m  [0m [7m[38;2;92;3;4mW[0m [38;2;0;0;0m                      [38;2;94;4;7m-[0m [38;2;0;0;0m   [7m[38;2;89;1;3m▀[0m[38;2;174;2;3;48;2;152;2;2m,[38;2;158;2;2;48;2;168;2;3mW[38;2;160;1;2;48;2;167;2;3md[0m[38;2;142;4;5m▌ [0m [38;2;107;9;8m,     [7m[38;2;132;2;4m▌[0m[38;2;149;0;2;48;2;157;2;3mc[0m[38;2;93;4;5m▌   [0m [38;2;113;2;4m▀[0m [38;2;0;0;0m     [0m
 [38;2;0;0;0m  [0m [38;2;88;1;2m▌              [38;2;74;0;0m_ [7m[38;2;96;1;2m▀[0m [38;2;0;0;0m    [0m [7m[38;2;93;2;3m▀[0m [38;2;21;0;0m  [0m [38;2;143;0;2;48;2;156;1;2m'[38;2;146;0;2;48;2;164;1;2m'[38;2;149;0;2;48;2;166;1;2m''[38;2;137;1;5;48;2;151;2;3m'[0m[7m[38;2;159;1;3m▀[38;2;116;1;2m~[0m[38;2;70;2;3m^     [7m[38;2;149;1;3m▌[0m[38;2;148;1;2;48;2;135;2;3m,[0m [38;2;0;0;0m    [0m [38;2;0;0;0m      [0m
 [38;2;0;0;0m  [7m[38;2;115;2;4m▀[0m[38;2;53;0;1;48;2;88;3;5mK[0m[38;2;53;0;1m             [0m [38;2;90;2;4;48;2;126;2;4m~[0m [38;2;159;8;10m`[0m [38;2;0;0;0m    [0m [38;2;92;2;3m▀[38;2;100;4;5;48;2;143;2;3m"[0m[38;2;71;7;7m, [7m[38;2;120;1;2m▌[0m[38;2;199;2;3;48;2;174;2;3m=[38;2;171;1;3;48;2;186;2;3mC[38;2;205;3;3;48;2;179;2;3m=[38;2;204;2;3m=[38;2;201;2;3;48;2;176;2;3m=[38;2;114;5;4;48;2;168;2;3m_[38;2;179;3;3;48;2;133;2;4m,[0m[38;2;86;6;6m_[0m [38;2;174;5;6m_[7m[38;2;117;3;5m▀[0m[38;2;3;0;0m [0m [38;2;170;1;4;48;2;138;2;3m:[0m[38;2;87;3;3m▌  [0m [38;2;67;3;4mr        [0m
 [38;2;0;0;0m  [7m[38;2;89;1;3m▌[0m[38;2;104;2;3m▌[0m [38;2;30;0;0m            [7m[38;2;135;1;4m▌[0m[38;2;158;2;4;48;2;148;1;2m^[38;2;48;2;4;48;2;132;2;3m`[0m[38;2;59;2;1m,     [38;2;82;0;0m_[7m[38;2;148;1;2m▀[0m[38;2;150;0;1;48;2;163;1;2m'[0m[7m[38;2;146;2;2m`[38;2;168;1;2m▀[38;2;131;1;2m'[0m[38;2;181;2;3;48;2;172;1;2m^[38;2;183;2;3;48;2;174;1;2m^[38;2;184;2;3m^[38;2;182;2;3;48;2;173;1;2m^[38;2;180;2;3;48;2;167;2;2m^[0m[7m[38;2;135;1;3m'[0m[38;2;148;1;2;48;2;154;2;3m:[0m[7m[38;2;124;2;3m_[0m[38;2;70;0;0;48;2;146;1;3m`[38;2;59;1;0;48;2;145;2;2m_[0m[38;2;75;3;4m^  [0m   [7m[38;2;81;3;3m▀[0m[38;2;106;2;3m▀[0m [38;2;105;3;4m,       [0m
 [38;2;0;0;0m   [0m [38;2;124;13;8m`[0m [38;2;0;0;0m [0m [38;2;53;3;5m    [38;2;87;3;4m*[38;2;71;3;5m_   [7m[38;2;96;2;3m▌[0m[38;2;155;1;3;48;2;164;2;3mM[38;2;175;3;3;48;2;160;2;2ms[0m[38;2;152;5;6m▌   [0m [7m[38;2;145;1;2m~[0m[38;2;198;3;4;48;2;172;1;3m:[38;2;171;1;3;48;2;185;2;3mT[38;2;196;2;4;48;2;180;2;2mg[38;2;177;1;3;48;2;189;2;2mT[38;2;179;1;3;48;2;191;1;2mT[38;2;180;1;4;48;2;193;2;3mT[38;2;201;2;3;48;2;185;2;2mg[38;2;180;1;3;48;2;192;2;2mT[48;2;191;2;2mT[38;2;197;3;4;48;2;183;2;2ms[38;2;174;2;3;48;2;185;2;3mT[38;2;168;2;3;48;2;179;2;3m7[0m[38;2;113;4;4m▌[0m [38;2;185;3;6;48;2;147;3;4m:[0m [38;2;0;0;0m  [7m[38;2;122;1;2m▀[0m[38;2;103;3;2m▌[0m [38;2;58;0;1m"[0m  [7m[38;2;142;1;2m▌[0m[38;2;138;5;6m▌    [0m [38;2;82;6;7m, [0m
 [38;2;0;0;0m       [38;2;62;2;3;48;2;134;1;2m▀[0m[7m[38;2;97;2;4m▀[0m[38;2;0;0;0m   [0m [38;2;113;1;4m▀[7m[38;2;98;2;4m▀[0m [38;2;0;0;0m  [38;2;157;2;2;48;2;129;1;3m'[38;2;177;1;3;48;2;160;1;2mT[0m[38;2;162;2;2m▌  [38;2;91;0;1my[38;2;154;1;2;48;2;162;1;2m'[38;2;189;1;2;48;2;173;1;1mT[38;2;194;1;4;48;2;178;1;2mT[38;2;199;1;3;48;2;181;1;2mT[38;2;201;1;4;48;2;184;1;2mT[38;2;203;1;4;48;2;186;1;2mT[38;2;207;1;4;48;2;189;1;2mTT[38;2;205;1;4;48;2;187;1;2mT[38;2;203;1;3;48;2;185;1;2mT[38;2;203;1;2mT[38;2;200;1;3;48;2;182;1;2mT[38;2;197;1;4;48;2;177;1;2mT[38;2;191;1;3;48;2;170;2;2mT[0m[38;2;72;3;3m▌[38;2;132;2;3m,[38;2;95;3;4m▌  [7m[38;2;114;1;2m▌[0m[38;2;175;1;2;48;2;160;1;2mT[38;2;152;1;1;48;2;168;1;3ms[0m[38;2;138;3;4m▌  [7m[38;2;109;1;3m▌[0m[38;2;172;1;3;48;2;156;1;2mT[0m[38;2;139;4;5m▌  [0m [7m[38;2;135;1;2m▀[0m[38;2;125;3;3m▌  [0m
 [38;2;0;0;0m [0m  [38;2;43;4;6m [0m [38;2;0;0;0m  [7m[38;2;146;2;3m▌[0m[38;2;178;3;3;48;2;135;3;3m:[0m[38;2;155;5;3m_[0m [38;2;0;0;0m   [0m  [38;2;0;0;0m  [7m[38;2;157;2;4m▌[0m[38;2;183;3;4;48;2;164;2;3mz[38;2;195;3;5;48;2;156;3;3m:[0m [38;2;103;3;4m▌[7m[38;2;136;1;3m▌[0m[38;2;199;3;4;48;2;181;2;3mz[38;2;200;3;4;48;2;184;2;3mg[38;2;202;2;3;48;2;187;2;3mg[38;2;205;2;3;48;2;189;2;2mg[38;2;207;3;3;48;2;190;2;3mg[48;2;192;2;3mg[38;2;206;3;3;48;2;192;2;2mg[38;2;208;3;3mz[38;2;205;3;3;48;2;191;2;2mg[38;2;204;2;3;48;2;190;2;3mg[38;2;203;3;3;48;2;189;2;3mg[38;2;203;3;4;48;2;186;2;2mp[0m[7m[38;2;170;3;4m,[0m[38;2;112;4;3m▌[0m [38;2;136;5;5m▌[0m [38;2;40;2;3m [38;2;120;2;4m_[38;2;87;1;1;48;2;157;1;3m~[38;2;188;3;3;48;2;172;2;3mgg[38;2;200;3;4;48;2;158;3;4m:[0m  [38;2;175;2;3;48;2;140;2;3m,[38;2;175;3;3;48;2;160;2;2mg[0m[38;2;142;5;7m▌  [0m [38;2;181;3;6;48;2;152;2;3m:[0m[38;2;145;5;7m▌  [0m
 [38;2;0;0;0m  [38;2;60;1;3m^[7m[38;2;87;2;3m▀[0m [38;2;103;2;3mL[0m [38;2;47;0;0m"[7m[38;2;124;1;2m_[0m[38;2;143;1;1;48;2;164;1;2mz[0m[38;2;137;2;3m▌  [0m [38;2;40;1;4m  [0m [38;2;125;7;7m-[38;2;94;3;5m+[7m[38;2;153;1;2m▌[0m[38;2;156;1;1;48;2;179;1;3mz[0m[7m[38;2;149;2;2m`[38;2;128;2;3mu[38;2;168;1;3m▀[0m[38;2;168;1;2;48;2;190;1;2mz[38;2;171;1;1;48;2;194;1;2mz[48;2;194;2;2mz[38;2;173;1;2;48;2;196;2;3mz[38;2;173;1;1;48;2;197;1;3mz[48;2;196;1;3mz[38;2;162;0;1;48;2;182;2;4m:[0m[7m[38;2;145;2;3m;[0m[38;2;172;1;2;48;2;194;1;3mz[38;2;172;1;1;48;2;194;1;2mz[38;2;171;1;2mz[38;2;168;1;2;48;2;190;2;3mz[0m[7m[38;2;136;3;3m![0m[38;2;152;0;1;48;2;169;3;3m:[0m[7m[38;2;167;2;2m`[0m[38;2;176;0;1;48;2;152;2;3m,[0m[7m[38;2;181;2;3m▀[38;2;149;1;2m`[0m[38;2;149;0;1;48;2;176;1;3m:[38;2;164;1;2;48;2;185;1;3mz[48;2;186;2;3mz[38;2;161;1;2;48;2;183;1;3mz[38;2;168;2;3;48;2;69;3;3m▌[0m[38;2;168;2;3m [0m [38;2;100;0;1;48;2;139;1;4mr[0m[7m[38;2;142;2;4m_[0m[38;2;71;2;3m~[0m [38;2;61;2;3m  [7m[38;2;120;1;3m▌[0m[38;2;165;1;2m▌  [0m
 [38;2;0;0;0m   [38;2;117;3;6m`[7m[38;2;111;2;3m`[0m[38;2;117;3;2m_[7m[38;2;109;2;3m_[38;2;109;2;5m▀[0m [7m[38;2;123;1;3m,[0m[38;2;187;4;5;48;2;155;2;3m:[0m[38;2;53;4;5m, [38;2;139;5;7mt [0m [7m[38;2;117;2;3m▀[0m[38;2;87;6;5mr[0m [38;2;205;3;5;48;2;156;1;3m:[38;2;198;3;4;48;2;179;1;3mz[38;2;202;4;5;48;2;182;2;2mz[38;2;203;4;4;48;2;183;2;3mz[38;2;204;4;4;48;2;186;2;2mz[38;2;207;3;4;48;2;188;2;2mz[38;2;208;3;4;48;2;189;1;2mz[38;2;209;3;3;48;2;190;2;2mz[48;2;191;1;2mz[38;2;98;5;4;48;2;182;3;4m_[0m[38;2;181;4;5m▀[7m[38;2;136;2;4m▀[0m[38;2;93;1;2;48;2;144;1;3m~[0m[7m[38;2;160;3;4m_[0m[38;2;161;3;6m▀[7m[38;2;134;3;4m-[38;2;151;3;5m=[38;2;118;4;5m7[0m[38;2;199;3;5;48;2;180;2;3mg[38;2;203;3;5;48;2;184;2;3mz[38;2;202;3;5;48;2;183;1;3mz[38;2;201;3;4;48;2;182;1;3mz[38;2;198;2;5;48;2;179;2;3ms[0m[38;2;113;3;4m▀[38;2;195;4;5;48;2;177;2;2ms[38;2;199;4;5;48;2;181;2;2mz[38;2;198;4;5;48;2;179;1;2mz[0m[38;2;155;4;5m▌[7m[38;2;100;1;2m▀[0m[38;2;143;5;6m=[38;2;131;5;7m~[0m  [38;2;109;1;2;48;2;139;2;4m^[0m [38;2;54;3;3m [0m [38;2;90;1;2;48;2;139;2;4mW[0m [38;2;0;0;0m [0m
 [38;2;0;0;0m    [7m[38;2;153;1;2m▌[0m[38;2;136;1;1;48;2;157;1;3mr[0m[7m[38;2;141;1;2m~[0m[38;2;136;1;2;48;2;158;2;4mq[0m[7m[38;2;104;3;4m▀[0m [38;2;60;0;1;48;2;143;1;3m,[0m[38;2;151;2;4m▌ [38;2;70;0;1m`[7m[38;2;137;2;3m▀[38;2;149;1;3m▌[0m[38;2;152;1;2;48;2;174;1;3mz[0m[38;2;111;3;4m▌[7m[38;2;173;2;3m▌[0m[38;2;165;1;2;48;2;188;2;3mz[38;2;166;1;1;48;2;189;2;4mz[38;2;167;1;1;48;2;190;2;3mz[38;2;167;1;2;48;2;190;2;4mz[38;2;168;1;2;48;2;192;2;4mz[38;2;186;2;5;48;2;144;2;4m'[38;2;90;1;4;48;2;168;1;4m_[38;2;171;1;1;48;2;196;2;3mz[0m[38;2;155;4;5m▌[7m[38;2;169;1;3m▀[0m[38;2;114;1;4;48;2;176;1;2m~[38;2;164;0;0;48;2;183;2;4m`[38;2;52;1;2;48;2;120;3;5my[0m[7m[38;2;175;1;3m▀[0m[38;2;161;0;1;48;2;186;2;3m:[38;2;169;1;2;48;2;192;2;3mz[38;2;169;1;3;48;2;186;2;4mq[38;2;87;3;4;48;2;172;1;5m▌[38;2;171;1;2;48;2;195;2;4mz[38;2;170;1;1mzz[38;2;157;0;1;48;2;175;2;4m:[0m[38;2;107;2;2m▀[0m [38;2;82;0;0;48;2;151;1;3m,[38;2;166;1;1;48;2;191;2;3mz[38;2;165;1;2;48;2;186;2;4mz[0m[38;2;133;3;5m▌[38;2;146;0;1;48;2;165;1;3m:[0m[38;2;99;4;5m▌[7m[38;2;93;1;4m▌[0m[38;2;88;3;4m▌[7m[38;2;152;1;4m▌[0m[38;2;148;1;1;48;2;170;1;3mz[0m[38;2;155;2;5m▌  [7m[38;2;147;1;3m▌[0m[38;2;130;4;6m▌ [0m
[7m[38;2;104;2;3m~[0m[38;2;77;4;5mr   [7m[38;2;108;2;3m▌[38;2;138;2;3m_[0m[38;2;131;0;0;48;2;165;2;4m-[38;2;182;7;11;48;2;124;4;5m:[0m[7m[38;2;102;4;5m▌[0m [7m[38;2;99;1;3m▌[0m[38;2;188;3;6;48;2;150;3;4m:[0m [38;2;0;0;0m [7m[38;2;111;1;3m▌[0m[38;2;156;1;1;48;2;181;2;2mT[38;2;151;0;0;48;2;185;2;2m-[38;2;154;0;1;48;2;187;2;3m-[0m[7m[38;2;148;2;3m~[0m[38;2;108;5;5;48;2;158;2;3m,[38;2;163;0;1;48;2;195;2;3m-[38;2;160;0;1;48;2;193;2;3m-[0m[38;2;115;4;4m▌[38;2;144;2;5m▀[7m[38;2;121;4;4m_[38;2;110;2;3m▀[0m[38;2;208;6;7;48;2;170;2;4m:[0m[7m[38;2;148;2;4m[[0m[38;2;167;0;0;48;2;199;2;4m-[38;2;168;0;1;48;2;200;2;3m-[38;2;171;0;1;48;2;201;2;4m-[0m[7m[38;2;160;2;3m~[0m[38;2;169;0;1;48;2;203;2;3m-[38;2;165;0;0;48;2;200;2;3m-[48;2;197;2;3m-[0m[7m[38;2;121;4;4mJ[0m[38;2;218;5;5;48;2;175;2;3m:[38;2;156;4;6;48;2;194;2;2m_[38;2;108;0;4;48;2;185;2;3m_[38;2;165;0;2;48;2;199;2;3m-[38;2;220;5;4;48;2;188;2;2m:[38;2;120;0;2;48;2;190;1;2m~[38;2;220;4;5;48;2;186;2;3m:[38;2;92;1;1;48;2;177;2;2m~[38;2;165;0;0;48;2;198;2;3m-[38;2;165;0;1;48;2;197;2;3m-[38;2;100;2;3;48;2;154;3;4m"[0m[7m[38;2;177;2;3m▌[0m[38;2;174;3;5m▌[7m[38;2;103;2;4m▌[0m[38;2;202;5;8;48;2;156;2;3m:[38;2;200;4;6;48;2;166;2;3m:[38;2;87;4;3;48;2;150;3;3m_[0m[38;2;68;4;6m^ [0m [38;2;94;3;4m▀[0m [38;2;61;4;5m [0m
    [38;2;0;0;0m  [0m [38;2;84;2;2m▀[0m [7m[38;2;85;76;65m▀[38;2;56;56;58m▀[38;2;90;86;79m▀[0m[38;2;163;1;4m'[38;2;76;61;43m_[7m[38;2;132;119;110m▀[38;2;86;85;85m▀[0m[38;2;62;0;1;48;2;144;1;3m,[38;2;159;1;1;48;2;185;2;3mz[38;2;163;1;1;48;2;189;2;3mz[38;2;167;1;2;48;2;193;2;3mz[38;2;99;1;2;48;2;172;2;3m`[38;2;127;1;2;48;2;168;1;3m\[38;2;170;1;1;48;2;193;1;3mz[0m[38;2;170;3;4m▌[38;2;204;1;4m_[0m [38;2;181;2;4;48;2;163;1;3m,[38;2;170;0;1;48;2;188;1;3mz[38;2;174;1;2;48;2;196;2;4mz[38;2;176;1;2;48;2;200;2;3mz[38;2;176;1;1;48;2;201;2;3mz[38;2;180;1;2;48;2;203;2;3mzz[38;2;178;1;2;48;2;201;2;3mz[38;2;176;1;2;48;2;198;2;3mz[0m[7m[38;2;144;3;3mv[0m[38;2;91;0;2;48;2;136;2;4m^[0m[7m[38;2;112;2;4m*[0m[38;2;70;0;2;48;2;197;1;3m▀[38;2;166;0;1;48;2;191;1;3m:[38;2;178;1;2;48;2;201;1;3mz[48;2;200;1;3mz[38;2;177;0;1mz[38;2;176;0;1mz[38;2;174;1;1;48;2;198;1;2mz[38;2;172;1;1;48;2;197;2;3mz[38;2;171;1;2;48;2;195;2;3mz[38;2;168;1;2;48;2;193;2;3mz[0m[38;2;116;4;5m▌[38;2;177;1;4;48;2;155;2;3m'[0m [7m[38;2;169;1;4m▌[0m[38;2;143;0;0;48;2;164;2;4m:[0m [38;2;63;2;3m      [0m
 [38;2;0;0;0m [0m [38;2;110;3;5m%[0m [38;2;0;0;0m  [38;2;72;67;51m_[7m[38;2;96;99;93m▀[0m[38;2;122;129;125;48;2;100;102;101mz[48;2;101;103;103mz[38;2;124;129;125;48;2;103;103;102mz[38;2;35;47;57;48;2;85;86;87m"[38;2;54;50;41;48;2;102;98;90m~[38;2;133;132;126;48;2;113;106;103mz[38;2;136;132;128;48;2;111;106;105mz[0m[7m[38;2;95;29;35ml[0m[38;2;148;0;0;48;2;176;2;3m-[0m[7m[38;2;139;3;5m_[0m[38;2;155;0;0;48;2;184;2;4m-[38;2;204;5;8;48;2;159;3;4m:[38;2;179;4;3;48;2;158;2;3m'[38;2;168;0;1;48;2;195;3;3m-[38;2;180;1;2;48;2;199;3;3mT[38;2;171;0;0;48;2;198;2;3m-[38;2;74;4;6;48;2;148;2;4m"[38;2;163;0;1;48;2;187;2;4m-[38;2;166;0;0;48;2;194;2;3m-[38;2;159;0;0;48;2;193;3;3m_[38;2;168;0;0;48;2;195;3;4m_[0m[7m[38;2;163;3;4m_[0m[38;2;210;9;13;48;2;152;2;4m.[38;2;166;0;0;48;2;195;3;3m-[38;2;165;0;0m-[38;2;200;10;12;48;2;146;3;4m:[0m[38;2;84;3;4m▀[7m[38;2;164;1;3m▀[0m[38;2;212;7;9;48;2;182;2;3m:[38;2;165;0;0;48;2;195;3;4m-[38;2;166;0;0;48;2;196;3;4m-[38;2;167;0;0;48;2;196;2;4m-[38;2;169;0;0;48;2;197;2;3m-[38;2;216;6;5;48;2;191;3;3m:[0m[38;2;192;3;3m▀[38;2;129;4;5m▀[38;2;136;4;5m~[38;2;120;2;4m▀[38;2;82;0;1;48;2;155;2;4m_[0m[38;2;169;3;4m▌[7m[38;2;124;1;3m▌[0m[38;2;131;4;6m▌[7m[38;2;167;2;5m▌[0m[38;2;192;7;10;48;2;124;4;5m:[0m  [38;2;73;4;5m     [0m
 [38;2;0;0;0m  [38;2;108;1;6m`[7m[38;2;115;3;4m▀[0m[38;2;103;3;6m_ [7m[38;2;67;73;66mL[0m[38;2;74;85;85m▀[38;2;57;78;84m~[38;2;50;60;66m`[38;2;73;76;75m~[38;2;115;112;105m~[7m[38;2;93;92;86m=[38;2;88;87;85m_[38;2;96;96;95m-[38;2;123;1;2m▌[0m[38;2;160;1;2;48;2;178;2;3mz[0m[38;2;105;4;5m▌[38;2;194;3;4;48;2;173;2;4m'[0m[38;2;179;3;5m▌[38;2;130;2;4;48;2;166;1;3m~[38;2;188;0;2;48;2;204;1;4mz[38;2;192;1;2;48;2;208;1;2mzz[38;2;191;1;2;48;2;207;1;2mz[48;2;207;2;2mz[38;2;206;2;4;48;2;185;3;4m'[38;2;76;2;2;48;2;190;1;3m▌[38;2;176;1;1;48;2;194;2;4mL[0m[38;2;78;4;4mM[38;2;176;1;3;48;2;195;2;4mL[38;2;184;1;2;48;2;202;1;3mz[38;2;185;1;3mz[38;2;190;3;5;48;2;95;2;2m▌[0m[7m[38;2;121;1;3m▌[0m[38;2;175;1;2;48;2;199;1;3mL[38;2;185;1;2;48;2;204;1;3mz[38;2;185;1;1;48;2;203;2;3mz[38;2;183;1;2mz[38;2;228;3;4;48;2;195;2;4m-[0m[38;2;198;3;5m▀[0m [38;2;83;4;5m    [7m[38;2;116;1;4m▌[0m[38;2;142;0;0;48;2;174;2;4m.[0m[38;2;81;4;5m▌[38;2;76;5;7mT[38;2;118;2;5;48;2;147;1;4m~[0m[38;2;135;5;6m▌[38;2;98;0;2;48;2;166;0;2m~[0m[38;2;196;4;5m▌     [0m
 [38;2;116;10;20m.  [38;2;88;2;2m▀[38;2;80;1;2;48;2;118;3;4m'[0m [38;2;49;54;38mu[38;2;100;93;58m`[7m[38;2;82;81;77m~[38;2;89;96;102m▀[38;2;100;98;86m▌[0m[38;2;31;39;50;48;2;97;103;106m_[0m[7m[38;2;88;97;101m-[0m[38;2;85;84;82mw[7m[38;2;81;86;89m=[0m [38;2;142;2;3m▀[38;2;116;5;6m▌[7m[38;2;171;2;4m▌[0m[38;2;77;2;3;48;2;159;2;3m"[38;2;151;0;0;48;2;187;2;3m-[38;2;158;0;0;48;2;193;2;4m-[38;2;139;1;2;48;2;186;2;3m_[38;2;164;0;0;48;2;198;2;3m-[48;2;199;2;3m_[38;2;161;0;1;48;2;195;2;4m-[38;2;204;6;11;48;2;140;3;4m:[0m[7m[38;2;78;0;1m▌[0m[38;2;200;5;9;48;2;171;2;3m:[0m[38;2;89;3;4m▌[38;2;203;6;10;48;2;169;2;4m:[38;2;161;0;0;48;2;193;2;3m_[48;2;195;2;3m-[38;2;164;0;0;48;2;197;2;3m-[38;2;208;4;4;48;2;188;1;2mz[38;2;165;0;1;48;2;199;2;3m-[38;2;163;0;1;48;2;195;2;3m-[38;2;159;0;0;48;2;192;2;3m-[0m[7m[38;2;166;3;4m_[0m[38;2;104;5;5m▀      [7m[38;2;106;1;2m▌[0m[38;2;145;0;0;48;2;178;2;3m-[38;2;74;3;5;48;2;136;3;3m"[0m[7m[38;2;144;1;2m`[0m[38;2;161;4;4m▀[7m[38;2;144;1;2m▌[0m[38;2;224;1;3;48;2;215;0;1m.[0m[38;2;166;5;7m▌     [0m
 [7m[38;2;97;3;5m▌[0m  [38;2;0;0;0m [38;2;82;0;1;48;2;118;2;2mL[0m[38;2;73;3;4m▌[0m [38;2;117;106;92;48;2;50;51;49m=[0m[7m[38;2;114;115;114m▀[38;2;72;80;80m=[38;2;77;93;97m▌[0m[38;2;50;33;20;48;2;65;74;72m`[0m [38;2;108;3;7m=[0m [38;2;98;98;92m▌  [7m[38;2;120;2;4m▌[0m[38;2;186;3;5;48;2;151;2;4m'[0m[7m[38;2;153;1;3m_[0m[38;2;182;1;3;48;2;95;3;3m▀[0m[7m[38;2;147;2;4m*[0m[38;2;181;0;2;48;2;194;2;3mc[38;2;89;8;9;48;2;148;3;4m_[38;2;82;1;2;48;2;192;2;4m▌[38;2;202;2;8;48;2;185;2;3m'[0m[38;2;91;6;6m_[38;2;147;1;3m`[38;2;103;2;6;48;2;147;2;4m_[0m[7m[38;2;103;2;3m*[38;2;165;2;3m_[0m[38;2;206;3;7;48;2;184;2;3m~[38;2;181;1;3;48;2;193;2;4mz[38;2;180;1;2;48;2;192;2;4mz[38;2;207;3;7;48;2;185;2;4m~[0m[7m[38;2;156;3;4m_[0m[38;2;122;3;5m▀[0m [38;2;86;3;4m▌      [7m[38;2;177;2;4m▌[0m[38;2;209;4;5;48;2;179;2;3m_[38;2;79;3;3;48;2;152;3;5mj[38;2;172;1;2;48;2;183;3;5mc[0m[38;2;106;3;3m▌[38;2;196;2;7;48;2;173;2;4m'[0m[38;2;177;4;5m▀[0m [38;2;0;0;0m     [0m
 [7m[38;2;125;1;2m▀[0m[38;2;170;7;7;48;2;131;2;2m:[0m[7m[38;2;108;1;1m▀[38;2;150;1;2m▀[0m[38;2;175;6;5;48;2;146;1;2m:[0m[7m[38;2;102;2;2m`[0m[38;2;0;0;0m [0m [38;2;69;70;70m~[38;2;82;99;103m▀[7m[38;2;89;99;90m▌[38;2;67;73;74mk[38;2;63;65;62m▀[0m[38;2;80;88;91m_[7m[38;2;62;69;65m▀[0m[38;2;56;58;66;48;2;85;90;85m7[0m[38;2;42;69;79mr[0m  [38;2;15;10;8m [38;2;124;10;12mi[7m[38;2;93;1;2m=[38;2;123;2;2m-[38;2;133;3;3m=[38;2;178;1;3m▀[0m[38;2;203;5;8;48;2;181;1;3m:[38;2;201;4;5;48;2;180;1;2mz[38;2;206;4;5;48;2;169;2;2m:[0m[7m[38;2;185;1;3m▀[0m[38;2;180;0;2m_[38;2;158;1;4m`[38;2;99;1;3m~[38;2;85;2;2m▀[38;2;129;3;4m▀[38;2;97;2;2m▀[38;2;136;5;6m` [38;2;98;2;3m▀[38;2;112;7;6mr[38;2;91;8;7m`    [0m [7m[38;2;112;1;2m▀[0m[38;2;148;0;0;48;2;174;2;4m-[38;2;77;5;4;48;2;141;3;4mj[0m[7m[38;2;146;2;3m^[0m[38;2;196;5;9;48;2;166;1;2m:[0m[38;2;145;2;3m▌[38;2;114;3;5m▌       [0m
 [7m[38;2;147;1;4m▌[0m[38;2;154;1;1;48;2;167;2;3mL[38;2;157;1;4;48;2;168;2;3mc[38;2;158;0;4mc[0m[38;2;145;2;3m▀[0m [38;2;118;102;79m_[38;2;82;88;92m_[38;2;60;51;38m*[38;2;75;100;110m+[38;2;61;60;43m"[7m[38;2;74;78;78ma[0m[38;2;85;88;90;48;2;52;55;50m▀[0m[38;2;114;115;106m=[7m[38;2;71;73;69m`[0m[38;2;105;99;86;48;2;111;115;112m,[0m[38;2;44;73;92m▌[7m[38;2;96;87;70m▌[0m[38;2;94;98;97;48;2;99;110;115mc[0m [7m[38;2;129;3;4m▀[0m[38;2;161;2;4m▀[7m[38;2;144;2;5mr[0m[38;2;177;1;2;48;2;188;2;3mL[38;2;182;1;3;48;2;194;2;3mc[38;2;185;1;3;48;2;197;3;3mL[38;2;190;1;4;48;2;199;2;3mc[38;2;189;0;5mc[38;2;186;1;3;48;2;197;3;3mc[38;2;183;2;3;48;2;196;2;3mW[38;2;199;3;3;48;2;147;2;4m'[0m[38;2;112;3;7mL[38;2;179;2;6;48;2;78;2;3m=[0m[7m[38;2;131;2;4m▀[38;2;110;2;3m▀[0m[38;2;139;6;7m_      [0m [38;2;196;5;5m_[7m[38;2;176;3;6m▀[0m[38;2;86;1;2;48;2;166;2;4my[38;2;71;1;2;48;2;146;3;4m*[38;2;112;2;5;48;2;171;1;3m~[38;2;172;1;3;48;2;183;2;4mL[38;2;171;1;2;48;2;183;2;3mL[0m[38;2;167;3;4m▌[38;2;57;4;7m"[38;2;86;77;57m_[0m [38;2;0;0;0m     [0m
  [38;2;143;1;2m▀[7m[38;2;149;2;3m_[0m[38;2;64;0;0;48;2;128;3;3m_[0m  [7m[38;2;90;85;77m_[0m[38;2;109;121;132;48;2;101;104;105m:[0m[7m[38;2;81;85;87m~[38;2;89;91;91m▀[0m[38;2;67;67;62m_[38;2;81;80;80m▀[38;2;93;100;100m▀[38;2;79;87;90m▀[38;2;93;100;109m▀[0m [38;2;75;66;56m_[7m[38;2;55;54;48m▀[38;2;56;63;62m▀[0m   [38;2;113;3;5m▀[38;2;92;1;2m~[38;2;93;0;3;48;2;139;1;2mL[38;2;188;2;2;48;2;175;2;2mM[38;2;163;1;2;48;2;185;2;3m,[38;2;164;1;2;48;2;184;2;3m,[0m[7m[38;2;160;3;3m7[38;2;105;2;4m=[0m[38;2;173;2;2m▀[7m[38;2;156;2;3m`[0m[38;2;86;2;3;48;2;129;2;3mh[0m[38;2;107;3;4mM[7m[38;2;123;2;4m▀[38;2;147;2;3m=[38;2;138;3;4m-[38;2;117;3;3m-[38;2;97;2;2m~[0m[38;2;100;1;2mg[7m[38;2;91;1;2m~[0m[38;2;111;2;2;48;2;66;0;1m▀[0m[7m[38;2;133;1;3m-[0m[38;2;62;1;1;48;2;152;3;4m=[38;2;80;1;2;48;2;136;2;3mF[0m[7m[38;2;152;2;3m`[38;2;152;3;4m_[0m[38;2;134;3;5m▀[38;2;85;1;2;48;2;140;1;3m^[38;2;156;0;1;48;2;147;2;3m'[0m [38;2;61;4;4m [7m[38;2;81;74;65m_[38;2;85;86;86m~[0m[38;2;65;69;74m_    [0m
 [38;2;112;7;5m-[0m  [38;2;99;3;5m▀[38;2;60;4;10m.[7m[38;2;67;59;43m▌[0m[38;2;82;79;66;48;2;96;98;94m_[38;2;53;52;46;48;2;113;121;117m▀[0m[38;2;119;118;110m=[7m[38;2;76;81;78m_[38;2;94;97;92m=[38;2;97;95;91m,[0m[38;2;141;148;142;48;2;110;109;106m-[38;2;143;147;144;48;2;110;108;105m-[38;2;144;146;144;48;2;112;108;105m-[38;2;143;147;144;48;2;113;109;108m-[38;2;142;145;144;48;2;112;109;109m-[38;2;141;144;142;48;2;109;110;110m-[0m[7m[38;2;81;93;98m_[0m [7m[38;2;84;77;65m▀[0m[38;2;87;98;103m▌[7m[38;2;92;3;5m▌[0m[38;2;94;5;5m~[38;2;103;4;9m~[7m[38;2;79;2;4m$[0m[38;2;180;2;3;48;2;193;2;3mW[38;2;186;2;3;48;2;195;2;3mW[38;2;204;4;3;48;2;189;2;3m'[0m[7m[38;2;171;2;3m`[38;2;184;3;5m▀[0m[38;2;128;3;6m~[38;2;176;2;3m▀[38;2;126;2;3;48;2;174;2;3m,[0m[7m[38;2;151;2;4m~[38;2;136;3;4m▀[38;2;102;3;3ma[0m[38;2;167;2;3m▀[7m[38;2;145;2;3m_[38;2;161;2;4m_[38;2;162;2;4m_[38;2;144;1;3m_[0m[38;2;177;1;3m▀▀[38;2;155;3;3m▀[38;2;140;4;6m_[7m[38;2;167;2;5m▀[0m[38;2;182;2;6;48;2;165;2;4m,[0m[38;2;166;2;3m▀[38;2;78;5;6m' [7m[38;2;95;91;86m▌[38;2;109;112;110m▀[0m[38;2;83;73;59m~[7m[38;2;97;95;91m_[38;2;97;104;108m▀[0m [38;2;0;0;0m  [0m
 [38;2;0;0;0m [38;2;115;0;1m_[38;2;114;0;0m_ [0m [7m[38;2;96;3;3m▌[0m [38;2;59;59;55m▀[38;2;98;99;96m▀[7m[38;2;73;73;70m_[38;2;90;93;90m_[38;2;85;90;92m_[38;2;71;75;79m_[0m[38;2;97;92;92;48;2;52;58;62m*[0m[38;2;65;80;88mr[38;2;93;107;121m`[38;2;83;100;114m`[0m [38;2;85;76;72m_[0m [7m[38;2;89;87;82m_[0m[38;2;91;99;105m▌[0m [38;2;0;0;0m [38;2;124;1;4m▀[0m [38;2;188;2;3;48;2;175;2;3m^[38;2;192;2;3;48;2;181;1;2m^[38;2;193;2;3;48;2;183;1;3m^^[38;2;191;2;3;48;2;182;2;3m^[38;2;152;2;3;48;2;171;2;2m'[0m[7m[38;2;179;1;2m▀[38;2;84;1;2m▀[0m[38;2;138;2;3m▀[38;2;85;0;1;48;2;168;2;3m_[38;2;158;1;3;48;2;171;2;3m'[0m[7m[38;2;143;2;3m~[38;2;167;1;3m▀[38;2;121;1;2m▀[0m[38;2;171;0;1m_[38;2;168;0;0m_[7m[38;2;166;1;4m▀[38;2;175;1;3m▀[38;2;145;2;3m`[0m[38;2;165;1;2m▀[38;2;127;3;4m▀[0m [7m[38;2;89;78;70m~[0m[38;2;115;118;126;48;2;107;101;98m:[0m[7m[38;2;73;75;78m▀[0m [38;2;78;74;68m▀[38;2;44;49;54;48;2;90;92;92m"[0m[38;2;60;74;84m,[7m[38;2;82;79;73m_[0m[38;2;94;100;104m▌[0m [38;2;0;0;0m [0m
 [38;2;0;0;0m [38;2;100;2;3m▀[38;2;140;2;4m▌  [0m  [38;2;58;2;5m          [7m[38;2;108;104;91m▌[0m[38;2;102;95;93;48;2;116;115;114mL[38;2;63;75;81;48;2;101;101;102m`[0m[38;2;38;54;64mr[38;2;128;130;124;48;2;112;106;97m'[0m[7m[38;2;105;101;100m`[0m[38;2;70;78;82m▌[0m [38;2;79;1;3;48;2;165;2;4m▀[38;2;191;3;4;48;2;175;2;3m,[0m[7m[38;2;161;2;3m,[0m[38;2;174;1;2;48;2;189;2;3mC[38;2;173;1;2mC[38;2;199;3;6;48;2;182;2;3m,[38;2;190;2;4;48;2;81;1;2m▀[0m[38;2;185;2;4m▀[38;2;189;4;4;48;2;170;2;3m'[0m[38;2;125;3;4m▌[0m [38;2;163;2;4m▀[7m[38;2;161;2;3m_[0m[38;2;194;3;4;48;2;179;2;3m=[38;2;172;1;2;48;2;188;2;3mW[38;2;172;1;3;48;2;187;2;4mC[38;2;196;3;4;48;2;180;2;4m=[38;2;194;3;3;48;2;178;2;3m=[38;2;189;4;5;48;2;176;2;3m'[0m[38;2;162;16;11m`[38;2;56;32;14;48;2;106;88;75m`[38;2;111;94;89;48;2;123;114;112mL[0m[7m[38;2;108;104;106m▀[0m[38;2;67;77;84m_[38;2;114;110;104m▀[38;2;96;96;91;48;2;110;113;112mL[38;2;96;118;126;48;2;39;44;47m=[0m[38;2;119;124;119m_[7m[38;2;79;74;66m▌[0m[38;2;118;129;131;48;2;98;101;102m'[0m [38;2;101;98;86;48;2;109;116;112mw[0m [38;2;0;0;0m [0m
 [38;2;0;0;0m  [38;2;114;1;3m`         [0m [7m[38;2;85;78;66m▀[38;2;95;92;89m`[38;2;95;93;90m`[38;2;97;96;92m`[0m[38;2;74;74;76;48;2;105;109;108m_[0m[7m[38;2;86;93;94m_[0m[38;2;95;109;114m▀[7m[38;2;97;89;77m▌[0m[38;2;110;115;119;48;2;110;104;102mc[38;2;107;116;122;48;2;100;104;107m:[0m [38;2;71;1;2m~[38;2;138;2;4m▀[7m[38;2;146;1;2m▀[0m[38;2;106;0;0;48;2;170;1;3m~[38;2;185;1;3;48;2;175;1;2m^[38;2;90;2;2;48;2;141;2;3mu[0m [38;2;63;1;1m [38;2;141;0;0m_[38;2;156;1;1;48;2;147;2;3m'[0m[38;2;100;2;3m▌[0m [38;2;153;0;0m_[38;2;152;0;0m_[38;2;159;0;0m_[7m[38;2;90;0;1ma[0m[38;2;162;1;3m▀[7m[38;2;161;1;3m_[0m[38;2;180;2;3;48;2;169;1;2m^[0m[38;2;161;2;2m▌[0m [38;2;110;101;97m▀[38;2;73;71;71;48;2;107;101;100m,[38;2;106;112;119;48;2;106;102;99mc[38;2;101;111;122;48;2;100;100;99m:[0m[7m[38;2;74;84;90m▀[0m[38;2;76;109;114m`[38;2;50;43;33m~[38;2;104;106;109m▀[7m[38;2;84;85;85m`[38;2;83;84;84m~[38;2;87;94;93m~[0m[38;2;82;101;109m▀[0m [38;2;0;0;0m [0m
 [38;2;0;0;0m            [38;2;60;55;42;48;2;107;106;102m▌[38;2;37;52;62;48;2;86;99;105my[0m[7m[38;2;72;74;72m*[0m[38;2;88;92;93m▀[38;2;112;111;108m▀[38;2;121;136;134;48;2;82;97;105m'[0m[7m[38;2;97;96;84m▀[38;2;94;96;92m~[0m[38;2;125;134;128;48;2;113;116;112m'[38;2;128;135;132;48;2;116;118;116m'[38;2;118;135;139;48;2;87;97;102m'[0m [38;2;150;11;13m`[7m[38;2;158;2;4m▌[0m[38;2;185;3;3;48;2;171;2;2mz[38;2;189;2;3;48;2;174;2;2mz[38;2;199;2;6;48;2;175;3;3m:[0m[38;2;125;4;5m▌ [38;2;142;5;7m=[38;2;124;3;5m▀[38;2;114;4;6m_[7m[38;2;153;1;3m▀[0m[38;2;101;1;3;48;2;153;2;4m~[0m[38;2;177;2;3m▀[38;2;176;2;3m▀[38;2;177;2;4m▀[38;2;178;2;4;48;2;76;1;1m▀[38;2;98;4;4;48;2;152;2;3m`[0m[7m[38;2;94;3;3m▀[38;2;162;2;5m▌[0m[38;2;65;5;7m^  [38;2;68;54;37m`[38;2;107;105;101m▀[38;2;99;109;115m▀[7m[38;2;70;72;67mF[38;2;109;111;110m▀[38;2;73;73;70m▀[0m[38;2;122;126;126m_[38;2;125;129;119m_[7m[38;2;112;113;109m▀[0m[38;2;91;117;127m=   [0m
 [38;2;0;0;0m       [0m  [38;2;58;4;5m   [38;2;63;66;71m`[7m[38;2;79;73;61m▀[0m[38;2;109;110;120;48;2;101;101;96m.[38;2;83;82;78;48;2;106;107;104m=[0m[7m[38;2;97;102;99m▀[0m [7m[38;2;68;73;69m=[38;2;59;63;62m*[0m[38;2;89;99;101m▀[7m[38;2;83;87;88m=[0m[38;2;103;105;105m▀[38;2;59;63;71m▀[0m [38;2;0;0;0m [0m [7m[38;2;122;2;2m▀[38;2;105;1;2m▀[0m[38;2;156;0;0m_[7m[38;2;97;1;1m▀[38;2;156;1;3m▀[38;2;137;2;2m~[38;2;132;2;3m_[0m[38;2;112;3;4m▀[7m[38;2;73;63;49m▀[38;2;99;92;84m~[38;2;110;102;96m`[38;2;107;100;96m`[38;2;105;102;100m▀[0m[38;2;112;0;1m`[38;2;159;0;2;48;2;140;2;4m'[0m[38;2;54;1;2m"      [38;2;66;58;50m~[38;2;97;99;99m▀[7m[38;2;84;85;82m_[38;2;93;96;95m_[38;2;83;90;90m_[0m[38;2;90;101;103m▀[0m [38;2;23;41;49m   [0m
 [38;2;0;0;0m          [0m [38;2;125;132;119m_[38;2;56;52;41;48;2;111;113;109m▀[38;2;102;105;103;48;2;113;117;112m^[38;2;101;106;105;48;2;114;117;114m^[38;2;104;106;105;48;2;116;118;115m^[38;2;108;107;106;48;2;112;119;117m^[0m[38;2;33;53;68m▌[7m[38;2;88;91;90m_[38;2;59;69;76m_[0m[38;2;97;90;80m▀[38;2;56;69;77m▀[7m[38;2;89;90;85m_[0m[38;2;64;72;74m▀[7m[38;2;69;81;85m_[0m  [38;2;169;3;4m▀[38;2;172;3;4m▀[38;2;174;3;4m▀[38;2;175;3;5m▀[38;2;165;4;7m▀[38;2;125;7;9m~  [7m[38;2;84;79;71m▌[0m[38;2;130;135;131;48;2;119;117;110m'[38;2;111;110;106;48;2;121;121;116m^[38;2;110;110;107;48;2;121;120;117m^[38;2;111;108;106;48;2;121;119;117m^[38;2;133;134;127;48;2;103;103;103m,[38;2;113;7;10;48;2;79;77;79m▀[0m  [38;2;53;5;5m               [0m
 [38;2;0;0;0m      [0m [38;2;99;89;70m_[7m[38;2;85;78;69m▀[38;2;111;108;104m▀[38;2;103;99;92m`[0m[38;2;99;96;93;48;2;112;110;105mg[38;2;100;97;94;48;2;112;112;107mg[38;2;100;99;96;48;2;112;113;108mg[38;2;98;99;99;48;2;110;113;109mg[0m[7m[38;2;86;96;100m_[0m[38;2;65;82;92m~[38;2;60;65;66m_                [0m [7m[38;2;85;92;88m▀[0m[38;2;80;71;67m`[38;2;104;101;101m▀[38;2;80;72;71;48;2;107;103;104m,[38;2;119;115;112;48;2;107;105;105mR[38;2;117;114;110;48;2;106;104;104mR[38;2;115;113;111;48;2;107;103;102mM[0m[7m[38;2;102;98;99m`[38;2;114;107;107m▀[38;2;88;86;87m▀[0m[38;2;109;101;90m_[0m [38;2;23;22;20m            [0m
 [38;2;0;0;0m   [0m [38;2;83;85;79ma[38;2;110;117;115ma[38;2;51;60;64;48;2;92;92;89m_[38;2;119;124;123;48;2;95;99;102ms[38;2;121;126;125;48;2;97;100;106ms[38;2;46;62;71;48;2;104;108;110m_[0m[7m[38;2;102;104;105m_[38;2;92;93;95m_[0m[38;2;113;110;109m▀[38;2;89;98;105m▀[38;2;64;84;100m~[0m  [38;2;135;132;122;48;2;106;106;106m:[0m[7m[38;2;95;97;99m▀[0m [38;2;99;86;71m_[38;2;84;83;84m_[7m[38;2;57;61;62m▀[0m[38;2;0;0;0m [0m [38;2;119;7;8m_[38;2;134;6;6m_[38;2;139;6;7m_[38;2;125;6;5m_[0m  [7m[38;2;78;71;67m▀[0m[38;2;61;78;91m_[38;2;87;74;55m_[7m[38;2;99;92;85m~[0m[38;2;114;112;112;48;2;78;107;119m▌[0m [38;2;0;0;0m [38;2;53;48;42m`[38;2;67;68;69m▀[38;2;110;108;107m▀[38;2;112;109;111m▀[7m[38;2;107;105;106m_[0m[38;2;99;95;104;48;2;114;114;115mT[38;2;104;98;100;48;2;113;115;116mM[38;2;95;92;99;48;2;112;114;111mT[38;2;93;91;89;48;2;107;109;107m^[0m[7m[38;2;94;96;93m~[38;2;88;99;103m▀[0m[38;2;119;129;123m=[38;2;47;71;80m=        [0m
 [38;2;0;0;0m          [0m [7m[38;2;110;2;2m`[0m[38;2;69;0;2;48;2;148;1;2m`[0m[38;2;90;2;3m▌  [0m [7m[38;2;103;96;93m_[38;2;107;104;103m_[0m[38;2;87;90;91;48;2;43;37;46m▌[0m[38;2;182;2;1m_[7m[38;2;161;2;4m▀[38;2;136;3;5m~[0m[38;2;67;0;2;48;2;158;2;3m`[38;2;149;2;2;48;2;164;3;3mq[0m[7m[38;2;157;2;3m_[38;2;156;2;2m_[38;2;159;2;2m_[0m[38;2;152;1;2;48;2;172;2;3mz[38;2;119;0;0;48;2;167;1;2m`[0m[7m[38;2;147;2;3m`[38;2;172;2;3m▀[38;2;98;2;3m▀[0m[38;2;92;80;70m▀[38;2;110;102;102m▀[38;2;76;84;95m▀ [0m [38;2;110;0;1m_[38;2;129;0;1;48;2;148;1;3m:[0m[7m[38;2;130;2;4m`[0m [38;2;0;0;0m [0m  [38;2;45;61;76m`[0m  [38;2;9;20;29m           [0m
 [38;2;0;0;0m           [38;2;69;1;4m`[38;2;161;2;4;48;2;74;1;2m▀[38;2;126;0;0;48;2;159;3;3m_[0m[7m[38;2;139;1;1m`[38;2;154;1;2m▀[38;2;154;1;3m▀[38;2;157;2;2m▀[38;2;143;3;2m~[0m[38;2;191;7;6;48;2;160;3;3m:[0m[7m[38;2;157;4;4m_[0m[38;2;168;5;5m▀[38;2;106;4;5m▀[38;2;100;5;5m~[0m  [38;2;0;0;0m [0m [38;2;149;7;8m`[38;2;101;3;3m▀[38;2;175;4;4m▀[7m[38;2;153;2;3m_[0m[38;2;124;1;0;48;2;170;3;3m_[38;2;144;0;0;48;2;167;2;3m-[0m[7m[38;2;142;1;2m~[38;2;156;1;2m▀▀[0m[38;2;80;1;1;48;2;151;2;2m~[38;2;131;0;0;48;2;159;2;3m_[0m[7m[38;2;128;3;4m_[0m [38;2;65;3;3m                  [0m
 [38;2;0;0;0m             [38;2;68;0;2m"[38;2;118;1;3m▀[38;2;144;2;3m▀[38;2;148;2;3m▀[38;2;134;2;3m▀[7m[38;2;140;4;4mr[38;2;186;4;4m▀[38;2;132;5;4m`[0m[38;2;136;3;5m_[7m[38;2;191;5;4m▀[0m[38;2;81;0;1;48;2;185;3;4m`[38;2;183;1;2;48;2;201;4;5mc[0m[7m[38;2;178;4;5m`[38;2;167;3;3m~[0m[38;2;154;0;3;48;2;196;3;3m`[38;2;175;1;1mc[0m[7m[38;2;160;3;4m`[0m[38;2;137;6;4m_[7m[38;2;139;2;3m`[0m[38;2;65;1;2;48;2;180;3;4m▀[38;2;88;2;2;48;2;138;2;3mY[0m[7m[38;2;130;2;3m=[0m[38;2;143;1;3m▀[38;2;128;2;3m▀[38;2;130;1;2m▀[38;2;108;4;5m~                    [0m
 [38;2;0;0;0m                 [38;2;98;5;4m`[38;2;160;6;5m▀[38;2;154;9;6m▀[7m[38;2;178;7;4m▀[0m[38;2;221;15;10;48;2;194;7;5m:[38;2;191;5;2;48;2;212;9;5mT[38;2;197;5;3;48;2;215;9;5mT[38;2;200;5;3;48;2;217;9;4mTT[38;2;198;4;2;48;2;216;8;4mT[38;2;196;3;2;48;2;214;7;4mT[38;2;191;3;3;48;2;211;6;4mT[38;2;186;3;2;48;2;206;6;4mT[38;2;215;10;7;48;2;182;4;4m:[0m[7m[38;2;93;4;3mX[0m[38;2;178;3;5m▀[38;2;146;5;5m▀[38;2;95;11;9m`                        [0m
 [38;2;0;0;0m                   [0m [38;2;153;9;5m▀[7m[38;2;182;14;8m_[0m[38;2;175;24;15;48;2;208;18;10m,[38;2;210;17;9;48;2;220;18;10mz[38;2;202;19;6;48;2;222;21;11m.[38;2;226;15;8;48;2;206;18;9m'[38;2;228;13;7;48;2;204;16;8m'[38;2;200;13;5;48;2;216;13;8mL[38;2;198;10;4;48;2;212;12;8mz[38;2;220;8;8;48;2;190;10;7m'[0m[38;2;195;5;4m▀[38;2;122;7;6m▀                           [0m
