[0m                                          [38;2;126;8;8m,                 [0m
                                        [7m[38;2;94;1;2m▀[38;2;114;1;2m'[0m[38;2;66;5;4m'              [0m   [0m
                                      [7m[38;2;112;1;2m~[0m[38;2;159;5;4;48;2;112;1;1m_[38;2;148;3;4;48;2;100;0;1mz[0m[38;2;105;3;5m'     [0m          [38;2;118;3;4mi  [0m
                                   [7m[38;2;83;0;1m▀[38;2;121;1;2m~[0m[38;2;136;0;1;48;2;153;2;3m5[38;2;138;0;2;48;2;153;2;2m5[38;2;133;1;3;48;2;84;1;2m@[0m[38;2;96;6;5m'      [0m [38;2;98;2;3m▌    [0m [7m[38;2;141;1;2m▀[0m[38;2;95;3;4;48;2;128;1;3m"[0m[7m[38;2;115;1;2m_[0m[38;2;143;5;6m~  [0m
    [38;2;98;1;3m▌                            [7m[38;2;105;0;1m▀[0m[38;2;61;0;0;48;2;138;1;2m~[38;2;180;3;3;48;2;137;1;1m=[48;2;128;1;1m=[0m[38;2;137;1;2m▀[38;2;126;3;4m'         [38;2;91;0;1;48;2;138;1;1m▌[0m[38;2;83;2;2m▌   [38;2;72;0;1;48;2;132;0;2m▌[38;2;131;1;2;48;2;71;1;1m▀[0m[38;2;117;3;4m'    [0m
    [38;2;91;3;3m▌                        [0m    [38;2;141;0;1;48;2;163;2;3mz[38;2;152;0;2;48;2;167;2;3m5[38;2;153;0;2;48;2;168;2;3m5[0m[38;2;137;3;4m▌ [0m [38;2;126;2;5m,[0m        [38;2;144;0;1;48;2;164;2;2m5[0m[38;2;121;3;3m▌   [7m[38;2;103;1;2m▌[0m[38;2;102;4;5m▌     [0m
                  [7m[38;2;90;0;2m▀[38;2;62;1;1m▀[0m  [38;2;101;5;5m,     [0m [38;2;134;2;3m▌   [38;2;80;0;1;48;2;154;1;2m▌[38;2;198;3;3;48;2;151;0;1m=[38;2;200;2;2;48;2;152;0;1m=[48;2;146;0;1m=[38;2;194;3;2;48;2;118;0;1m=[38;2;105;0;1;48;2;152;1;2m~[0m[38;2;86;4;4m'       [7m[38;2;150;1;2m▌[0m[38;2;137;3;4m▌    [0m [38;2;125;4;5m'     [0m
    [7m[38;2;115;2;3m▀[0m             [38;2;118;0;0;48;2;155;2;3m=[0m[38;2;112;2;2m▌  [38;2;60;5;5m'     [7m[38;2;105;1;2mH[0m[38;2;124;0;0;48;2;156;2;3m=[0m[38;2;83;2;3m▌  [7m[38;2;95;0;2m▌[0m[38;2;158;0;1;48;2;177;2;3mw[38;2;161;0;1;48;2;180;2;2mw[38;2;162;0;1;48;2;181;2;3mw[38;2;161;0;1;48;2;178;2;3mw[38;2;133;0;0;48;2;174;2;2m=[0m[7m[38;2;119;1;2m~[0m[38;2;97;2;4m,[7m[38;2;90;0;1m▌[0m[38;2;128;1;3;48;2;65;3;4m▌[0m[38;2;128;1;3m  [0m [38;2;107;1;3m*[38;2;147;4;5m~[0m [7m[38;2;78;1;2m▀[0m[38;2;65;2;4m▌         [0m
    [7m[38;2;97;0;2m▌[0m[38;2;127;3;3;48;2;63;1;1mg[0m[38;2;127;3;3m            [38;2;102;0;1m▀[38;2;180;3;5;48;2;136;0;1m=[0m[7m[38;2;109;2;3m▀[0m      [7m[38;2;133;1;2m▌[0m[38;2;193;4;4;48;2;151;0;1m=[38;2;196;5;4;48;2;153;0;1m=[0m[7m[38;2;156;1;3m▀[38;2;104;0;1m▀[38;2;142;0;2m▀[0m[38;2;97;0;1;48;2;171;1;2m▀[38;2;206;4;4;48;2;163;0;2m=[38;2;207;4;5;48;2;164;0;1m=[38;2;207;5;4;48;2;166;0;2m=[38;2;207;4;4;48;2;163;0;1m=[38;2;202;4;4;48;2;158;0;1m=[38;2;89;0;0;48;2;150;1;2mT[38;2;192;3;5;48;2;146;0;1m=[38;2;187;4;4;48;2;118;0;1m=[38;2;151;1;2;48;2;76;2;3m▌[0m[38;2;151;1;2m  [0m    [38;2;128;2;3;48;2;72;1;1m#[0m[38;2;128;2;3m [38;2;105;3;5m,        [0m
              [7m[38;2;151;1;3m▀[0m    [7m[38;2;152;1;2m▌[0m[38;2;133;0;0;48;2;165;2;3m=[0m[7m[38;2;104;3;4m▀[0m   [7m[38;2;121;0;2m▀[0m[38;2;187;2;4;48;2;128;0;1m_[38;2;145;0;0;48;2;180;2;3m=[38;2;151;0;0;48;2;186;2;3m=[38;2;154;0;0;48;2;188;2;3m=[38;2;155;0;0;48;2;190;2;3m=[38;2;159;0;0;48;2;193;2;2m=[48;2;193;2;3m=[38;2;157;0;0;48;2;192;1;3m=[48;2;192;2;3m==[38;2;156;0;0;48;2;190;1;3m=[38;2;150;0;0;48;2;186;2;3m=[38;2;147;0;0;48;2;182;2;3m=[38;2;177;2;3;48;2;141;2;2mF[0m[38;2;139;3;4m▀[0m [38;2;168;2;4;48;2;121;2;3mT[0m[38;2;168;2;4m   [7m[38;2;118;1;3m▀[0m[38;2;122;4;4m_[0m [38;2;147;2;4m▌ [7m[38;2;97;2;3m▌[0m[38;2;118;3;4m,   [7m[38;2;90;1;3m▌[0m[38;2;72;2;6m'  [0m
       [7m[38;2;79;2;2m▀[0m      [38;2;142;0;1m▀[38;2;146;1;3m▌   [7m[38;2;123;1;2m▌[0m[38;2;183;2;4;48;2;146;0;1m=[38;2;186;2;3;48;2;145;1;2m=[0m[7m[38;2;115;1;2m▀[0m  [7m[38;2;164;0;2m▌[0m[38;2;199;3;2;48;2;161;0;2m=[38;2;204;2;3;48;2;165;0;2m=[38;2;206;3;2;48;2;167;0;2m=[38;2;209;3;3;48;2;170;0;2m=[38;2;213;2;2;48;2;173;0;1m=[38;2;214;3;3;48;2;175;1;1m=[48;2;175;0;2m=[38;2;212;3;2;48;2;173;0;2m=[48;2;172;1;2m=[38;2;211;3;3;48;2;170;1;2m=[38;2;207;3;3;48;2;166;0;1m=[38;2;202;3;3;48;2;162;0;1m=[0m[38;2;142;1;2m▀[0m   [38;2;123;1;3m▀ [0m [7m[38;2;148;0;2m▀[0m[38;2;184;2;5;48;2;146;0;2m=[38;2;185;3;4;48;2;137;1;2m=[0m [38;2;128;3;5m` [0m [38;2;180;3;4;48;2;129;1;2m=[0m[38;2;69;2;3m,  [7m[38;2;140;1;2m▌[0m[38;2;65;2;3m▌  [0m
        [38;2;129;3;4m\[7m[38;2;97;1;1m▀[0m[38;2;72;1;3m,    [38;2;115;4;7m`   [38;2;96;1;3m▀[38;2;167;2;4m▀[38;2;144;0;1;48;2;170;2;3mp[38;2;152;3;3;48;2;99;2;4m▌[0m[7m[38;2;109;1;3m'[0m[38;2;65;5;7m'[38;2;80;0;0;48;2;185;2;2m▌[38;2;163;0;0;48;2;194;2;3m=[38;2;165;0;0;48;2;197;2;3m=[38;2;166;0;0m=[38;2;221;2;5;48;2;189;2;2m-[38;2;219;2;5;48;2;189;1;2m-[38;2;220;2;5;48;2;191;2;2m-[38;2;221;2;3m-[38;2;167;0;0;48;2;200;2;2m=[38;2;166;0;0;48;2;199;2;3m=[38;2;218;2;4;48;2;187;2;2m-[38;2;157;0;0;48;2;191;2;3m=[38;2;155;0;0;48;2;183;3;5m=[0m[7m[38;2;120;2;3mf[38;2;122;2;4m▀[0m[38;2;93;4;7m+[0m  [7m[38;2;147;1;2m~[0m[38;2;151;0;0;48;2;181;2;3m==[38;2;146;0;0;48;2;179;2;3m=[38;2;174;2;3;48;2;119;2;2mF[0m[38;2;154;3;2m' [0m [7m[38;2;129;1;2m▀[0m[38;2;133;0;0;48;2;166;2;3m=[0m[38;2;126;3;5m▌  [7m[38;2;127;0;2m▌[0m[38;2;161;1;3;48;2;79;3;3m▌[0m[38;2;161;1;3m  [0m
    [7m[38;2;63;1;1m▌[0m[38;2;71;0;1m,[0m [7m[38;2;73;1;3m▀[0m [38;2;88;0;1m▀[38;2;96;0;1;48;2;146;0;3m▌[38;2;91;1;2;48;2;165;1;2m▀[0m      [38;2;72;0;2m,[0m [7m[38;2;83;0;0mP[0m[38;2;150;0;2;48;2;175;1;2mE[38;2;97;1;2;48;2;157;1;2m▀[0m[7m[38;2;130;0;1m▀[38;2;151;0;1m~[0m[38;2;175;0;2;48;2;193;1;2mE[38;2;160;0;0;48;2;191;1;2m-[38;2;181;0;2;48;2;199;1;2mE[38;2;180;0;1;48;2;198;1;2mE[38;2;161;0;0;48;2;191;0;1m-[48;2;191;1;2m-[38;2;162;0;1;48;2;189;1;2m_[0m[7m[38;2;150;1;2m,[0m[38;2;160;0;0;48;2;191;0;2m_[38;2;159;0;0;48;2;192;1;2m_[38;2;158;0;0;48;2;189;1;2m_[38;2;154;0;0;48;2;184;1;2m-[38;2;116;1;2;48;2;150;2;3mF[38;2;149;0;1;48;2;179;1;3m▀[38;2;145;1;2;48;2;182;1;2m▀[0m[7m[38;2;98;2;1m▀[0m [7m[38;2;151;1;2m'[0m[38;2;149;0;0;48;2;178;1;2m_[38;2;148;0;0;48;2;180;0;2m-[48;2;179;1;2m-[0m[38;2;161;2;3m▌ [0m [7m[38;2;123;1;2m▀[0m[38;2;145;0;1m▀[38;2;135;1;2m▀[38;2;141;4;4m'[0m    [38;2;96;0;0;48;2;133;1;2m_[0m[38;2;77;1;3m, [0m
    [7m[38;2;78;0;2m▌[0m[38;2;158;2;3;48;2;121;2;3mL[0m [7m[38;2;154;2;5m▌[38;2;120;2;4m▀[0m  [38;2;132;1;3;48;2;166;1;2m▌[38;2;164;2;4;48;2;116;2;3mb[0m  [38;2;77;4;4m,[0m [38;2;112;2;3m▌[0m [7m[38;2;136;1;2m'[0m[38;2;157;0;0;48;2;185;2;3m=[38;2;158;0;0;48;2;187;2;2m=[38;2;162;0;0;48;2;191;2;3m=[38;2;211;3;7;48;2;184;2;2m_[38;2;215;6;5;48;2;186;2;3m-[38;2;217;5;6;48;2;188;1;3m-[38;2;219;4;3;48;2;190;1;3m-[38;2;221;5;3m-[48;2;191;1;3m-[38;2;220;4;3m-[38;2;199;3;4;48;2;139;2;2mF[0m[38;2;176;6;8m~[38;2;69;0;0;48;2;185;1;4m▌[38;2;198;2;5;48;2;161;2;4mF[0m[38;2;185;3;4m▀[7m[38;2;151;2;3mw[0m[38;2;95;1;1;48;2;171;2;3m*[38;2;127;5;5;48;2;82;1;2m▌[38;2;162;0;0;48;2;190;2;3m=[38;2;213;3;3;48;2;184;2;1m_[38;2;163;0;0;48;2;191;4;3m=[38;2;212;3;4;48;2;181;2;2m_[38;2;211;3;5;48;2;182;2;2m_[0m[7m[38;2;138;2;4m,[0m[38;2;162;0;0;48;2;190;2;3m=[38;2;209;4;5;48;2;181;2;2m_[38;2;179;1;5;48;2;151;2;3m'[0m [7m[38;2;125;3;4m▌[0m[38;2;113;7;9m' [0m [38;2;186;3;4;48;2;132;1;3m_[0m    [7m[38;2;149;0;2m▌[0m[38;2;183;1;2;48;2;133;2;3m}[0m[38;2;183;1;2m [0m
    [38;2;70;0;1;48;2;149;1;2m▌[38;2;120;0;0;48;2;156;1;2m-[38;2;86;1;2;48;2;158;1;2m▀[0m[7m[38;2;154;1;2m▀[0m[38;2;97;0;1;48;2;147;1;1m_[0m[38;2;113;4;4m▌ [7m[38;2;156;1;2m▌[0m[38;2;129;0;0;48;2;162;1;1m-[0m[38;2;134;3;4m▌ [7m[38;2;66;1;3m▌[38;2;88;2;2m▀[0m[38;2;109;0;1;48;2;167;1;2m▌[0m[7m[38;2;171;2;3m▀[38;2;108;1;2mk[0m[38;2;149;0;0;48;2;183;1;3m-[38;2;153;0;0;48;2;187;1;2m-[38;2;150;0;0;48;2;186;1;2m-[38;2;116;0;0;48;2;176;1;2m_[38;2;155;0;2;48;2;188;1;2m-[38;2;181;2;2;48;2;126;1;2m▌[38;2;121;0;1;48;2;179;1;2m_[38;2;160;0;0;48;2;190;1;1m_[38;2;187;0;1;48;2;134;2;3m/[0m[7m[38;2;142;2;2mm[38;2;197;1;1m▀[0m[38;2;159;2;3;48;2;194;2;4m▀[38;2;72;1;3;48;2;119;2;4m_[0m[7m[38;2;155;0;2m▀[0m[38;2;79;1;4;48;2;179;1;2m~[38;2;176;0;1;48;2;196;1;2mE[38;2;158;0;1;48;2;186;2;4m_[38;2;59;0;1;48;2;154;2;4mI[38;2;156;0;0;48;2;191;1;2m-[38;2;154;0;0;48;2;190;1;3m-[48;2;190;1;2m-[38;2;202;1;4;48;2;171;1;3m=[0m[38;2;132;1;3m▀[0m [38;2;93;0;2;48;2;183;1;2m▌[38;2;150;0;0;48;2;186;1;2m-[48;2;183;1;2m-[38;2;170;2;4;48;2;117;2;3m;[38;2;111;0;3;48;2;165;1;2m▌[0m[38;2;90;3;4m▌[0m [7m[38;2;71;0;1m4[0m[38;2;123;0;0;48;2;160;1;2m_[0m[38;2;146;2;3m▌  [38;2;97;4;6m,[38;2;150;0;2m▀[38;2;108;1;2m▀ [0m
[38;2;75;4;8m,   [38;2;86;1;1m▀[38;2;159;2;1;48;2;59;1;2m▀[38;2;163;2;3;48;2;145;1;2mE[38;2;157;3;3;48;2;103;2;3m▀[0m [38;2;137;4;6m\[0m [7m[38;2;104;1;2m▌[0m[38;2;168;3;3;48;2;135;2;3mE[0m[38;2;81;6;5m' [0m [38;2;143;1;2;48;2;172;1;3mW[38;2;157;1;2;48;2;179;1;3m'[38;2;223;4;6;48;2;180;1;3m_[38;2;224;3;6;48;2;168;2;2m_[38;2;174;4;5;48;2;144;1;2m_[38;2;202;1;3;48;2;186;2;2mz[38;2;201;2;3;48;2;183;2;2mz[0m[38;2;106;2;3m▌[38;2;118;1;2m▀[38;2;126;3;4m▀[7m[38;2;100;2;2mm[0m[38;2;195;2;4;48;2;169;1;3m{[0m[7m[38;2;141;2;3m/[0m[38;2;207;2;2;48;2;189;1;2mz[38;2;230;2;6;48;2;195;1;2m_[38;2;213;1;3;48;2;196;1;3mz[38;2;103;2;2;48;2;187;1;3m▀[38;2;212;1;2;48;2;195;1;3mz[38;2;204;2;2;48;2;191;1;1mE[38;2;202;2;3;48;2;187;1;2mE[38;2;151;4;5;48;2;77;3;3m▌[38;2;226;3;6;48;2;167;0;2m_[38;2;201;2;3;48;2;179;1;2mE[38;2;197;2;3;48;2;162;1;1m▀[38;2;226;2;5;48;2;193;1;2m_[38;2;170;4;5;48;2;193;1;3m~[38;2;226;3;2;48;2;174;1;2m_[38;2;162;1;2;48;2;191;2;3m~[38;2;229;2;2;48;2;162;1;2m_[38;2;207;1;2;48;2;190;2;2mz[38;2;206;1;1;48;2;189;2;2mz[38;2;173;3;2;48;2;190;2;2m~[0m[38;2;129;2;3m▌[38;2;93;0;1;48;2;148;1;2m,[0m[38;2;124;1;2m▌[38;2;140;2;3m▀[38;2;209;2;5;48;2;158;1;2m_[38;2;187;1;2;48;2;166;2;2mz[0m[38;2;95;3;4m▌[0m     [0m
[38;2;139;2;3;48;2;79;1;2m*[0m     [38;2;72;0;1m▀[0m  [7m[38;2;81;73;60m▀[38;2;55;56;58m▀[38;2;88;83;75m▀[0m[38;2;119;1;3m![7m[38;2;61;52;37m▌[38;2;127;114;106m▀[38;2;84;83;84m▀[0m[38;2;107;0;1;48;2;153;1;2mc[38;2;144;0;0;48;2;181;1;3m_[38;2;152;0;0;48;2;186;1;3m_[38;2;155;0;0;48;2;190;1;3m_[38;2;154;2;3;48;2;193;1;3m▀[38;2;144;1;2;48;2;181;0;2mw[38;2;152;0;0;48;2;189;1;2m_[0m[7m[38;2;180;1;4m▀[38;2;119;1;2m▀[0m [38;2;111;0;1;48;2;168;1;3m'[38;2;162;1;2;48;2;193;1;3m▀[38;2;173;0;2;48;2;197;1;3mE[38;2;163;0;1;48;2;196;1;3m_[38;2;166;0;1;48;2;198;1;3m_[38;2;167;0;2;48;2;200;1;4m_[38;2;168;0;1;48;2;200;1;2m_[38;2;167;0;1;48;2;199;1;2m_[38;2;166;0;0;48;2;197;1;2m_[38;2;162;2;2;48;2;108;2;2m▌[0m[7m[38;2;147;2;4m'[38;2;128;2;3mw[38;2;195;1;3m▀[0m[38;2;174;1;2;48;2;201;1;4mE[38;2;165;0;1;48;2;198;1;3m__[38;2;163;0;1;48;2;196;1;3m_[38;2;160;0;0;48;2;195;1;3m_[38;2;159;0;0;48;2;194;1;3m_[48;2;194;1;2m_[38;2;160;0;0m_[38;2;159;0;0;48;2;192;1;2m_[0m[38;2;177;2;2m▌[7m[38;2;165;1;3m▌[0m[38;2;175;1;2;48;2;120;3;4m▌[0m[38;2;175;1;2m [38;2;75;0;1;48;2;168;1;3m▌[38;2;137;0;0;48;2;170;1;3m-[0m[38;2;103;3;4m▌     [0m
    [38;2;104;3;3mi  [0m [7m[38;2;96;98;91m▀[0m[38;2;135;143;144;48;2;103;105;102m-[38;2;137;142;141;48;2;103;104;104m-[38;2;133;138;135;48;2;102;102;102m_[38;2;107;109;111;48;2;64;64;67mL[38;2;140;140;135;48;2;89;82;76m_[38;2;144;142;136;48;2;113;106;103m_[38;2;147;144;135;48;2;113;107;104m_[38;2;44;51;62;48;2;117;1;1m▌[38;2;182;3;3;48;2;169;0;1mE[38;2;172;6;7;48;2;129;2;3m-[38;2;190;3;3;48;2;176;0;1mE[38;2;208;4;6;48;2;171;2;2m-[38;2;191;3;4;48;2;173;0;2mE[38;2;197;3;3;48;2;184;0;2mE[38;2;198;3;4;48;2;185;0;2mE[38;2;198;3;3;48;2;185;1;2mE[38;2;185;3;4;48;2;95;2;3m▌[38;2;200;2;5;48;2;178;1;2mi[38;2;199;2;3;48;2;186;0;1mE[38;2;200;3;3mE[38;2;203;3;3;48;2;189;0;2mE[38;2;215;4;5;48;2;176;2;3m-[38;2;86;1;2;48;2;171;2;3m/[38;2;204;3;4;48;2;189;0;1mE[38;2;203;2;4;48;2;189;0;2mE[38;2;208;7;7;48;2;150;2;3m-[0m[38;2;92;3;4m▀[7m[38;2;162;1;1m▀[0m[38;2;203;2;2;48;2;175;1;1mz[38;2;200;3;2;48;2;186;1;1mE[38;2;201;3;2;48;2;187;1;1mE[48;2;186;1;1mE[38;2;201;2;2;48;2;189;1;1mE[38;2;183;2;1;48;2;194;2;2m~[0m[38;2;192;2;2m▀[38;2;140;5;5m▀[38;2;136;4;5m~[38;2;118;2;3m▀[38;2;184;2;3;48;2;126;1;1m▀[0m[38;2;158;5;5m▌[38;2;176;2;4;48;2;125;2;2mi[0m[38;2;148;4;3m'[7m[38;2;143;1;2m▀[0m[38;2;175;2;2;48;2;137;2;3m+[0m[38;2;100;4;4m▀[7m[38;2;91;2;2m▀[0m     [0m
    [7m[38;2;120;1;3m▌[0m  [7m[38;2;66;68;60m_[0m[38;2;72;83;86m▀[38;2;63;83;89m~[0m [38;2;64;69;68m~[7m[38;2;75;71;63mw[38;2;99;98;92mm[38;2;83;84;77m-[0m[38;2;124;116;104;48;2;85;87;83m"[0m[7m[38;2;92;19;24m][0m[38;2;158;0;1;48;2;180;1;3mz[0m[38;2;110;4;5m▌[38;2;119;0;0;48;2;180;1;3m_[0m[38;2;182;2;4m▌[38;2;129;0;2;48;2;177;0;2m▀[38;2;181;0;0;48;2;204;1;3mz[38;2;185;0;0;48;2;206;1;3mz[38;2;187;0;1;48;2;207;1;3mz[48;2;209;1;3mz[38;2;190;0;1mz[38;2;201;0;1;48;2;185;2;3my[38;2;82;1;3;48;2;189;0;2m▌[38;2;181;0;0;48;2;202;1;3mz[0m[38;2;180;4;6m'[38;2;175;0;3;48;2;198;2;4m5[38;2;180;0;1;48;2;203;1;3mzz[38;2;189;1;3;48;2;90;1;1m▌[0m[7m[38;2;102;0;2m▌[0m[38;2;173;0;1;48;2;195;1;2mz[38;2;180;0;1;48;2;204;1;3mz[48;2;203;1;3mz[38;2;188;0;2;48;2;202;1;3mE[38;2;182;0;1;48;2;203;2;3mz[0m[38;2;198;1;3m▀[38;2;131;6;7m'    [7m[38;2;112;0;2m▌[0m[38;2;176;1;2;48;2;115;4;5m▌[0m[38;2;131;6;6m`[7m[38;2;158;1;3m'[0m[38;2;143;2;3m▀[7m[38;2;167;0;2m▀[0m[38;2;111;0;0;48;2;181;1;2m'[0m[38;2;189;4;5m'     [0m
     [38;2;146;1;3;48;2;114;3;4mz[0m [7m[38;2;43;46;34m▌[0m [7m[38;2;83;83;77m~[38;2;87;94;97m▀[38;2;96;93;77m▌[0m[38;2;111;116;115;48;2;73;77;82mP[38;2;97;104;105;48;2;66;72;77mE[0m[38;2;126;137;143m_[38;2;135;142;146;48;2;61;62;65m_[0m [38;2;138;1;2m▀[38;2;119;4;6m▌[7m[38;2;169;1;3m▌[0m[38;2;196;4;6;48;2;147;1;2m_[38;2;188;2;4;48;2;173;1;1mE[38;2;195;2;3;48;2;179;1;2m5[48;2;159;1;3m▀[38;2;200;2;4;48;2;183;1;2mE[38;2;205;2;3;48;2;187;1;2m5[38;2;206;2;3m5[38;2;192;3;5;48;2;122;2;3m5[0m [38;2;185;2;3;48;2;162;1;1mE[0m[38;2;86;3;3m▌[38;2;188;2;4;48;2;157;1;2m▀[38;2;196;3;4;48;2;179;0;1mE[38;2;199;2;3;48;2;182;1;2m5[38;2;199;3;3;48;2;183;0;2mE[38;2;206;2;3;48;2;175;1;2mz[48;2;182;1;2mz[38;2;200;2;3;48;2;183;1;3m5[38;2;198;2;2;48;2;180;1;2m5[38;2;194;2;2;48;2;146;2;2m=[0m[38;2;110;4;4m▀      [7m[38;2;98;0;2m▌[0m[38;2;181;2;4;48;2;166;1;2mE[38;2;192;7;7;48;2;119;1;2m_[38;2;179;2;4;48;2;155;1;3m][0m[7m[38;2;87;1;2mT[0m[38;2;185;2;3;48;2;171;1;2m5[0m[38;2;125;6;6m▌      [0m
  [7m[38;2;78;2;3m▀[0m[38;2;107;0;2;48;2;155;1;2m'[38;2;146;0;2;48;2;159;2;3m5[38;2;144;1;2;48;2;97;4;4m▌[0m[38;2;144;1;2m [0m [38;2;104;107;103;48;2;49;48;42m\[0m[7m[38;2;111;115;109m▀[38;2;85;93;90mm[0m[38;2;48;40;27;48;2;78;92;92m▌[38;2;85;97;88;48;2;61;63;63m|[0m[38;2;37;60;84m'[38;2;124;1;4m-[0m [38;2;98;96;91m▌  [7m[38;2;120;1;3m▌[0m[38;2;122;1;3;48;2;157;1;3m_[38;2;189;1;3;48;2;127;0;1m~[38;2;178;1;3;48;2;94;2;3m▀[38;2;88;0;1;48;2;161;2;3mm[38;2;173;0;1;48;2;195;2;3mz[38;2;198;4;5;48;2;130;3;4m~[38;2;85;0;2;48;2;191;1;3m▌[38;2;177;1;2;48;2;197;1;4m▀[0m[38;2;87;5;5m,[38;2;78;0;1m▀[38;2;96;0;1;48;2;138;2;3m,[0m[7m[38;2;114;1;3m\[0m[38;2;196;2;3;48;2;139;0;1m~[38;2;198;2;4;48;2;178;1;2m~[38;2;178;0;2;48;2;191;2;3m5[38;2;179;0;2m5[38;2;201;2;3;48;2;183;2;2m~[38;2;184;1;2;48;2;106;3;2m▀[0m[38;2;127;2;3m▀[0m [38;2;94;3;5my      [7m[38;2;173;1;3m▌[0m[38;2;170;0;1;48;2;185;2;3m5[38;2;183;3;4;48;2;121;2;3m~[38;2;169;0;1;48;2;183;2;3m5[0m[38;2;119;3;4m▌[38;2;95;0;1;48;2;179;1;2m▌[0m[38;2;142;6;7m▌      [0m
  [38;2;69;1;1;48;2;108;1;2mJ[38;2;183;0;2;48;2;152;2;2m=[38;2;180;3;3;48;2;153;1;1mz[38;2;186;0;1;48;2;143;2;2m=[0m[38;2;92;3;4mu  [0m [38;2;88;105;106m▀[7m[38;2;92;99;90m▌[0m[38;2;80;90;92;48;2;55;58;58mj[0m[38;2;129;133;128m_[38;2;80;81;78m_[38;2;114;128;115m_[7m[38;2;84;89;87m,[0m[38;2;40;59;67m▌[0m   [38;2;113;5;8mi[7m[38;2;102;1;1m*[38;2;146;1;2mw[0m[38;2;82;3;4;48;2;142;1;2mm[0m[7m[38;2;177;1;1m▀[0m[38;2;206;3;4;48;2;176;1;2mz[38;2;208;2;3;48;2;183;0;2mz[38;2;214;0;3;48;2;168;2;3m=[0m[7m[38;2;184;0;2m▀[38;2;85;0;1m▀[0m[38;2;97;1;1m~[38;2;65;1;2m▀[38;2;97;2;3m▀[38;2;138;3;4m▀[38;2;108;2;3m▀[0m  [38;2;103;2;3m▀[38;2;84;2;3m▀[38;2;136;6;7m'     [7m[38;2;109;1;2m▀[0m[38;2;194;2;5;48;2;166;1;1mz[38;2;175;3;4;48;2;128;3;3m=[0m[7m[38;2;151;1;3m"[0m[38;2;203;0;3;48;2;163;2;1m=[38;2;177;2;3;48;2;131;1;2mz[0m [38;2;163;2;5m▌      [0m
  [7m[38;2;114;1;3m▌[0m[38;2;148;0;1;48;2;171;2;3mz[48;2;172;1;3mz[0m[38;2;155;2;4m▌ [0m [38;2;56;57;56m,[7m[38;2;49;47;34m▌[0m[38;2;60;75;81me[7m[38;2;54;51;39m▌[38;2;81;84;84mm[38;2;74;76;75m,[38;2;61;63;61m;[0m[38;2;48;49;44;48;2;87;90;82mZ[38;2;78;77;66;48;2;114;117;111m_[0m[38;2;46;74;93m▌[7m[38;2;95;84;66m▌[0m[38;2;120;121;113;48;2;94;101;107m~[0m [7m[38;2;127;2;4m▀[0m[38;2;159;1;2m▀[38;2;72;0;2;48;2;162;2;4mm[38;2;166;0;1;48;2;192;2;3mz[38;2;173;0;1;48;2;198;2;4mz[38;2;184;0;2;48;2;200;2;4m5[38;2;186;0;1;48;2;201;2;3m5[38;2;188;0;1;48;2;202;2;3m5[38;2;179;0;1;48;2;203;1;2mz[38;2;176;0;2;48;2;199;2;2mz[38;2;175;1;2;48;2;121;2;4m▀[0m[7m[38;2;90;2;3m![0m[38;2;123;3;5m▌[7m[38;2;130;2;3m▀[38;2;110;1;2m▀[0m        [7m[38;2;88;1;1m▀[38;2;173;2;3m▀[0m[38;2;176;1;2;48;2;120;2;3m▀[38;2;74;0;1;48;2;156;2;4mx[38;2;127;0;1;48;2;184;2;4m5[38;2;165;0;1;48;2;189;2;3mz[38;2;163;0;1;48;2;186;2;2mz[0m[38;2;169;2;3m▌[0m [38;2;138;4;6m'      [0m
   [38;2;155;1;2;48;2;98;1;2m▀[38;2;163;5;5;48;2;113;1;1m=[0m[38;2;80;7;7m'[0m [38;2;103;97;87;48;2;61;56;51m▀[38;2;135;132;122;48;2;94;95;99m=[38;2;109;112;111;48;2;56;57;58mn[0m[7m[38;2;87;90;88m▀[0m[38;2;44;51;57m_[38;2;77;79;77m▀[38;2;93;98;95m▀[38;2;79;83;85m▀[38;2;90;98;101m▀[0m  [38;2;106;103;93m_[7m[38;2;59;60;60m▀[0m   [38;2;114;2;3m▀[0m [38;2;90;0;0;48;2;174;1;2m▌[38;2;218;3;3m=[38;2;223;2;3;48;2;180;0;1m=[38;2;224;3;3;48;2;180;1;2m=[38;2;190;4;3;48;2;142;1;2m=[0m[7m[38;2;101;1;2m-[0m[38;2;174;1;2m▀[38;2;209;3;3;48;2;144;1;2m=[38;2;86;1;2;48;2;158;1;2m▀[0m[7m[38;2;98;1;2mC[38;2;126;1;2m▀[0m[38;2;183;3;3;48;2;129;1;1m.[38;2;95;4;4;48;2;135;1;2m-[0m[7m[38;2;120;2;2m~[38;2;107;1;2m~[38;2;95;1;1m~[38;2;95;1;2m~[38;2;116;1;2mZ[0m[38;2;153;1;3;48;2;97;0;3m▀[38;2;182;5;7;48;2;128;1;2m=[38;2;98;1;2;48;2;168;1;1m▀[38;2;206;1;3;48;2;138;1;2m=[38;2;175;1;2;48;2;81;2;3m▀[0m[38;2;143;3;4m▀[38;2;120;1;1;48;2;167;1;3m▌[38;2;198;3;4;48;2;141;1;2m=[0m[38;2;146;5;6m' [7m[38;2;93;89;84m▌[0m[38;2;111;113;113;48;2;60;60;61mn[0m     [0m
    [38;2;114;2;3m▀[38;2;79;1;3m,[7m[38;2;64;57;41m▌[0m[38;2;109;108;106;48;2;84;82;79mQ[38;2;56;56;51;48;2;113;117;114m▀[0m[38;2;81;86;87mm[38;2;91;96;93;48;2;56;59;58mG[38;2;48;49;50;48;2;107;109;103mm[38;2;65;63;60;48;2;106;109;102mc[38;2;94;95;97;48;2;121;125;120mz[38;2;106;105;99;48;2;119;121;121mE[38;2;98;94;98;48;2;124;124;119mz[38;2;98;95;98;48;2;125;126;123mz[38;2;97;94;97;48;2;123;125;122mz[38;2;96;94;95;48;2;121;123;121mz[38;2;133;135;129;48;2;69;80;89m~[0m[38;2;39;59;82m'[7m[38;2;76;71;56mP[0m[38;2;86;97;99m▌[7m[38;2;94;2;5m▌[0m[38;2;162;5;5m'[7m[38;2;90;2;4mw[38;2;88;2;4mq[0m[38;2;171;0;2;48;2;201;2;3mz[38;2;178;0;2;48;2;204;2;3mz[48;2;201;3;4mz[38;2;140;1;2;48;2;194;2;3m▀[0m[7m[38;2;183;3;4m▀[38;2;88;2;3mw[0m[38;2;180;1;2m▀[38;2;150;0;1;48;2;186;2;3mp[38;2;94;1;2;48;2;185;2;3m▀[0m[7m[38;2;137;2;4m*[0m[38;2;201;2;3m~[38;2;175;1;3m▀[38;2;183;1;1;48;2;92;1;1m▀[38;2;183;1;2;48;2;129;1;2m▀[48;2;136;2;3m▀[38;2;182;1;2;48;2;96;1;1m▀[0m[38;2;181;1;2m▀[38;2;179;1;3m▀[38;2;147;2;2m▀[38;2;144;6;6m'[7m[38;2;161;1;4m▀[0m[38;2;145;0;0;48;2;173;2;4m=[0m[38;2;172;1;2m▀[38;2;139;7;9m' [7m[38;2;94;90;83m▌[38;2;107;108;107m▀[0m[38;2;89;83;65m~[38;2;127;135;132;48;2;85;84;76m~[0m[7m[38;2;95;104;106m▀[0m   [0m
  [7m[38;2;136;1;2m▀[0m   [7m[38;2;100;2;3m▌[0m[38;2;121;3;7m,[38;2;56;56;55m▀[38;2;94;95;94m▀[38;2;95;98;95mm[38;2;106;112;109;48;2;66;69;64mu[38;2;109;118;122;48;2;59;62;65mz[38;2;82;84;86;48;2;43;49;55mw[38;2;77;79;80;48;2;43;47;53mw[0m[38;2;54;62;71mF[38;2;51;59;68m~[0m  [38;2;96;88;79m_[0m [38;2;104;106;101;48;2;53;47;40m▀[0m[38;2;90;96;100m▌  [38;2;117;0;3m▀[38;2;125;7;9m'[38;2;207;3;6;48;2;168;0;1m=[38;2;215;4;6;48;2;174;0;1m=[38;2;218;4;5;48;2;176;0;1m=[38;2;219;4;5m=[38;2;217;3;4;48;2;175;0;1m=[38;2;213;3;3;48;2;157;1;1m=[0m[7m[38;2;176;1;2m▀[38;2;83;1;1m▀[0m[38;2;138;1;3m▀[38;2;204;3;5;48;2;151;0;1m=[38;2;212;2;4;48;2;163;0;1m=[38;2;85;1;1;48;2;179;0;1m▀[0m[7m[38;2;167;1;1m▀[38;2;120;1;1m▀[38;2;81;0;0m▀[0m [7m[38;2;163;1;3m▀[38;2;172;1;1m▀[38;2;154;1;2m~[0m[38;2;162;1;2m▀[38;2;129;2;4m▀[0m [7m[38;2;88;80;70m~[0m[38;2;140;134;126;48;2;95;90;88m=[0m[7m[38;2;71;74;76m▀[0m [38;2;75;72;65m▀[38;2;130;134;125;48;2;74;76;77m=[0m[38;2;53;67;74m,[7m[38;2;81;76;69m,[0m[38;2;92;97;101;48;2;37;46;56m▌[0m  [0m
  [38;2;139;2;3m▀[38;2;122;2;6m▌  [0m [38;2;130;3;6m+          [7m[38;2;111;106;88m▌[0m[38;2;105;99;95;48;2;121;121;119mz[38;2;81;76;78;48;2;106;109;107m=[0m[38;2;38;50;61me[38;2;69;63;57;48;2;122;117;106m=[38;2;89;85;83;48;2;119;117;117m▀[0m[38;2;73;80;83m▌[0m [7m[38;2;176;0;3m▀[0m[38;2;152;0;0;48;2;189;2;4m=[0m[7m[38;2;170;2;4m,[0m[38;2;159;0;0;48;2;200;2;4m==[38;2;158;0;0;48;2;195;3;4m=[38;2;188;2;2;48;2;89;1;2m▀[0m[38;2;184;1;2m▀[38;2;150;0;0;48;2;182;1;3m=[0m[38;2;131;3;4m▌[0m [38;2;163;1;3m▀[38;2;193;2;3;48;2;148;1;2m~[38;2;154;0;0;48;2;194;2;3m=[38;2;155;0;0;48;2;197;1;3m=[38;2;156;0;0m=[48;2;196;1;3m=[38;2;154;0;0;48;2;194;1;2m=[38;2;151;0;0;48;2;189;2;3m=[0m[38;2;99;4;4m▌[38;2;96;75;58;48;2;123;106;96mM[38;2;115;98;96;48;2;129;120;117mz[0m[7m[38;2;114;111;113m▀[0m [38;2;113;108;101m▀[38;2;102;97;92;48;2;113;119;116mz[0m[38;2;92;103;105m+[38;2;62;63;58m,[7m[38;2;81;75;62m▌[0m[38;2;77;71;76;48;2;108;113;112m=[0m [38;2;83;74;68;48;2;115;122;116m=[0m  [0m
              [7m[38;2;82;76;64m▀[0m[38;2;139;139;126;48;2;79;76;74m=[38;2;140;140;130;48;2;81;78;77m=[38;2;141;142;132;48;2;82;80;78m=[38;2;118;125;121;48;2;94;96;93mz[38;2;107;109;109;48;2;50;58;59m▀[0m[38;2;96;106;113m▀[7m[38;2;97;88;75m▌[0m[38;2;124;123;122;48;2;103;97;97mz[38;2;146;144;137;48;2;90;94;101m=[0m[38;2;57;79;114m'[0m [38;2;139;2;3m▀[7m[38;2;141;1;2m▀[0m[38;2;205;3;5;48;2;151;0;1m=[38;2;213;3;3;48;2;167;0;0m=[38;2;174;1;2;48;2;98;2;3m▌[0m[38;2;79;1;1m' [7m[38;2;72;0;1m▀[0m[38;2;89;0;1;48;2;149;1;2m'[0m[38;2;104;2;3m▌[0m   [7m[38;2;76;0;0mM[38;2;109;0;0mm[0m[38;2;163;1;2m▀[38;2;177;2;3;48;2;136;1;2m*[38;2;209;3;6;48;2;162;0;1m=[38;2;163;2;2;48;2;68;3;4m▌[0m [38;2;108;97;93m▀[38;2;143;138;127;48;2;95;89;89m=[38;2;119;119;118;48;2;99;94;93mz[38;2;140;138;128;48;2;89;89;92m=[0m[7m[38;2;73;84;89m▀[0m [38;2;50;49;41m▀[38;2;100;104;105m▀[38;2;112;117;117;48;2;64;64;64mz[38;2;100;99;98;48;2;53;54;58mw[38;2;109;113;109;48;2;67;70;68mz[0m[38;2;80;97;107m▀[0m  [0m
             [38;2;59;54;42;48;2;106;105;99m▌[38;2;123;127;127;48;2;66;79;86m~[0m[7m[38;2;88;91;87mm[38;2;85;90;91mw[0m[38;2;109;108;106m▀[38;2;106;113;113;48;2;58;77;90m▌[0m[7m[38;2;96;93;81m▀[38;2;98;99;94m~[0m[38;2;79;75;74;48;2;119;124;117m=[38;2;105;104;97;48;2;120;124;123mz[38;2;117;117;115;48;2;62;78;89m▌[0m [38;2;100;5;6m"[7m[38;2;156;1;3m▌[0m[38;2;196;2;4;48;2;172;1;2m-[38;2;199;2;5;48;2;175;1;3m-[38;2;151;0;0;48;2;180;2;4m=[0m[38;2;126;3;4m▌ [38;2;100;1;3m*[38;2;124;3;5m▀[38;2;79;6;8m"[7m[38;2;148;1;3m▀[0m[38;2;168;2;3;48;2;131;2;4mm[0m[38;2;176;2;3m▀[38;2;173;2;4m▀[38;2;175;2;4m▀[38;2;175;2;3;48;2;74;1;1m▀[38;2;170;2;4;48;2;135;1;2mb[0m[7m[38;2;98;2;3m▀[38;2;160;2;2m▌[0m[38;2;145;7;8m'  [0m [38;2;103;101;97m▀[38;2;95;106;110m▀[7m[38;2;69;71;65m/[38;2;108;109;110m▀[38;2;71;72;70m▀[0m  [7m[38;2;111;110;105m▀[0m[38;2;87;103;105me   [0m
         [38;2;66;3;4mv   [0m [7m[38;2;80;76;62m▀[0m[38;2;134;141;138;48;2;97;94;92m=[38;2;133;141;141;48;2;97;95;96m=[38;2;43;48;53;48;2;101;106;107m▀[0m [7m[38;2;91;90;80m▀[38;2;65;68;65mq[0m[38;2;89;97;98m▀[7m[38;2;75;79;78m-[0m[38;2;103;105;104m▀[38;2;100;98;94m\[0m   [7m[38;2;120;1;2m▀[38;2;103;1;1m▀[38;2;83;0;0m▀[38;2;95;0;1m▀[38;2;161;1;1m▀[0m[38;2;163;1;2;48;2;103;1;2mw[38;2;153;1;2;48;2;95;2;4m▀[0m[38;2;116;2;3m▀[7m[38;2;76;65;50m▀[0m[38;2;135;129;112;48;2;86;78;72m=[38;2;147;146;139;48;2;102;91;85m=[38;2;145;145;140;48;2;98;88;85m=[0m[7m[38;2;109;106;107m▀[38;2;77;0;1m▌[0m[38;2;184;4;5;48;2;139;1;2m=[0m        [38;2;97;98;99m▀[7m[38;2;87;88;86m_[0m[38;2;129;138;136;48;2;77;77;77m=[38;2;122;138;136;48;2;70;71;71m=[0m[38;2;92;100;101m▀[38;2;40;72;98m'   [0m
            [7m[38;2;66;64;51m▀[0m[38;2;54;50;37;48;2;108;112;106m▀[38;2;76;70;71;48;2;118;123;120m=[38;2;104;101;99;48;2;114;118;119mz[38;2;80;73;74;48;2;121;124;122m=[38;2;133;132;119;48;2;108;113;113m-[0m[38;2;34;53;68m▌[38;2;115;115;107;48;2;45;49;50m▀[0m[38;2;82;94;101mQ[38;2;93;89;76m▀[38;2;55;68;75m▀[38;2;110;107;94;48;2;47;52;56m▀[0m[38;2;94;112;119m'[38;2;89;98;98m▀ [0m [38;2;167;2;3m▀[38;2;170;2;2m▀[38;2;173;2;2m▀[38;2;173;2;3m▀[38;2;162;3;5m▀[38;2;143;6;8m~  [7m[38;2;83;78;69m▌[0m[38;2;85;75;72;48;2;126;124;118m=[38;2;84;76;74;48;2;126;127;123m=[38;2;82;76;75;48;2;126;127;124m=[38;2;84;74;73;48;2;126;125;123m=[38;2;83;74;73;48;2;107;109;109m=[38;2;112;6;8;48;2;79;76;78m▀[0m [38;2;65;3;3mv               [0m
         [7m[38;2;81;77;67m▀[38;2;108;105;100m▀[0m[38;2;131;137;129;48;2;91;84;77m=[38;2;131;140;137;48;2;101;95;91m=[38;2;132;140;138;48;2;101;96;93m=[38;2;131;140;138;48;2;101;96;94m=[38;2;132;140;138;48;2;99;97;96m=[38;2;120;136;141;48;2;69;72;77m=[0m[38;2;44;57;68m▀[38;2;69;82;86m,                [0m [7m[38;2;85;88;83m▀[0m[38;2;45;38;34m~[38;2;103;100;98m▀[38;2;135;142;139;48;2;97;91;88m=[38;2;133;141;139;48;2;102;96;94m=[38;2;133;141;140;48;2;102;96;95m=[38;2;133;140;141;48;2;103;96;95m=[38;2;133;139;142;48;2;92;85;84m=[0m[7m[38;2;112;106;106m▀[38;2;87;84;84m▀[0m[38;2;52;48;46m,[0m             [0m
     [38;2;65;66;61mm[38;2;101;104;99mm[38;2;109;111;111;48;2;77;78;70mm[38;2;87;80;79;48;2;108;115;119m=[38;2;90;82;81;48;2;110;117;122m=[38;2;115;120;121;48;2;91;94;98mE[38;2;115;117;117;48;2;78;81;85m@[38;2;109;109;112;48;2;63;65;70m@[0m[38;2;120;116;116m▀[38;2;96;106;111m▀[38;2;72;94;107m~ [7m[38;2;65;54;32m▌[0m[38;2;95;83;76;48;2;115;114;115m=[0m[7m[38;2;96;96;99m▀[0m   [38;2;107;110;110m_ [0m       [7m[38;2;76;69;66m▀[0m[38;2;61;71;76m,[0m [38;2;72;63;51;48;2;117;110;107m▀[38;2;120;115;114;48;2;85;108;125m▌[0m   [38;2;70;70;69m▀[38;2;118;114;112m▀[38;2;145;145;139;48;2;77;77;78m-[38;2;146;147;142;48;2;100;101;100m-[38;2;93;84;80;48;2;119;123;125m=[38;2;92;82;77;48;2;119;122;123m=[38;2;92;80;76;48;2;118;120;123m=[38;2;93;80;76;48;2;114;116;118m=[0m[7m[38;2;101;100;101m~[38;2;86;89;88m~[0m[38;2;90;96;96mm[38;2;95;121;130m-        [0m
            [38;2;74;1;2;48;2;134;1;3m▌[38;2;129;1;2;48;2;163;1;3mE[0m[38;2;93;3;2m▌  [0m [38;2;135;130;126;48;2;85;74;72m=[38;2;140;137;139;48;2;90;79;78m=[0m[38;2;93;95;101mA[7m[38;2;95;35;29mw[38;2;162;2;3m▀[0m[38;2;72;5;8;48;2;174;1;3m▀[38;2;134;1;1;48;2;172;2;3mE[38;2;136;0;0;48;2;161;2;3m_[38;2;164;1;1;48;2;120;1;1m#[38;2;162;2;2;48;2;112;1;1m#[38;2;163;1;1;48;2;126;1;2m#[38;2;136;0;0;48;2;166;1;2m_[38;2;148;0;1;48;2;173;1;2mE[38;2;105;1;2;48;2;173;1;1m▀[0m[7m[38;2;169;1;2m▀[38;2;95;1;2m▀[0m[38;2;91;78;67m▀[7m[38;2;95;87;88m_[0m[38;2;78;82;94m▀ [0m  [38;2;100;0;4;48;2;150;1;2m'[38;2;158;2;3;48;2;109;2;3mp[0m                  [0m
             [38;2;165;2;2;48;2;76;1;1m▀[38;2;176;3;2;48;2;156;2;2mz[38;2;191;9;7;48;2;136;1;1m_[0m[7m[38;2;144;3;2m~[38;2;166;2;3m▀[38;2;171;2;3m▀[0m[38;2;178;4;5;48;2;108;1;1mm[38;2;191;4;4;48;2;161;3;4mz[38;2;182;4;4;48;2;144;4;4m+[0m[38;2;173;5;5m▀[38;2;111;4;4m▀[38;2;121;7;7m~[0m     [38;2;100;2;2m▀[38;2;173;3;4m▀[38;2;176;2;1;48;2;103;1;2m▀[38;2;178;3;3;48;2;157;1;2mE[38;2;181;2;3;48;2;159;1;2mz[38;2;191;5;5;48;2;126;0;1m_[0m[7m[38;2;160;1;2m▀[38;2;135;1;1m~[0m[38;2;186;6;6;48;2;138;1;1m_[38;2;172;2;3;48;2;152;2;2mz[38;2;160;3;4;48;2;77;2;3m▀[0m[38;2;120;8;11m'                  [0m
               [38;2;134;5;3m▀[38;2;170;4;3m▀[38;2;174;5;4m▀[38;2;162;5;3m▀[7m[38;2;157;7;5m-[0m[38;2;74;3;2;48;2;196;7;6m▀[38;2;87;2;2;48;2;149;7;5m~[0m[38;2;177;10;9m'[7m[38;2;192;6;5m▀[0m[38;2;161;3;2;48;2;205;5;4mZ[38;2;187;3;3;48;2;209;5;4mE[38;2;142;3;3;48;2;206;5;3m▀[38;2;93;0;2;48;2;205;4;4m▀[38;2;157;0;0;48;2;198;2;4m-[38;2;152;0;0;48;2;195;2;3m-[38;2;116;2;3;48;2;192;2;4m▀[0m[38;2;119;1;2m,[38;2;166;2;3;48;2;122;1;2mt[38;2;67;1;1;48;2;177;2;2m▀[38;2;97;1;1;48;2;168;2;3m▀[38;2;76;1;1;48;2;144;2;2mm[0m[38;2;159;1;1m▀[38;2;143;1;1m▀[38;2;140;1;1m▀[38;2;138;4;6m~                    [0m
                   [38;2;171;12;9m▀[38;2;173;14;10m▀[38;2;79;6;4;48;2;184;12;6m▀[38;2;166;5;4;48;2;203;12;6m~[38;2;214;12;6;48;2;202;9;4mE[38;2;216;10;6;48;2;205;8;4mE[48;2;204;7;4mE[38;2;214;8;5;48;2;202;5;3mE[38;2;213;7;5;48;2;201;4;2mE[38;2;210;6;6;48;2;197;3;3mE[38;2;207;6;5;48;2;193;3;2mE[38;2;201;5;4;48;2;184;2;1mE[38;2;210;6;9;48;2;170;2;2m_[0m[7m[38;2;99;3;3m\[0m[38;2;174;2;3m▀[38;2;145;3;4m▀[0m                         [0m
                     [38;2;160;15;8m▀[38;2;217;18;11;48;2;158;16;10m~[38;2;221;16;8;48;2;200;20;12m~[38;2;206;15;9;48;2;215;18;11mE[38;2;205;14;7;48;2;214;17;10mE[38;2;220;12;7;48;2;189;14;8m~[38;2;139;4;3;48;2;194;9;6m_[38;2;216;8;6;48;2;198;7;5m"[38;2;214;7;4;48;2;194;5;4m~[38;2;190;3;2;48;2;161;8;5m▀[0m[38;2;180;2;2m▀[38;2;112;4;4m▀                           [0m
