[0m [38;2;0;0;0m                                         [0m  [38;2;0;0;0m                [0m
 [38;2;0;0;0m                                       [0m [38;2;178;2;4m_[7m[38;2;148;1;3m~[0m [38;2;0;0;0m           [0m [38;2;70;4;5m_   [0m
 [38;2;0;0;0m                                  [38;2;60;1;2my[7m[38;2;117;1;2m▀[38;2;120;1;2m▀[38;2;127;2;2m▀[38;2;106;2;2m~[38;2;109;2;3m_[0m[38;2;162;3;3m▀[38;2;107;2;2m~     [0m [38;2;0;0;0m       [38;2;122;3;6mz[0m [38;2;0;0;0m  [0m
 [38;2;0;0;0m   [0m [38;2;0;0;0m                             [0m [38;2;167;1;2;48;2;148;1;2m,[38;2;190;2;3m_[38;2;94;6;5;48;2;122;2;2m_[0m[38;2;140;5;6m~[0m [38;2;0;0;0m        [7m[38;2;88;1;2m▌[0m [38;2;54;3;4m    [38;2;93;1;4m_[7m[38;2;111;0;2m▀[0m[38;2;169;1;2;48;2;150;1;2m,[0m[38;2;129;4;5m▌  [0m
 [38;2;0;0;0m   [0m [38;2;79;2;2m▌                [0m [38;2;0;0;0m           [7m[38;2;131;2;3m▌[0m[38;2;125;0;1;48;2;154;2;3m-[38;2;124;0;2;48;2;154;2;2m-[0m[38;2;88;4;4m▌ [38;2;50;5;4m.      [0m [7m[38;2;104;1;3m▀[38;2;114;3;3m_[0m [38;2;0;0;0m   [7m[38;2;111;1;2m▀[38;2;125;2;3m_[38;2;147;2;3m_[38;2;145;2;3m_[0m[38;2;103;4;5m▀  [0m
 [38;2;0;0;0m  [0m [7m[38;2;103;2;3m▀[0m[38;2;99;3;3m▌               [38;2;101;2;2ma[38;2;122;9;11m'    [0m [38;2;90;10;9m,[0m [38;2;0;0;0m   [38;2;107;2;4m_[38;2;172;1;3;48;2;147;2;3m,[38;2;156;0;2;48;2;166;2;3mc[38;2;156;1;2;48;2;165;2;3md[0m[38;2;128;5;5m▌ [0m [38;2;63;8;5m,     [7m[38;2;133;1;3m▌[0m[38;2;162;3;2;48;2;144;2;3m'[0m [38;2;60;6;6m   [0m [38;2;118;6;6m~      [0m
 [38;2;0;0;0m  [7m[38;2;104;1;2m`[0m[38;2;118;3;4m▌              [38;2;109;5;5mi [7m[38;2;97;2;3m_[0m [38;2;0;0;0m    [7m[38;2;114;1;3m▌[0m[38;2;78;3;4m▌   [0m [38;2;133;0;2;48;2;153;1;2m'[38;2;178;2;3;48;2;162;1;2mW[38;2;179;2;4;48;2;163;1;2mW[38;2;177;2;3;48;2;161;1;2mW[38;2;180;5;6;48;2;152;2;2m.[0m[7m[38;2;163;2;3m▀[38;2;161;1;4m▀[0m[38;2;97;5;4m▌     [38;2;146;4;6;48;2;119;1;2m:[0m[38;2;124;3;3m▌            [0m
 [38;2;0;0;0m [0m [7m[38;2;135;2;3m▌[0m[38;2;109;4;4m▌              [38;2;71;1;3;48;2;115;3;4m▌[0m   [38;2;0;0;0m    [0m [7m[38;2;135;1;2m_[38;2;130;3;3m`[0m [38;2;66;5;6m [7m[38;2;170;2;4m▌[0m[38;2;170;3;3;48;2;181;2;3m^[38;2;175;3;4;48;2;183;2;3m^[38;2;175;2;3m^[38;2;193;3;5;48;2;180;2;3m,[38;2;169;2;3;48;2;179;2;4mW[38;2;130;5;5;48;2;167;2;3m_[38;2;184;3;6;48;2;165;3;5m,[0m[38;2;82;7;6m_ [38;2;164;4;6m_[7m[38;2;95;2;3m▀[0m [38;2;0;0;0m [38;2;91;2;5m▀[0m [38;2;0;0;0m  [0m [38;2;67;3;3m▌        [0m
 [38;2;0;0;0m  [0m [38;2;82;2;3m▀[0m [38;2;0;0;0m            [0m [38;2;133;0;1;48;2;145;1;2m'[0m[7m[38;2;122;2;2m~[0m[38;2;99;0;0m_   [0m  [38;2;52;0;1m [7m[38;2;111;0;1m▌[0m[38;2;148;0;1;48;2;166;1;3m'[38;2;84;0;2;48;2;154;1;2m"[0m[7m[38;2;141;1;2m~[0m[38;2;157;0;1;48;2;174;1;2m'[38;2;164;0;1;48;2;180;1;2m'[38;2;164;0;2m'[38;2;163;0;1;48;2;178;2;2m'[38;2;161;0;2;48;2;177;2;2m'[38;2;179;2;2;48;2;169;2;3m^[0m[7m[38;2;145;1;2m`[0m[38;2;152;0;2;48;2;165;1;2m'[38;2;134;2;4;48;2;143;2;3m,[0m[7m[38;2;158;1;2m▀[38;2;128;2;3m_[0m[38;2;65;3;2m^  [38;2;104;0;0m_[38;2;61;2;4m+[0m [38;2;65;0;0m_[38;2;127;2;3m*[0m [38;2;85;0;0m_       [0m
 [38;2;0;0;0m    [38;2;97;12;15m`  [38;2;102;7;11m_   [0m [38;2;89;3;5my[0m [38;2;0;0;0m   [7m[38;2;118;2;4m▌[0m[38;2;183;2;6;48;2;158;2;2m=[38;2;184;2;4;48;2;159;2;2m=[38;2;177;2;2;48;2;136;3;4m,[0m[38;2;177;2;2m   [38;2;78;1;5m_[38;2;105;3;5;48;2;142;2;3m~[0m[7m[38;2;156;2;3m▀[0m[38;2;195;2;5;48;2;171;2;3m,[38;2;178;1;3;48;2;193;2;4mC[38;2;213;2;3;48;2;188;2;3m=[38;2;214;2;3;48;2;189;2;3m=[38;2;216;3;3;48;2;190;2;2m=[38;2;217;4;4;48;2;192;2;2m=[38;2;216;3;3;48;2;191;2;2m=[38;2;181;2;3;48;2;197;3;2mT[38;2;212;3;3;48;2;188;2;3m=[38;2;209;2;3;48;2;183;2;2m=[38;2;172;1;3;48;2;181;2;4mM[0m[38;2;90;3;4m▀[0m [38;2;157;4;4m▌[0m [38;2;48;5;4m [0m [7m[38;2;157;2;3m▀[0m[38;2;158;2;3m▌ [0m [38;2;118;4;6m"[0m [7m[38;2;112;1;3m▌[0m[38;2;156;3;4m▌     [38;2;58;4;6m_ [0m
 [38;2;0;0;0m       [7m[38;2;143;1;2m▌[38;2;154;1;3m▀[0m[38;2;96;0;0m_  [0m [38;2;105;1;2m*[38;2;60;2;1m_   [7m[38;2;124;1;2m▌[0m[38;2;164;2;2;48;2;154;1;1m^[38;2;144;0;0;48;2;115;2;3m'[0m [38;2;0;0;0m [7m[38;2;106;1;2m▀[0m[38;2;136;0;1;48;2;161;1;2m'[38;2;157;1;2;48;2;174;1;2m'[38;2;163;0;2;48;2;179;2;2m'[38;2;167;0;3;48;2;182;1;3m'[38;2;171;0;2;48;2;185;1;3m'[38;2;194;3;4;48;2;185;2;3m^[38;2;195;3;3;48;2;185;2;2m^[38;2;194;3;3m^[38;2;195;3;3m^[38;2;173;1;2;48;2;187;1;2m,[38;2;173;0;2m'[38;2;192;2;2;48;2;183;1;2m^[38;2;189;2;4;48;2;179;1;2m^[38;2;157;1;2;48;2;164;2;3m:[0m [38;2;103;3;3m▌[0m [38;2;45;2;2m  [7m[38;2;152;1;2m▌[0m[38;2;146;0;1;48;2;162;1;2m'[38;2;137;0;1;48;2;161;2;2m`[0m[38;2;105;2;3m▌ [0m [7m[38;2;118;1;2m~[0m[38;2;159;2;3;48;2;149;1;2m^[0m[38;2;116;4;4m▌   [7m[38;2;84;1;2m▀[38;2;111;2;2m▀[0m [38;2;55;3;4m [0m
 [38;2;0;0;0m    [0m [38;2;0;0;0m  [38;2;70;0;2m"[38;2;183;2;5;48;2;155;1;2m:[38;2;188;2;4;48;2;160;1;3m:[0m[38;2;80;3;4mL   [0m [38;2;0;0;0m [0m  [38;2;0;0;0m [38;2;107;1;4;48;2;128;1;2mr[38;2;197;3;7;48;2;150;3;4m:[0m[7m[38;2;90;2;4m▌[0m[38;2;73;5;4m,[7m[38;2;179;2;3m▌[0m[38;2;198;2;3;48;2;183;2;3mg[38;2;203;2;3;48;2;188;2;2mg[38;2;206;2;4;48;2;191;2;2mg[38;2;208;2;4;48;2;193;2;2mgg[38;2;207;2;4;48;2;192;2;2mg[38;2;207;2;3;48;2;191;1;2mq[38;2;151;2;2;48;2;189;2;2m_[38;2;203;2;2;48;2;189;1;2mg[38;2;202;2;3;48;2;189;2;2mg[38;2;207;2;4;48;2;190;2;2mz[38;2;204;2;4;48;2;186;2;3mz[38;2;67;2;1;48;2;168;3;4m,[0m[7m[38;2;119;3;3m4[38;2;140;1;3m~[0m[38;2;202;3;6;48;2;128;4;4m:[0m [38;2;156;4;7m_[7m[38;2;114;2;2m▀[0m[38;2;204;2;7;48;2;171;2;3m:[38;2;192;1;3;48;2;176;2;3mg[38;2;190;2;3;48;2;175;2;2mg[38;2;195;4;4;48;2;129;3;4m:[0m[38;2;195;4;4m [0m [38;2;174;2;3;48;2;159;2;2mg[38;2;183;4;6;48;2;157;3;3m:[0m [38;2;72;6;7m. [0m [7m[38;2;117;1;2m,[0m[38;2;158;2;3m▌  [0m
 [38;2;0;0;0m [0m  [38;2;130;0;1m_[0m [7m[38;2;83;2;2m▀[0m [38;2;0;0;0m [7m[38;2;151;1;3m▌[0m[38;2;176;1;4;48;2;161;1;1mT[38;2;153;1;1;48;2;119;2;3m,[0m[38;2;153;1;1m      [0m [38;2;65;2;3m_[7m[38;2;166;1;3m▌[0m[38;2;166;1;2;48;2;179;2;3mz[0m[7m[38;2;147;1;3m`[0m[38;2;159;3;4m▌[7m[38;2;173;1;2m▌[0m[38;2;203;1;5;48;2;188;1;2mT[38;2;207;1;6;48;2;190;1;2mT[38;2;207;2;5;48;2;191;1;3mT[38;2;208;1;4;48;2;192;1;3mT[38;2;207;1;4;48;2;190;1;2mT[38;2;207;1;5mT[38;2;170;1;1;48;2;186;2;3m:[0m[7m[38;2;136;2;3mi[0m[38;2;200;1;3;48;2;184;1;2mT[38;2;201;1;3mT[48;2;183;1;2mT[38;2;201;1;4mT[0m[7m[38;2;156;2;4m`[0m[38;2;198;1;4;48;2;183;1;2mT[38;2;201;2;5;48;2;184;1;2mT[38;2;174;0;2;48;2;168;2;2m,[38;2;98;0;3;48;2;169;1;2m~[38;2;197;1;3;48;2;182;2;2mT[38;2;198;1;3;48;2;181;1;2mT[38;2;197;2;3;48;2;180;2;2mT[38;2;195;2;3;48;2;178;2;2mT[38;2;191;2;3;48;2;174;2;2mT[38;2;173;2;3;48;2;66;3;3m▌[0m[38;2;173;2;3m [0m [38;2;160;1;5;48;2;148;1;3m'[0m[38;2;156;1;2m▌ [38;2;115;3;4m1  [0m [38;2;144;1;2;48;2;69;4;4m▌[0m[38;2;144;1;2m  [0m
 [38;2;0;0;0m   [7m[38;2;73;1;2m▌[38;2;145;2;2m▀[0m[38;2;164;6;10m`[38;2;79;2;2;48;2;122;2;3m▀[0m  [38;2;186;5;7;48;2;152;2;4m:[38;2;189;4;5;48;2;157;3;4m:[0m [38;2;0;0;0m [38;2;109;3;6ma  [0m [38;2;101;4;4mz[0m [38;2;97;1;1;48;2;149;2;3m~[38;2;200;4;5;48;2;182;2;3mz[38;2;203;3;4;48;2;186;2;2mz[38;2;209;3;4;48;2;189;2;2mz[38;2;210;3;4;48;2;193;1;2mz[48;2;193;2;2mzz[38;2;208;3;4;48;2;191;2;2mzz[48;2;190;2;3mz[0m[7m[38;2;164;3;4m_[38;2;116;3;5m*[0m[38;2;80;1;1;48;2;142;2;2mF[0m[38;2;191;3;5m▀[38;2;175;5;6m▀[7m[38;2;143;2;5m-[0m[38;2;60;1;2;48;2;171;2;4m=[0m[7m[38;2;128;3;4mf[0m[38;2;203;3;4;48;2;186;2;4mg[38;2;207;3;5;48;2;188;2;3mz[38;2;203;2;4;48;2;187;2;3mg[38;2;203;3;4;48;2;186;2;3mp[38;2;214;5;5;48;2;185;3;4m:[0m[38;2;124;3;4m▀[38;2;217;4;9;48;2;182;2;4m:[38;2;202;4;5;48;2;183;2;3mz[38;2;199;3;5;48;2;181;2;3mz[0m[38;2;181;2;3m▌[38;2;94;1;1m_[7m[38;2;126;2;3m▀[0m[38;2;140;3;5m▀[0m [38;2;30;2;3m [38;2;183;4;7;48;2;125;2;3m:[0m[38;2;92;4;5mL  [7m[38;2;115;5;5m▌[0m[38;2;59;0;1m  [0m
[38;2;69;2;3;48;2;149;2;3m▀[0m [38;2;43;4;6m   [7m[38;2;155;1;2m▌[0m[38;2;131;0;1;48;2;155;1;2m:[0m[7m[38;2;143;1;3m'[0m[38;2;129;0;1;48;2;144;2;4m:[0m[7m[38;2;96;3;3m▀[0m[38;2;93;0;1m`[38;2;115;0;3;48;2;147;1;3m,[0m[38;2;134;3;4m▌ [7m[38;2;99;2;3m▌[38;2;110;2;3m▀[38;2;106;0;1m▀[0m[38;2;116;1;3;48;2;164;1;3m~[0m[38;2;156;2;4m▌[7m[38;2;152;1;4m▌[0m[38;2;168;1;2;48;2;190;1;3mz[38;2;171;1;2;48;2;194;1;3mz[48;2;195;1;3mz[0m[7m[38;2;177;2;3m.[0m[38;2;169;1;2;48;2;195;1;3mz[38;2;189;2;3;48;2;150;2;3m'[38;2;90;0;1;48;2;173;1;3m,[38;2;170;1;1;48;2;194;2;2mz[0m[7m[38;2;141;3;4my[38;2;171;1;2m▀[38;2;161;1;3m`[0m[38;2;164;0;0;48;2;181;2;4m`[0m[7m[38;2;112;3;4my[38;2;185;1;4m▀[0m[38;2;139;0;2;48;2;186;1;3m`[38;2;172;1;1;48;2;195;1;3mz[38;2;163;0;0;48;2;184;3;4m:[38;2;89;2;3;48;2;177;1;4m▌[38;2;173;1;1;48;2;197;1;3mz[38;2;173;1;2mz[38;2;174;1;1;48;2;198;2;3mz[38;2;161;0;1;48;2;179;2;4m:[0m[38;2;90;2;3m▀[38;2;67;0;1m_[38;2;81;0;2;48;2;185;1;3m▌[38;2;168;1;2;48;2;191;1;3mz[38;2;165;1;2;48;2;188;2;3mz[0m[38;2;137;2;3m▌[38;2;150;0;1;48;2;163;1;4m:[0m[38;2;157;4;4m▌[38;2;82;0;2m_[7m[38;2;119;2;4m▀[38;2;103;0;2m▌[0m[38;2;148;1;2;48;2;169;1;3mz[38;2;156;0;1;48;2;129;2;3m,[0m[38;2;156;0;1m  [7m[38;2;141;2;4m▌[0m [38;2;0;0;0m [0m
[38;2;144;2;4m▀[38;2;134;4;5m▌   [7m[38;2;116;1;3m▌[0m[38;2;97;2;1;48;2;159;2;2m_[38;2;179;3;6mz[38;2;185;5;9;48;2;119;3;4m:[0m[7m[38;2;101;4;6m▌[0m [7m[38;2;105;2;3m▌[0m[38;2;187;4;8;48;2;131;4;4m:[0m[38;2;187;4;8m [0m [7m[38;2;122;2;4m▌[0m[38;2;194;3;5;48;2;169;2;2mz[38;2;200;3;5;48;2;178;2;3mz[38;2;204;3;4;48;2;179;2;3mz[0m[7m[38;2;139;2;3m^[38;2;156;2;3m.[0m[38;2;207;3;4;48;2;186;2;2mz[38;2;207;3;5;48;2;185;2;3mz[0m[38;2;112;3;4m▌[38;2;132;2;3m▀[38;2;130;4;5m▀[38;2;93;3;5my[38;2;219;4;5;48;2;179;3;4m:[0m[7m[38;2;142;2;4m'[0m[38;2;210;3;4;48;2;188;2;3mz[38;2;210;4;4;48;2;190;2;2mz[38;2;211;3;5;48;2;187;3;3mz[0m[7m[38;2;153;2;3m'[0m[38;2;209;3;5;48;2;190;2;3mz[48;2;189;2;3mz[38;2;210;3;4mz[38;2;149;5;5;48;2;81;3;4m▌[38;2;220;5;9;48;2;176;2;4m:[38;2;161;3;5;48;2;194;3;3m_[38;2;118;0;4;48;2;186;2;3m_[38;2;214;3;4;48;2;195;2;2mz[38;2;224;5;5;48;2;190;3;4m:[38;2;223;4;5;48;2;184;2;3m:[38;2;221;5;6;48;2;186;2;3m:[38;2;97;1;3;48;2;172;2;2m"[38;2;207;4;4;48;2;187;2;3mz[38;2;206;3;4;48;2;187;2;2mz[0m[38;2;183;3;3m▌[38;2;201;6;9;48;2;143;1;2m:[0m[38;2;176;3;4m▌[7m[38;2;106;2;3m▌[0m[38;2;190;4;5;48;2;164;2;3mz[38;2;200;5;5;48;2;159;2;3m:[0m[7m[38;2;148;3;4m_[0m[38;2;102;4;4m~  [38;2;83;4;4m4[0m [38;2;0;0;0m [0m
    [38;2;25;1;2m  [38;2;89;5;9m'[38;2;102;2;3m▀[0m [7m[38;2;88;78;67m▀[38;2;56;57;59m▀[38;2;93;90;81m▀[0m[38;2;145;6;9m"[38;2;70;56;40m_[7m[38;2;125;115;111m▀[38;2;83;82;85m▀[0m[38;2;69;0;1;48;2;146;1;2m,[38;2;166;0;2;48;2;190;1;3mz[38;2;168;1;1;48;2;193;2;4mz[38;2;169;1;2;48;2;194;2;3mz[38;2;96;1;1;48;2;173;2;3m`[38;2;142;1;1;48;2;172;1;3mh[38;2;166;1;1;48;2;192;1;3mz[0m[7m[38;2;149;1;3m`[38;2;107;2;3m▀[0m [38;2;176;1;4;48;2;151;1;3m,[38;2;153;0;0;48;2;174;1;3m:[38;2;171;1;1;48;2;190;1;3mb[38;2;174;1;1;48;2;198;1;3mz[38;2;176;0;1;48;2;199;1;3mz[38;2;176;1;2;48;2;196;2;4mq[38;2;178;1;2;48;2;199;2;3mz[38;2;174;1;1;48;2;198;2;3mz[48;2;197;2;3mz[38;2;81;1;1;48;2;148;3;4my[0m[7m[38;2;144;2;4m^[38;2;115;2;3ms[0m[38;2;73;0;1;48;2;197;2;3m▀[38;2;168;0;0;48;2;193;1;3m:[38;2;182;1;2;48;2;204;1;3mz[38;2;181;1;2;48;2;202;2;3mz[38;2;177;1;1;48;2;200;2;2mz[38;2;173;1;1;48;2;196;2;2mz[38;2;169;1;2;48;2;194;2;3mz[38;2;167;1;1;48;2;192;1;3mz[38;2;164;1;1;48;2;189;1;3mz[38;2;152;0;1;48;2;176;2;3m:[0m[7m[38;2;109;2;3m\[0m[38;2;172;1;2;48;2;130;3;4m,[0m [38;2;167;2;6;48;2;137;1;3m'[38;2;88;2;2;48;2;140;3;4mu[0m  [38;2;0;0;0m     [0m
 [38;2;0;0;0m [0m [38;2;112;3;5m▌   [38;2;94;87;72m_[7m[38;2;108;105;103m▀[0m[38;2;121;128;131;48;2;109;107;108mg[38;2;102;100;103;48;2;117;120;121mR[38;2;122;130;129;48;2;110;110;108mg[38;2;36;50;59;48;2;89;93;93m"[38;2;55;50;45;48;2;106;102;97m~[38;2;108;101;103;48;2;127;122;120mP[38;2;138;130;129;48;2;118;110;112mg[38;2;47;54;64;48;2;131;2;2m▌[38;2;151;0;0;48;2;185;2;3m-[38;2;79;3;3;48;2;145;3;5mj[38;2;155;0;0;48;2;189;3;4m-[38;2;209;6;5;48;2;166;3;4m:[38;2;135;1;4;48;2;164;2;2m,[38;2;160;0;1;48;2;194;3;3m-[38;2;160;0;0;48;2;195;2;2m-[38;2;161;0;0;48;2;195;3;3m-[38;2;171;4;5;48;2;72;2;2m▌[38;2;217;6;9;48;2;181;2;4m:[38;2;161;0;0;48;2;197;2;2m-[38;2;166;0;0m-[48;2;198;2;3m-[38;2;88;4;4;48;2;160;3;3my[38;2;104;2;3;48;2;162;2;3m^[38;2;166;0;0;48;2;202;2;3m-[38;2;166;0;1;48;2;200;2;3m-[38;2;205;9;11;48;2;149;3;4m:[0m[38;2;115;3;5m▀[7m[38;2;160;1;2m▀[0m[38;2;112;0;1;48;2;189;1;2m~[38;2;169;0;1;48;2;202;2;3m-[38;2;170;0;1;48;2;203;2;3m--[38;2;173;0;0;48;2;204;2;2m-[38;2;222;4;6;48;2;194;2;3m:[0m[38;2;191;3;3m▀[38;2;125;4;5m▀[38;2;145;5;4m~[38;2;132;3;3m▀[38;2;103;3;7;48;2;158;2;4m,[0m[38;2;154;4;6m▌[7m[38;2;131;2;3m_[0m[38;2;89;4;2m,[38;2;190;6;7;48;2;133;2;3m:[0m[38;2;153;5;7m▌[7m[38;2;167;2;3m▌[0m [38;2;0;0;0m     [0m
 [38;2;0;0;0m  [7m[38;2;132;1;4m▌[0m[38;2;92;3;3m▌[38;2;120;4;7m_ [7m[38;2;69;67;62mW[0m[38;2;75;83;91m▀[38;2;48;61;75m~[38;2;44;53;64m`[38;2;53;56;59m~[7m[38;2;61;58;54ms[38;2;95;93;88m=[38;2;92;87;85m_[38;2;98;92;94m-[38;2;125;1;3m▌[0m[38;2;150;1;1;48;2;177;2;4mz[0m[38;2;100;3;5m▌[38;2;148;0;0;48;2;169;1;3m:[0m[38;2;172;4;5m▌[38;2;121;1;3;48;2;159;1;3m~[38;2;167;1;2;48;2;193;2;4mz[38;2;170;1;2;48;2;196;2;3mz[38;2;171;1;2;48;2;198;2;3mz[38;2;174;1;3;48;2;200;2;4mz[38;2;175;1;3;48;2;201;2;4mz[38;2;164;0;1;48;2;179;3;4m:[38;2;70;1;2;48;2;185;1;3m▌[38;2;169;1;1;48;2;191;3;5mz[0m [38;2;172;1;2;48;2;194;2;4mz[38;2;175;0;2;48;2;200;2;3mz[38;2;177;1;2;48;2;201;2;4mz[38;2;188;3;5;48;2;87;2;2m▌[0m[7m[38;2;119;1;3m▌[0m[38;2;173;0;2;48;2;199;2;3mz[38;2;179;1;3;48;2;204;2;4mz[38;2;175;1;2;48;2;202;2;3mz[38;2;172;1;1;48;2;199;2;3mz[38;2;178;0;2;48;2;199;2;4mz[0m[38;2;194;2;4m▀[0m [38;2;81;4;4m    [7m[38;2;104;1;3m▌[0m[38;2;140;0;1;48;2;165;2;4m:[0m[38;2;94;3;4m▌[38;2;81;2;3m~[38;2;171;1;2;48;2;144;1;4m,[0m[38;2;99;4;5m▌[38;2;213;1;1;48;2;196;0;2m,[0m[38;2;167;5;6m▌     [0m
 [38;2;104;6;12m. [0m [38;2;177;5;5;48;2;146;2;4m:[38;2;170;5;6;48;2;125;3;3m:[0m [38;2;51;52;37mu[38;2;102;92;61m`[7m[38;2;83;80;75m~[38;2;88;94;97m▀[38;2;99;99;87m▌[0m[38;2;34;41;52;48;2;96;103;103m_[0m[7m[38;2;87;99;99m-[0m[38;2;85;88;83mw[7m[38;2;81;84;87m=[0m [38;2;139;3;4m▀[38;2;113;5;6m▌[7m[38;2;169;2;3m▌[0m[38;2;76;2;3;48;2;157;2;3m"[38;2;148;0;0;48;2;181;2;4m-[38;2;150;0;1;48;2;184;2;3m-[38;2;85;1;2;48;2;166;3;4m_[38;2;159;0;1;48;2;187;2;3m-[38;2;157;0;0;48;2;190;2;3m_[38;2;161;0;0;48;2;191;2;4m_[38;2;202;6;9;48;2;138;3;4m:[0m[7m[38;2;78;1;1m▌[0m[38;2;202;5;6;48;2;173;2;3m:[0m[38;2;115;3;4m▌[38;2;73;0;1;48;2;154;2;4m_[38;2;160;0;0;48;2;191;2;4m-[38;2;162;0;1;48;2;194;2;4m-[38;2;164;0;1;48;2;195;2;4m-[38;2;205;4;7;48;2;182;1;2mz[38;2;162;0;1;48;2;193;2;4m-[38;2;159;0;0;48;2;191;2;3m_[38;2;156;0;0;48;2;188;2;3m-[0m[7m[38;2;164;3;4m_[0m[38;2;99;5;5m▀      [7m[38;2;101;1;2m▌[0m[38;2;140;0;0;48;2;172;2;3m-[38;2;92;3;2;48;2;136;3;2m~[0m[7m[38;2;141;1;2m~[0m[38;2;158;4;5;48;2;79;2;2m▀[0m[7m[38;2;145;1;2m▌[0m[38;2;222;0;2;48;2;212;1;2m:[0m[38;2;145;5;6m▌     [0m
 [7m[38;2;94;2;4m▌[0m[38;2;89;1;3my[7m[38;2;126;1;3m▌[0m[38;2;202;2;3;48;2;166;1;2m-[38;2;140;1;1;48;2;162;2;4mt[0m[38;2;80;3;3m▌[0m [7m[38;2;69;66;63m_[38;2;115;112;113m▀[38;2;70;75;74m=[0m[38;2;47;39;27;48;2;75;91;94m▌[0m[7m[38;2;64;72;70m`[0m [38;2;113;2;5m=[0m [38;2;99;99;94m▌  [7m[38;2;127;2;4m▌[0m[38;2;65;6;8;48;2;164;2;2m_[0m[7m[38;2;157;1;3m_[0m[38;2;169;2;3;48;2;82;2;4m▀[38;2;73;2;3;48;2;142;2;3m^[38;2;178;0;2;48;2;194;2;2mz[0m[7m[38;2;147;4;5my[0m[38;2;81;0;2;48;2;192;1;3m▌[38;2;159;0;0;48;2;186;2;3m.[0m[38;2;90;4;5m_[38;2;104;1;2m~[38;2;96;1;4;48;2;164;2;3m_[0m[38;2;194;3;5m_[7m[38;2;166;1;3m_[0m[38;2;172;1;1;48;2;190;2;3mL[38;2;178;0;2;48;2;196;1;3mz[38;2;178;0;3;48;2;196;1;4mz[38;2;175;1;2;48;2;191;2;3mz[0m[7m[38;2;158;2;3m_[0m[38;2;122;3;3m▀[0m [38;2;84;2;3m▌      [38;2;70;1;2;48;2;174;1;4m▌[38;2;215;1;4;48;2;176;1;3m-[38;2;80;2;3;48;2;154;3;4mj[38;2;174;1;2;48;2;187;2;3mz[0m[38;2;124;2;3m▌[38;2;191;2;1;48;2;159;1;2m'[0m[38;2;162;4;5m▌      [0m
 [7m[38;2;138;2;3m▀[0m[38;2;176;6;4;48;2;150;2;2m:[38;2;86;0;1;48;2;158;2;2m~[38;2;141;0;2;48;2;171;2;3m_[38;2;139;0;2;48;2;170;2;3m-[38;2;70;2;3;48;2;120;2;3m"[0m  [38;2;79;80;77m~[38;2;87;103;106m▀[7m[38;2;91;100;94m▌[38;2;69;75;78mk[38;2;61;65;63m▀[0m[38;2;76;90;89m_[7m[38;2;62;69;65m▀[0m[38;2;54;61;72;48;2;83;87;86m-[0m[38;2;40;69;79mr[0m  [38;2;15;10;8m [38;2;123;10;10mi[7m[38;2;111;2;2m▀[38;2;123;3;3m-[38;2;134;3;4m=[38;2;179;2;2m▀[0m[38;2;204;5;6;48;2;186;2;3m:[38;2;161;0;0;48;2;190;2;3m-[38;2;205;5;6;48;2;171;2;3m:[0m[7m[38;2;183;1;3m▀[0m[38;2;179;0;1m_[38;2;185;6;6m`[38;2;102;4;3m~[38;2;91;2;3m▀[38;2;137;4;5m▀[38;2;104;3;2m▀[38;2;160;11;12m`[0m [38;2;101;3;4m▀[38;2;85;2;3m▀[38;2;138;11;14m`     [7m[38;2;110;1;2m▀[0m[38;2;144;0;1;48;2;174;2;3m_[38;2;75;4;4;48;2;142;4;4mj[0m[7m[38;2;146;2;3m^[0m[38;2;195;5;6;48;2;170;2;2m:[0m[38;2;155;3;4m▌[38;2;122;3;6m▌[0m [38;2;0;0;0m      [0m
 [38;2;80;1;2;48;2;159;2;2m▌[38;2;160;0;1;48;2;171;2;2mc[38;2;160;1;2;48;2;173;2;3mc[38;2;162;0;3;48;2;175;2;3mc[0m[38;2;149;2;3m▀[0m [38;2;129;105;80m_[38;2;82;88;91m_[0m [38;2;69;97;107m+[38;2;60;56;41m"[7m[38;2;68;74;72m=[0m[38;2;81;87;88;48;2;52;55;50m▀[0m[38;2;109;112;102m=[7m[38;2;71;74;66m`[0m[38;2;135;130;117;48;2;108;114;109m'[0m[38;2;44;73;91m▌[7m[38;2;96;85;70m▌[0m[38;2;92;96;96;48;2;97;110;114mc[0m [7m[38;2;129;3;5m▀[0m[38;2;162;2;4m▀[7m[38;2;143;2;4mr[0m[38;2;176;1;3;48;2;187;2;3mz[38;2;182;0;2;48;2;194;2;3mc[38;2;187;1;3;48;2;198;2;4mc[38;2;189;1;3;48;2;200;2;4mc[48;2;200;2;3mc[38;2;185;0;4;48;2;198;2;4mc[38;2;184;1;3;48;2;196;2;3mW[38;2;198;2;3;48;2;145;2;3m'[38;2;104;2;4;48;2;68;2;2mu[38;2;177;3;5;48;2;78;2;3m=[0m[7m[38;2;130;2;4m▀[38;2;113;2;3m▀[0m[38;2;141;6;9m_      [0m [38;2;202;4;5m_[7m[38;2;177;3;5m▀[0m[38;2;89;1;2;48;2;168;2;4my[38;2;71;1;3;48;2;148;3;4m*[38;2;114;3;3;48;2;173;2;3m~[38;2;211;3;6;48;2;177;2;3m-[38;2;171;0;1;48;2;183;2;3mc[0m[38;2;167;4;5m▌[0m [38;2;86;76;57m_[0m [38;2;0;0;0m     [0m
  [38;2;155;1;3m▀[38;2;118;5;7;48;2;156;2;3m,[38;2;63;0;1;48;2;140;2;4m_[0m  [7m[38;2;100;89;83m_[0m[38;2;135;144;146;48;2;109;107;109m:[0m[7m[38;2;89;90;90m~[38;2;93;94;92m▀[0m[38;2;78;74;73m_[38;2;85;84;81m▀[38;2;102;106;103m▀[38;2;84;91;89m▀[38;2;92;103;102m▀[0m [38;2;83;72;66m_[7m[38;2;61;61;57m▀[38;2;56;63;67m▀[0m   [38;2;109;2;4m▀[38;2;89;1;1m~[38;2;106;2;6;48;2;144;1;2mr[38;2;198;3;4;48;2;183;1;1md[38;2;204;3;3;48;2;188;1;1mc[38;2;205;3;4;48;2;188;1;2mc[38;2;91;1;2;48;2;169;2;3m7[0m[7m[38;2;115;2;4m=[0m[38;2;184;2;3;48;2;78;1;2m▀[0m[7m[38;2;165;2;3m`[0m[38;2;88;1;2;48;2;129;2;3m>[38;2;119;3;4;48;2;75;1;2mM[38;2;143;3;4;48;2;79;1;1ma[0m[7m[38;2;149;2;3m=[38;2;146;2;4m-[38;2;129;2;3m-[38;2;111;2;3m~[38;2;94;2;2m~[0m[38;2;124;2;2mg[7m[38;2;106;2;2m`[38;2;146;2;3m-[38;2;161;2;4m=[0m[38;2;80;1;2;48;2;141;1;3m~[0m[7m[38;2;161;2;3m`[38;2;143;3;3m_[38;2;103;2;3m*[38;2;141;1;3m^[0m[38;2;185;5;9;48;2;153;2;3m:[0m [38;2;63;4;5m [7m[38;2;83;76;66m_[38;2;86;90;89m~[0m[38;2;71;78;82m_    [0m
[38;2;93;5;7m`[38;2;133;2;3m=[38;2;95;7;9m,[38;2;85;1;5m`[38;2;110;3;5m▀[38;2;49;4;6m,[7m[38;2;69;57;45m▌[0m[38;2;80;75;62;48;2;98;94;94m_[38;2;55;51;46;48;2;113;116;115m▀[0m[38;2;122;121;111m=[7m[38;2;79;81;77m_[38;2;95;94;91m=[38;2;98;95;91m.[0m[38;2;143;145;143;48;2;110;107;105m-[38;2;142;145;141;48;2;108;105;103m-[38;2;140;145;139m-[38;2;141;146;141;48;2;110;108;108m-[38;2;142;147;144;48;2;111;109;110m-[48;2;108;109;112m-[0m[7m[38;2;80;92;102m_[0m [7m[38;2;81;78;63m▀[0m[38;2;86;99;101m▌[7m[38;2;93;3;5m▌[0m[38;2;96;4;4m~[38;2;139;3;5m_[7m[38;2;82;3;4m$[0m[38;2;182;2;4;48;2;194;2;4mw[38;2;187;2;3;48;2;197;3;4mW[38;2;186;2;3;48;2;194;3;3mW[0m[7m[38;2;172;2;4m`[38;2;184;4;4m▀[0m[38;2;131;2;5m~[38;2;177;2;3m▀[38;2;123;0;3;48;2;171;2;3m,[0m[7m[38;2;148;2;3m~[38;2;135;2;5m▀[38;2;103;3;4ma[0m[38;2;170;2;3m▀[7m[38;2;146;2;3m_[38;2;161;2;3m__[38;2;145;2;2m_[0m[38;2;180;2;3m▀▀[38;2;162;3;4m▀[38;2;153;4;9m_[7m[38;2;166;2;4m▀[0m[38;2;191;2;4;48;2;171;2;4m'[0m[38;2;169;2;4m▀[38;2;85;8;8m' [7m[38;2;94;94;87m▌[38;2;107;112;110m▀[0m[38;2;86;76;61m~[7m[38;2;98;98;91m_[38;2;96;103;105m▀[0m [38;2;0;0;0m  [0m
 [38;2;0;0;0m [38;2;55;0;0m_[38;2;107;0;0m_  [7m[38;2;97;2;3m▌[0m [38;2;80;79;79m~[38;2;94;96;94m▀[38;2;97;99;99;48;2;55;57;54m*[0m[7m[38;2;87;92;88m_[38;2;82;90;91m_[38;2;70;77;79m_[0m[38;2;95;93;90;48;2;49;57;61m*[0m[38;2;63;79;87mr[38;2;92;114;122m`[38;2;87;107;120m`[38;2;42;59;71m`[38;2;82;73;79m_[0m [7m[38;2;90;88;83m_[0m[38;2;89;98;103m▌[0m [38;2;0;0;0m [38;2;126;1;2m▀[0m [38;2;189;1;5;48;2;174;1;3m^[38;2;161;1;1;48;2;182;1;2m,[38;2;161;1;2;48;2;183;1;2m,[38;2;162;1;3m,[38;2;160;1;2;48;2;181;1;2m,[38;2;156;2;3;48;2;167;2;3m'[0m[7m[38;2;175;1;3m▀[0m[38;2;143;0;0m_[38;2;138;2;3m▀[38;2;74;0;1;48;2;164;2;3m_[38;2;152;2;3;48;2;166;2;3m,[0m[7m[38;2;137;2;2m~[38;2;159;2;2m▀[38;2;115;1;2m▀[0m[38;2;143;0;1m_[38;2;142;0;1m_[7m[38;2;159;1;4m▀[38;2;168;2;2m▀[38;2;142;2;2m`[0m[38;2;167;1;3m▀[38;2;128;3;3m▀[0m [7m[38;2;89;79;70m~[0m[38;2;116;120;128;48;2;106;102;99m:[0m[7m[38;2;71;73;80m▀[0m [38;2;77;77;69m▀[38;2;43;52;54;48;2;87;92;92m"[0m[38;2;57;75;88m,[7m[38;2;82;78;72m_[0m[38;2;93;99;103m▌[0m [38;2;0;0;0m [0m
 [38;2;0;0;0m [38;2;139;2;5m`[38;2;84;4;6;48;2;114;2;3m_[0m [38;2;0;0;0m [0m [38;2;84;4;5mT          [7m[38;2;112;107;92m▌[0m[38;2;141;149;146;48;2;112;113;110m-[38;2;51;60;60;48;2;101;109;107m`[0m[38;2;31;49;59mx[38;2;125;124;116;48;2;112;106;99m'[0m[7m[38;2;108;104;106m`[0m[38;2;70;81;86m▌[0m [38;2;79;1;2;48;2;175;2;4m▀[38;2;196;4;4;48;2;181;3;4m'[0m[7m[38;2;168;2;3m,[0m[38;2;183;1;3;48;2;194;2;3mW[38;2;183;2;3;48;2;194;2;2mW[38;2;201;3;5;48;2;184;2;3m'[0m[7m[38;2;151;2;3m_[0m[38;2;183;1;3m▀[38;2;198;4;3;48;2;175;2;3m'[0m[38;2;128;3;4m▌[0m [38;2;158;1;3m▀[7m[38;2;162;2;3m_[0m[38;2;175;2;3;48;2;187;2;3mW[38;2;178;2;3;48;2;191;2;3mW[38;2;181;2;3;48;2;192;2;3mW[38;2;182;2;3mW[38;2;180;2;3;48;2;191;2;3mW[38;2;175;2;3;48;2;183;3;3mW[0m[38;2;153;15;12m'[7m[38;2;110;92;79m`[0m[38;2;149;145;138;48;2;121;111;107m-[0m[7m[38;2;113;112;113m▀[0m[38;2;66;79;86m_[38;2;110;105;102;48;2;55;53;47m▀[38;2;137;142;138;48;2;105;107;107m-[0m[38;2;69;82;89m▌[38;2;115;126;118m_[7m[38;2;77;75;64m▌[0m[38;2;96;89;82;48;2;98;107;105m:[0m [38;2;112;108;95;48;2;102;119;121m▌[0m [38;2;0;0;0m [0m
 [38;2;0;0;0m  [0m [38;2;50;2;5m         [0m [7m[38;2;85;78;68m▀[38;2;98;97;96m~[38;2;95;95;94m`[38;2;96;98;96m`[0m[38;2;73;77;79;48;2;105;111;110m_[0m[7m[38;2;86;96;95m_[0m[38;2;94;115;118m▀[7m[38;2;96;93;80m▌[0m[38;2;111;120;123;48;2;107;106;103mc[38;2;110;120;126;48;2;98;105;108m:[0m [38;2;73;0;1m~[38;2;137;3;4m▀[7m[38;2;146;1;2m▀[0m[38;2;112;0;1;48;2;172;2;3m~[38;2;190;2;3;48;2;177;2;2m^[38;2;95;2;2;48;2;142;2;3mu[0m [38;2;61;1;0m [38;2;137;0;0m_[38;2;155;1;1;48;2;145;2;3m:[0m[38;2;99;2;4m▌[0m [38;2;150;0;0m_[38;2;153;0;0m_[38;2;154;0;0m_[7m[38;2;91;0;1ma[0m[38;2;166;2;3m▀[7m[38;2;164;2;3m_[0m[38;2;186;2;3;48;2;173;1;3m^[0m[38;2;164;2;3m▌[0m [38;2;113;103;98m▀[38;2;75;75;74;48;2;107;102;100m,[38;2;109;115;119;48;2;105;102;100mc[38;2;105;117;121;48;2;98;101;100m:[0m[7m[38;2;73;85;91m▀[0m[38;2;75;108;118m`[38;2;47;44;37m"[38;2;102;108;110m▀[7m[38;2;81;84;83m`[38;2;80;83;82m~[38;2;83;89;87m`[0m[38;2;80;102;110m▀[0m [38;2;0;0;0m [0m
 [38;2;0;0;0m            [38;2;60;53;40;48;2;104;104;97m▌[38;2;35;49;59;48;2;85;97;103my[0m[7m[38;2;72;77;76ma[0m[38;2;85;92;99m▀[38;2;110;111;113m▀[38;2;119;133;133;48;2;80;96;101m'[0m[7m[38;2;94;91;78m▀[38;2;93;93;87m~[0m[38;2;102;103;98;48;2;116;119;110mW[38;2;104;101;92;48;2;116;119;114mL[38;2;117;133;130;48;2;86;94;98m'[0m [38;2;153;11;10m`[7m[38;2;156;3;3m▌[0m[38;2;163;1;2;48;2;176;2;3mC[38;2;165;1;2;48;2;180;2;3m%[38;2;191;4;4;48;2;172;3;3m'[0m[38;2;122;4;4m▌ [38;2;145;4;8m=[38;2;124;4;4m▀[38;2;145;4;6m_[7m[38;2;149;1;4m▀[0m[38;2;103;2;3;48;2;150;2;3m~[0m[38;2;175;2;3m▀[38;2;175;2;4m▀[38;2;176;3;3m▀[38;2;178;2;2;48;2;72;1;1m▀[38;2;101;5;6;48;2;150;2;4m`[0m[7m[38;2;91;3;3m▀[0m[38;2;75;1;3;48;2;164;2;4m▌[0m[38;2;64;6;5m^  [38;2;69;55;40m`[38;2;103;103;97m▀[38;2;94;109;110m▀[7m[38;2;65;67;61mF[38;2;103;106;106m▀[38;2;68;67;63m▀[0m[38;2;135;136;126m_[38;2;137;137;121m_[7m[38;2;106;107;100m▀[0m[38;2;87;117;124m=   [0m
 [38;2;0;0;0m       [0m  [38;2;58;4;5m   [38;2;90;94;97m`[7m[38;2;67;64;55mF[0m[38;2;87;75;71;48;2;106;108;105m_[38;2;102;114;120;48;2;102;105;104mc[0m[7m[38;2;76;87;89m~[0m[38;2;25;40;55m`[7m[38;2;88;91;79m▀[38;2;60;65;64m*[0m[38;2;94;104;105m▀[7m[38;2;81;87;88m=[0m[38;2;108;110;113m▀[38;2;62;69;75m▀[0m [38;2;0;0;0m [0m [7m[38;2;125;2;2m▀[38;2;109;1;2m▀[0m[38;2;164;0;1m_[7m[38;2;101;1;1m▀[38;2;161;2;3m▀[38;2;144;2;3m~[38;2;136;2;4m_[0m[38;2;114;2;4m▀[7m[38;2;76;61;50m▀[38;2;106;93;88m~[38;2;114;101;96m`[38;2;109;99;94m`[38;2;106;102;100m▀[0m[38;2;127;0;0m`[38;2;152;0;2;48;2;142;2;3m'[0m[38;2;55;2;1m"      [38;2;96;101;94m`[38;2;104;104;106m▀[7m[38;2;88;88;88m_[38;2;95;99;99m_[38;2;85;93;93m_[0m[38;2;94;106;109m▀[0m [38;2;25;43;51m   [0m
 [38;2;0;0;0m          [0m [7m[38;2;70;67;57m▀[38;2;92;91;86m~[0m[38;2;126;132;132;48;2;113;115;113m'[38;2;123;131;132;48;2;112;115;114m'[38;2;124;133;133;48;2;112;117;115m'[38;2;124;136;136;48;2;106;118;118m'[0m[38;2;32;53;69m▌[7m[38;2;87;93;90m_[38;2;58;71;75m_[0m[38;2;95;93;82m▀[38;2;58;71;78m▀[7m[38;2;91;91;87m_[0m[38;2;64;72;77m▀[7m[38;2;69;82;85m_[0m  [38;2;173;2;4m▀[38;2;178;3;3m▀[38;2;179;3;3m▀[38;2;176;3;3m▀[38;2;164;5;4m▀[38;2;127;8;8m~  [38;2;89;78;68m▀[38;2;136;133;136;48;2;120;114;112m'[38;2;133;133;135;48;2;119;116;116m'[38;2;131;134;134;48;2;118;116;116m'[38;2;135;134;132;48;2;119;117;114m'[38;2;131;131;125;48;2;103;103;103m,[38;2;116;7;9;48;2;79;78;78m▀[0m  [38;2;55;5;5m               [0m
 [38;2;0;0;0m      [0m [38;2;76;60;45m_[7m[38;2;84;76;70m▀[38;2;106;99;98m▀[38;2;100;95;92m`[0m[38;2;86;78;84;48;2;108;108;107m=[38;2;86;79;81;48;2;107;108;106m=[48;2;108;109;106m=[38;2;85;81;82;48;2;104;109;106m=[0m[7m[38;2;81;94;96m_[0m[38;2;41;60;67m▀[38;2;67;82;92m,                [0m [7m[38;2;78;84;83m▀[0m[38;2;79;71;73m`[38;2;102;100;101m▀[38;2;70;72;74;48;2;103;100;98m,[38;2;91;80;80;48;2;113;109;106m=[38;2;93;80;81;48;2;113;110;105m=[38;2;92;81;81;48;2;112;109;105m=[0m[7m[38;2;100;97;94m`[38;2;107;102;98m▀[38;2;86;85;84m▀[0m[38;2;89;73;68m_[0m [38;2;18;14;12m            [0m
 [38;2;0;0;0m   [0m [38;2;82;82;80ma[38;2;109;117;113ma[38;2;53;62;65;48;2;97;97;91m_[38;2;82;100;109;48;2;110;109;109m_[38;2;80;99;111;48;2;110;111;110m_[38;2;45;58;65;48;2;108;110;109m_[0m[7m[38;2;103;107;108m_[38;2;93;97;99m_[0m[38;2;117;117;115m▀[38;2;93;105;108m▀[38;2;71;94;106m~ [0m [38;2;139;136;125;48;2;111;112;110m:[0m[7m[38;2;98;101;102m▀[0m [38;2;101;90;72m_[38;2;89;87;92m_[7m[38;2;58;62;62m▀[0m[38;2;0;0;0m [0m [38;2;123;7;6m_[38;2;140;5;5m_[38;2;144;5;7m_[38;2;128;6;4m_[0m  [7m[38;2;77;70;69m▀[0m[38;2;62;78;92m_[38;2;86;76;58m_[7m[38;2;99;91;82m'[0m[38;2;134;132;128;48;2;100;112;120m,[0m [38;2;0;0;0m [0m [38;2;75;75;72m▀[38;2;120;113;110m▀[7m[38;2;92;91;92m_[38;2;110;109;107m_[0m[38;2;104;103;102;48;2;112;115;113m^[38;2;103;103;103;48;2;113;115;113m^[38;2;105;102;105;48;2;114;114;113m^[38;2;125;131;127;48;2;110;110;110m,[0m[7m[38;2;92;93;92m`[38;2;85;97;100m▀[0m[38;2;117;128;123m=[38;2;45;71;82m=        [0m
 [38;2;0;0;0m          [0m [38;2;78;2;3;48;2;133;2;3m▌[38;2;70;0;2;48;2;151;2;3m`[0m[38;2;90;3;3m▌  [0m [7m[38;2;105;99;95m_[38;2;109;105;104m_[0m[38;2;87;90;92m▌[38;2;179;1;2m_[7m[38;2;156;2;4m▀[0m[38;2;73;7;10;48;2;170;2;3m▀[38;2;62;0;1;48;2;155;2;3m`[38;2;148;1;2;48;2;162;2;4mq[0m[7m[38;2;154;2;2m_[38;2;153;1;3m_[38;2;157;1;2m_[0m[38;2;152;1;2;48;2;170;2;3mz[38;2;114;0;2;48;2;164;1;3m`[0m[7m[38;2;143;2;3m`[38;2;169;2;2m▀[38;2;98;2;2m▀[0m[38;2;94;80;71m▀[38;2;113;102;103m▀[38;2;77;83;95m▀ [0m [38;2;113;0;0m_[38;2;130;0;1;48;2;148;1;3m:[38;2;58;0;0;48;2;130;3;5m`[0m [38;2;0;0;0m [0m  [38;2;46;65;79m`[0m  [38;2;12;22;29m           [0m
 [38;2;0;0;0m           [38;2;83;1;5m`[7m[38;2;129;3;3m_[0m[38;2;182;6;6;48;2;153;3;3mz[0m[7m[38;2;150;3;3m~[38;2;168;4;3m▀[38;2;171;4;4m▀[38;2;175;4;4m▀[38;2;152;3;4m~[0m[38;2;206;7;7;48;2;165;3;3m:[0m[7m[38;2;151;4;4m_[0m[38;2;157;4;4m▀[38;2;94;3;2m▀[38;2;101;6;4m~[0m [38;2;27;3;2m  [0m [38;2;146;5;10m`[38;2;95;2;2m▀[38;2;166;4;4m▀[7m[38;2;148;2;2m_[0m[38;2;151;1;1;48;2;171;2;3mT[38;2;150;1;1;48;2;171;2;4mT[0m[7m[38;2;147;2;3m~[38;2;163;2;2m▀[38;2;162;2;3m▀[0m[38;2;76;1;1;48;2;154;2;3m~[38;2;179;4;4;48;2;152;2;2mz[0m[7m[38;2;127;3;3m_[0m[38;2;88;13;15m`                  [0m
 [38;2;0;0;0m             [38;2;109;0;3m`[38;2;127;3;3m▀[38;2;162;3;4m▀[38;2;165;3;3m▀[7m[38;2;124;3;3m*[38;2;149;5;5mr[0m[38;2;65;1;2;48;2;188;5;4m▀[0m[7m[38;2;132;5;5m`[0m[38;2;125;3;5m_[7m[38;2;181;3;5m▀[0m[38;2;83;0;1;48;2;176;2;3m`[38;2;172;1;2;48;2;192;3;4mz[0m[7m[38;2;166;3;3m`[38;2;153;2;2m~[0m[38;2;149;0;3;48;2;183;2;2m`[38;2;164;1;1;48;2;186;2;2mz[0m[7m[38;2;150;2;3m`[0m[38;2;123;4;5m_[7m[38;2;133;2;3m`[38;2;174;2;2m▀[0m[38;2;83;1;2;48;2;136;2;3mY[0m[7m[38;2;130;2;3m=[0m[38;2;147;1;2m▀[38;2;128;1;2m▀[38;2;129;1;2m▀[38;2;97;3;4m~                    [0m
 [38;2;0;0;0m                 [38;2;110;8;9m`[38;2;167;9;7m▀[38;2;156;10;9m▀[7m[38;2;169;7;4m▀[0m[38;2;211;14;11;48;2;180;6;4m:[38;2;160;2;3;48;2;194;6;4m-[38;2;161;1;2;48;2;194;5;4m-[38;2;165;1;0;48;2;194;4;5m_[38;2;163;0;2;48;2;194;4;4m-[38;2;158;0;0;48;2;190;4;3m_[38;2;155;0;0;48;2;188;3;3m_[38;2;152;0;0;48;2;184;3;2m_[38;2;147;0;0;48;2;180;3;3m_[38;2;191;8;6;48;2;160;3;3m:[0m[7m[38;2;79;2;2m=[0m[38;2;168;2;3m▀[38;2;138;4;4m▀[38;2;93;10;10m`                        [0m
 [38;2;0;0;0m                   [0m [38;2;142;8;6m▀[7m[38;2;163;10;7m_[0m[38;2;151;11;8;48;2;183;11;6m;[38;2;173;6;2;48;2;196;9;7mz[38;2;172;3;3;48;2;196;8;6mz[38;2;192;4;3;48;2;168;6;5m'[38;2;191;4;3;48;2;168;4;4m'[38;2;164;2;2;48;2;189;4;4mz[38;2;159;1;2;48;2;183;4;5mz[38;2;136;8;8;48;2;157;3;3m,[0m[38;2;162;1;2m▀[38;2;96;3;4m▀                           [0m
