[0m                                                            [0m
                                         [7m[38;2;106;0;1m▀[38;2;122;1;3m'[0m[38;2;59;4;5m'            [38;2;61;2;3mi   [0m
                                    [7m[38;2;113;0;1m▀[38;2;142;1;1m▀[38;2;128;1;1m~[0m[38;2;81;0;1;48;2;112;1;1m~[0m[38;2;122;1;2m▀[38;2;100;3;2m▀[0m               [38;2;67;2;2m▌  [0m
     [38;2;97;3;5m▌                             [7m[38;2;123;1;3m▌[0m[38;2;120;0;0;48;2;159;2;2m=[38;2;117;0;0;48;2;155;1;4m=[0m[38;2;100;2;4m▀[0m         [38;2;131;3;5;48;2;69;2;2md[0m[38;2;131;3;5m     [0m [7m[38;2;88;1;2m▀[0m[38;2;89;0;2;48;2;146;1;1m▀[38;2;156;0;2;48;2;99;4;5m▌[0m[38;2;156;0;2m  [0m
    [7m[38;2;67;0;0m▌[0m[38;2;86;3;3m▌                            [7m[38;2;82;0;1m▀[0m[38;2;132;1;1;48;2;153;1;2mE[38;2;117;0;0;48;2;151;1;2m-[38;2;146;1;2;48;2;91;3;3m▌[0m         [7m[38;2;135;1;2m▌[0m[38;2;137;1;2m▌   [0m [7m[38;2;131;1;2m▀[0m[38;2;121;1;1m▀[38;2;138;1;1m▀[38;2;138;2;2m▀[38;2;89;5;5m'  [0m
                            [38;2;101;1;5m,[0m    [7m[38;2;141;0;1m▀[0m[38;2;198;0;3;48;2;157;1;2m_[38;2;149;0;2;48;2;166;1;2m=[38;2;148;0;2;48;2;165;2;2m=[0m[38;2;118;4;5m▌ [0m [38;2;87;2;4m▌     [0m [38;2;180;2;5;48;2;139;1;2m_[0m[38;2;153;2;3m▌   [0m [38;2;128;3;4m▌      [0m
                   [7m[38;2;123;2;3m▌[0m        [38;2;123;2;3;48;2;69;1;2m$[0m   [7m[38;2;73;0;1m▌[0m[38;2;150;0;1;48;2;171;1;2mE[38;2;153;0;1;48;2;174;1;2mE[48;2;175;1;2mE[38;2;151;1;1;48;2;172;2;2mE[38;2;111;1;2;48;2;166;1;2m▀[0m[7m[38;2;162;1;2m▀[0m[38;2;146;3;4;48;2;80;1;1mp[0m[38;2;99;6;7m'     [0m [38;2;144;0;1;48;2;161;1;3mE[0m[38;2;101;3;3m▌    [38;2;56;5;5m`      [0m
    [38;2;97;1;3mw[0m             [7m[38;2;91;0;2m▀[0m[38;2;178;5;5;48;2;139;1;2m_[0m[38;2;62;3;5m, [0m       [38;2;175;2;2;48;2;118;1;2m-[0m[38;2;113;5;4m, [0m [38;2;192;4;4;48;2;162;1;2m_[38;2;203;4;6;48;2;168;1;2m_[38;2;205;4;5;48;2;170;1;2m_[38;2;205;4;6;48;2;169;1;2m_[38;2;202;4;5;48;2;165;1;2m_[38;2;167;3;4;48;2;138;1;2mF[0m[38;2;153;2;3m▌[0m [7m[38;2;91;0;1m▀[38;2;143;1;1m▀[0m[38;2;135;5;8m_  [7m[38;2;154;1;2m▌[0m[38;2;123;3;4m▀  [0m          [0m
   [7m[38;2;111;1;1m▌[0m[38;2;121;2;4mA[38;2;94;2;3mw            [38;2;101;0;2;48;2;156;1;2m▌[38;2;144;1;1;48;2;162;1;2mz[38;2;155;1;2;48;2;75;3;3m▌[0m[38;2;155;1;2m [0m       [38;2;155;0;1;48;2;174;1;1m▀[38;2;134;3;4;48;2;158;1;2m~[0m[7m[38;2;152;1;3m▀[38;2;173;1;2m▀[0m[38;2;170;0;2;48;2;190;1;2m▀[38;2;176;1;2;48;2;194;1;2m▀[38;2;177;1;2;48;2;195;1;2m▀[48;2;193;1;2mE[38;2;170;0;1;48;2;186;1;2mz[38;2;105;0;1;48;2;166;1;3m![38;2;159;1;2;48;2;173;2;2mz[0m[7m[38;2;136;1;1m_[0m[38;2;152;1;1;48;2;168;1;2mE[38;2;165;2;2;48;2;122;2;2m~[0m[38;2;87;1;2m▀  [38;2;90;1;3m▀  [0m [38;2;107;2;4m▌[0m         [0m
              [38;2;111;4;5m_   [7m[38;2;116;1;3m▌[0m[38;2;165;3;4;48;2;149;1;1mE[38;2;171;2;4;48;2;149;2;3mz[0m[38;2;75;3;3m▌  [0m [7m[38;2;113;0;2m▌[38;2;150;1;2m▀[38;2;134;2;2m▀[38;2;164;1;2m▀[0m[38;2;191;2;4;48;2;171;1;2mz[38;2;194;1;4;48;2;175;1;3mz[38;2;195;1;4;48;2;176;1;2mz[38;2;196;2;4;48;2;177;2;2mz[38;2;200;1;4;48;2;182;2;3mz[38;2;199;2;4;48;2;181;0;2mE[38;2;197;3;3;48;2;179;0;1mE[38;2;195;3;3;48;2;177;1;1mE[38;2;195;2;4;48;2;175;2;2mz[38;2;187;3;3;48;2;168;0;1mE[0m[38;2;170;2;3m▌[0m [38;2;167;2;4;48;2;145;1;3mE[0m[38;2;77;6;7m'  [7m[38;2;136;0;1m▀[0m[38;2;165;6;4m_[0m  [38;2;129;3;4m/[0m [7m[38;2;146;1;3m▌[0m        [0m
        [38;2;91;3;7m,     [7m[38;2;154;2;3m▌[0m[38;2;123;2;3m▌  [7m[38;2;154;1;3m▌[0m[38;2;151;0;1;48;2;168;1;2m5[38;2;153;0;1;48;2;170;1;3m5[38;2;158;2;3;48;2;81;2;2m▌[0m  [7m[38;2;158;1;3m▌[0m[38;2;163;0;2;48;2;182;1;3m5[38;2;170;0;3;48;2;187;1;3m5[38;2;173;1;2;48;2;191;2;3m5[38;2;175;0;3;48;2;193;2;3m5[38;2;178;0;2;48;2;196;1;3m5[38;2;181;0;2;48;2;199;2;3m5[38;2;184;0;3;48;2;200;2;3mE[38;2;182;1;3;48;2;199;2;3m5[38;2;185;1;2;48;2;202;2;3m5[38;2;186;1;2;48;2;203;2;3m5E[38;2;183;1;2;48;2;200;2;2mE[38;2;178;0;2;48;2;194;1;2m5[38;2;173;0;2;48;2;189;2;2mE[0m[38;2;166;2;3m▌[0m [38;2;171;2;4;48;2;100;2;3mQ[0m[38;2;171;2;4m  [0m [38;2;144;0;1;48;2;171;1;2m5[38;2;156;1;1;48;2;175;2;2mE[38;2;102;1;2;48;2;170;2;3m▀[0m   [38;2;94;1;6;48;2;143;2;3m'[0m    [7m[38;2;124;1;2m▀[0m[38;2;110;4;4m▌  [0m
        [38;2;119;1;2m▀[7m[38;2;127;1;2m~[38;2;115;1;3m▀[0m    [38;2;128;3;4m▀[0m   [38;2;85;2;4m~[38;2;98;0;1m▀[38;2;185;1;3;48;2;159;0;1mz[0m[38;2;157;2;3m▌[7m[38;2;97;1;3m'[0m [38;2;193;1;4;48;2;171;0;1mz[38;2;207;2;3;48;2;180;1;1mz[38;2;211;2;3;48;2;183;1;1mz[38;2;212;2;4;48;2;184;1;1mz[38;2;213;2;3;48;2;186;1;1mzz[48;2;185;1;1mz[38;2;212;2;3;48;2;184;1;1mz[48;2;185;1;1mz[38;2;213;2;3;48;2;186;1;1mz[48;2;185;1;1mz[38;2;212;2;2;48;2;183;1;1mz[38;2;206;2;2;48;2;175;1;2mz[38;2;194;2;3;48;2;137;1;2m^[0m[7m[38;2;106;1;3m/[0m[38;2;161;2;4;48;2;94;3;4mp[0m  [7m[38;2;116;0;1m▀[0m[38;2;191;2;3;48;2;147;0;1mz[38;2;195;1;3;48;2;166;1;1mz[38;2;193;2;3;48;2;165;1;1mz[38;2;190;2;3;48;2;158;1;2mz[0m  [7m[38;2;138;1;3m▌[0m[38;2;179;1;3;48;2;150;1;1mz[38;2;156;2;2;48;2;68;3;3m▌[0m[38;2;156;2;2m  [0m [38;2;159;1;2;48;2;129;1;2mt[0m[38;2;63;4;4m▌  [0m
    [38;2;121;3;3m\[0m [38;2;129;2;5m\[38;2;91;1;1m, [7m[38;2;105;0;2m▌[0m[38;2;153;0;1;48;2;167;1;3m5[0m[38;2;130;2;3m▌  [38;2;80;3;6m,   [0m [38;2;93;2;3mw[7m[38;2;96;0;1m▌[0m[38;2;163;0;1;48;2;181;1;2m5[38;2;114;1;2;48;2;184;2;3m▀[38;2;174;1;3;48;2;116;3;4mf[0m[7m[38;2;163;1;2m▀[0m[38;2;178;0;2;48;2;198;1;2m5[38;2;186;0;1;48;2;201;2;3m5[48;2;202;2;2m5[38;2;187;0;1m5[48;2;202;1;2m5[38;2;187;0;2;48;2;201;2;3m5[38;2;204;1;3;48;2;188;2;3m~[38;2;102;3;3;48;2;174;1;2m▌[38;2;184;0;2;48;2;198;2;2m5[38;2;183;0;2m5[38;2;182;1;2;48;2;197;2;2m5[38;2;180;0;2;48;2;195;2;3m5[38;2;80;0;1;48;2;153;3;4m![38;2;194;2;3;48;2;179;1;2m~[38;2;177;1;2;48;2;194;2;3m5[38;2;155;3;4;48;2;172;2;4m/[0m[7m[38;2;188;2;2m▀[0m[38;2;135;1;4;48;2;175;1;2m~[38;2;173;0;1;48;2;189;2;2m5[38;2;173;0;2;48;2;188;2;2m5[38;2;171;0;1;48;2;186;2;2m5[38;2;169;0;2;48;2;183;2;3m5[0m[38;2;131;3;3m▌ [0m [38;2;103;0;2;48;2;134;2;3m6[0m[38;2;151;1;2m▀[38;2;123;5;6m~[0m   [38;2;75;0;1m▀[38;2;114;3;4m▌  [0m
     [38;2;99;0;1;48;2;134;1;1m▌[0m[7m[38;2;85;1;1m▀[0m[38;2;73;1;2;48;2;132;2;3m▌[0m[7m[38;2;84;2;2m▀[0m [7m[38;2;144;1;2m▌[0m[38;2;185;3;4;48;2;149;1;1m=[0m[38;2;76;2;3m▌ [38;2;132;3;6m\[0m  [7m[38;2;132;1;1m▀[0m [7m[38;2;85;0;1m▌[0m[38;2;200;2;3;48;2;156;0;1m=[38;2;206;2;4;48;2;170;1;1m=[38;2;210;2;3;48;2;174;1;1m=[38;2;203;2;5;48;2;155;1;1m=[38;2;217;2;3;48;2;180;1;1m=[48;2;182;0;1m=[38;2;219;3;2;48;2;184;1;1m=[48;2;183;1;1m=[38;2;219;2;3m=[38;2;218;2;3;48;2;183;0;1m=[38;2;209;4;4;48;2;147;1;2m=[0m[7m[38;2;109;2;4mw[38;2;179;1;2m▌[0m[38;2;211;4;4;48;2;152;1;2m=[0m[38;2;169;3;3m▀[7m[38;2;141;1;3mm[0m[38;2;91;1;2;48;2;174;1;1m▀[38;2;74;1;2;48;2;118;3;3m4[38;2;210;3;5;48;2;175;1;1m=[38;2;214;3;3;48;2;178;1;1m=[38;2;213;3;4;48;2;177;1;1m=[38;2;212;2;4;48;2;175;1;1m=[38;2;211;2;4;48;2;173;1;1m=[0m[38;2;180;2;3m▀[38;2;208;2;3;48;2;169;1;1m=[38;2;205;2;3m=[38;2;203;2;3;48;2;167;1;1m=[0m[38;2;95;2;3m▌[7m[38;2;145;1;1m▀[0m[38;2;151;1;2m/[38;2;78;3;3m' [0m [38;2;158;1;2;48;2;114;1;2ma[0m   [7m[38;2;103;2;4m▌[0m[38;2;78;2;2m, [0m
     [7m[38;2;146;0;2m'[0m[38;2;140;0;0;48;2;165;2;3m=[0m[7m[38;2;160;2;2m▀[0m[38;2;145;0;1;48;2;169;2;4mz[0m[7m[38;2;130;3;3m▀[0m [7m[38;2;163;1;2m▌[0m[38;2;167;1;1;48;2;125;4;4m▌[0m  [7m[38;2;104;2;4m▀[38;2;144;1;2m[[0m[38;2;157;0;1;48;2;181;2;3mz[0m[7m[38;2;112;2;2m▀[0m[38;2;77;0;2;48;2;185;1;3m▌[38;2;172;0;1;48;2;200;1;3mz[38;2;175;0;2;48;2;202;1;3mz[38;2;177;0;1;48;2;204;1;3mz[38;2;124;0;1;48;2;183;1;3m_[38;2;177;0;1;48;2;206;2;2mz[38;2;192;2;3;48;2;132;2;2m▌[38;2;156;1;2;48;2;189;1;2mg[38;2;179;0;1;48;2;207;1;3mz[38;2;219;2;3;48;2;130;3;3m~[0m[7m[38;2;153;2;3mm[38;2;197;2;2m▀[0m[38;2;199;3;6;48;2;182;3;3m~[38;2;71;3;3;48;2;114;2;4mu[0m[7m[38;2;185;1;3m▀[0m[38;2;121;1;4;48;2;186;1;2m~[38;2;180;0;1;48;2;206;1;3mz[38;2;179;0;1;48;2;199;3;5mz[38;2;69;1;2;48;2;158;3;4mI[38;2;179;0;1;48;2;205;2;3mz[38;2;177;0;2;48;2;205;2;5mz[38;2;176;0;2;48;2;204;2;5mz[38;2;215;2;4;48;2;178;2;3m~[0m[38;2;132;2;3m▀[0m [7m[38;2;187;1;2m▌[0m[38;2;170;0;1;48;2;198;1;3mz[38;2;168;0;1;48;2;192;2;3mz[38;2;136;3;4;48;2;68;0;1m▌[38;2;155;0;0;48;2;176;2;4mz[0m [7m[38;2;108;2;3m▀[0m [38;2;98;0;2;48;2;171;1;3m▌[38;2;156;0;0;48;2;179;1;3mz[0m[38;2;109;4;5m▌ [0m [7m[38;2;94;0;2m▌[0m[38;2;156;5;5m▌ [0m
[38;2;173;3;6;48;2;132;1;1m=[0m    [38;2;136;1;3m▀[38;2;161;1;2;48;2;122;1;2m`[38;2;189;2;3;48;2;144;1;1m=[38;2;147;3;3;48;2;80;2;2m#[0m[7m[38;2;100;2;5m▌[0m [7m[38;2;79;1;2m▌[0m[38;2;189;1;3;48;2;147;1;2m=[0m[38;2;75;7;8m' [0m [38;2;192;2;5;48;2;153;0;1m=[38;2;206;2;5;48;2;164;0;1m=[38;2;210;2;5;48;2;167;1;2m=[38;2;175;2;4;48;2;119;1;2mc[38;2;175;1;3;48;2;128;1;1m▀[38;2;219;3;5;48;2;176;1;1m=[38;2;220;4;5;48;2;176;1;2m=[0m[38;2;108;2;3m▌[0m [38;2;98;3;3m▀[7m[38;2;122;1;2m▀[0m[38;2;191;2;3;48;2;154;1;2mt[38;2;71;2;3;48;2;147;1;2mf[38;2;219;3;3;48;2;179;1;1m=[38;2;222;3;4;48;2;180;1;2m=[38;2;221;2;4;48;2;179;1;2m=[0m[7m[38;2;150;2;2m~[0m[38;2;223;2;4;48;2;182;1;2m=[48;2;181;1;2m=[38;2;222;2;4;48;2;179;1;2m=[38;2;145;4;4;48;2;68;2;3m▌[38;2;186;2;2;48;2;154;1;1ma[38;2;220;2;5;48;2;168;1;2m=[38;2;215;3;5;48;2;162;1;2m=[38;2;221;2;5;48;2;178;1;2m=[38;2;221;2;4;48;2;172;1;2m=[38;2;218;3;5;48;2;161;1;1m=[38;2;219;2;5;48;2;166;1;2m=[38;2;181;3;3;48;2;147;1;1m=[38;2;215;2;4;48;2;173;1;1m=[38;2;214;2;3;48;2;171;1;1m=[38;2;208;3;3;48;2;148;2;2m=[0m[7m[38;2;129;0;1m▌[0m[38;2;162;2;2;48;2;79;2;3m▌[0m[7m[38;2;102;1;2m▌[0m[38;2;197;3;3;48;2;130;1;1m=[38;2;199;3;4;48;2;154;1;1m=[38;2;189;4;5;48;2;124;2;2m=[0m      [0m
[38;2;121;1;3m▀[0m      [38;2;150;2;5m'[0m [7m[38;2;87;80;66m▀[38;2;61;62;60m▀[38;2;91;88;82m▀[0m[38;2;102;2;4m▀[7m[38;2;64;56;42m▌[38;2;129;119;115m▀[38;2;87;86;92m▀[0m[38;2;101;0;2;48;2;178;1;3m▌[38;2;146;0;0;48;2;192;1;3m=[38;2;151;0;0;48;2;196;1;4m=[38;2;153;0;1;48;2;199;1;3m=[38;2;165;2;4;48;2;195;1;2m▀[38;2;147;1;2;48;2;191;1;4mw[38;2;157;0;0;48;2;201;1;3m=[38;2;106;1;3;48;2;197;1;3m▀[0m[7m[38;2;181;2;4m▀[0m[38;2;94;5;5m,[38;2;146;0;0;48;2;188;2;4m=[38;2;157;0;0;48;2;199;2;3m=[38;2;161;0;0;48;2;203;1;3m=[38;2;165;0;0;48;2;209;1;3m=[38;2;193;0;2;48;2;210;1;4mw[38;2;193;1;2;48;2;207;2;3m%[38;2;167;0;0;48;2;211;2;3m=[38;2;166;0;0;48;2;210;1;3m=[38;2;164;0;0;48;2;208;1;3m=[38;2;172;3;4;48;2;110;2;4m▌[0m[7m[38;2;145;2;4m'[38;2;136;2;4mw[38;2;198;1;3m▀[0m[38;2;166;0;0;48;2;201;2;3m=[38;2;213;1;3;48;2;200;1;2m~[38;2;192;1;2;48;2;206;2;3m%[38;2;165;0;0;48;2;208;2;3m=[38;2;207;1;3;48;2;196;1;2m~[38;2;192;1;3;48;2;203;2;3mM[38;2;185;1;2;48;2;202;1;3mw[38;2;182;1;2;48;2;199;1;3mw[38;2;154;0;0;48;2;198;1;2m=[0m[38;2;163;5;5m▌[38;2;98;0;1;48;2;177;1;3m▌[0m[38;2;125;3;6m▌[7m[38;2;129;1;3m▌[0m[38;2;137;0;0;48;2;184;2;4m=[0m[38;2;117;4;6m▌      [0m
   [38;2;137;2;5m\[0m    [7m[38;2;94;91;85m▀[0m[38;2;117;119;118;48;2;96;93;92mz[38;2;112;113;112;48;2;97;94;96m5[38;2;118;119;118;48;2;96;92;93mz[38;2;102;105;109;48;2;61;59;61mL[38;2;115;121;126;48;2;86;78;71m_[38;2;119;114;114;48;2;105;96;95m5[38;2;129;123;121;48;2;105;95;97mz[38;2;42;48;58;48;2;112;0;1m▌[38;2;202;4;3;48;2;164;0;1m=[38;2;165;5;6;48;2;118;1;2m=[38;2;208;5;6;48;2;170;0;1m=[38;2;210;5;5;48;2;154;1;2m=[38;2;201;3;3;48;2;159;0;1m=[38;2;218;4;5;48;2;176;1;2m=[48;2;177;1;2m=[38;2;219;4;5m=[38;2;176;2;3;48;2;69;2;2m▌[38;2;192;2;4;48;2;164;1;2mt[38;2;218;4;5;48;2;178;1;1m=[38;2;221;3;6;48;2;179;1;2m=[38;2;222;3;6;48;2;181;1;2m=[38;2;222;3;5;48;2;168;1;1m=[38;2;123;2;3;48;2;166;1;2m/[38;2;225;3;4;48;2;182;1;1m=[38;2;222;3;4;48;2;180;1;2m=[38;2;185;1;2;48;2;115;3;3m▌[0m[38;2;91;3;4m▀[7m[38;2;153;1;1m▀[0m[38;2;217;3;3;48;2;172;0;1m=[38;2;221;4;3;48;2;182;0;1m=[38;2;225;4;4;48;2;186;0;2m=[38;2;227;5;4;48;2;187;1;2m=[38;2;225;4;4;48;2;187;0;2m=[38;2;223;2;4;48;2;183;1;2m=[0m[38;2;186;1;2m▀[38;2;154;3;4m▀[38;2;152;1;3m~[38;2;120;1;3m▀[38;2;189;3;6;48;2;146;1;1m=[0m[38;2;159;3;3m▌[7m[38;2;123;0;2m▌[0m[38;2;154;2;4m▌[7m[38;2;104;0;2m▌[0m[38;2;201;3;4;48;2;152;1;2m=[0m[38;2;76;6;7m'[7m[38;2;107;2;3m▀[0m     [0m
    [38;2;144;2;3m\[0m  [38;2;87;83;72;48;2;39;47;47m▀[0m[38;2;122;125;122m~[38;2;82;100;110m~[0m [38;2;91;92;92m~[7m[38;2;81;80;74mw[38;2;101;103;103mm[0m[38;2;130;127;120;48;2;66;62;62m~[38;2;69;66;64;48;2;110;110;109mw[38;2;61;84;108;48;2;74;9;11m'[38;2;136;0;0;48;2;181;2;3m=[0m[38;2;114;4;5m▌[38;2;134;0;0;48;2;176;2;4m=[0m[38;2;178;3;4m▌[38;2;111;0;1;48;2;189;1;3m▌[38;2;156;0;0;48;2;199;2;4m=[38;2;157;0;0;48;2;200;2;4m=[48;2;200;3;4m=[38;2;158;0;0;48;2;199;2;4m=[48;2;200;2;3m=[38;2;157;0;0;48;2;188;3;4m=[38;2;68;1;2;48;2;183;1;2m▌[38;2;155;0;0;48;2;196;2;4m=[0m[38;2;173;4;4m'[38;2;153;0;0;48;2;194;1;4m=[38;2;158;0;1;48;2;201;2;3m=[38;2;159;0;2;48;2;202;2;3m=[38;2;186;3;4;48;2;82;2;2m▌[0m[7m[38;2;89;0;3m▌[0m[38;2;160;0;0;48;2;196;2;3m=[48;2;202;2;3m=[48;2;203;2;4m=[38;2;161;0;0;48;2;204;2;3m=[38;2;165;0;0;48;2;206;2;3m=[0m[38;2;203;2;4m▀[38;2;141;7;8m'    [7m[38;2;114;1;3m▌[0m[38;2;139;0;0;48;2;165;3;4m=[0m[38;2;80;5;6m,[38;2;148;4;8m'[38;2;190;1;2;48;2;136;1;3m_[0m[38;2;126;3;4m▌[7m[38;2;155;0;1m~[0m[38;2;213;0;3m▌     [0m
     [38;2;155;3;5;48;2;112;1;2m=[0m   [7m[38;2;80;78;76m~[38;2;86;91;95m▀[38;2;91;90;77m▌[0m[38;2;122;137;138;48;2;73;76;79m=[38;2;86;94;103;48;2;64;68;64m▀[0m[38;2;104;120;127m_[38;2;122;126;126;48;2;55;58;62m=[0m [38;2;131;0;2m▀[38;2;116;3;5m▌[7m[38;2;164;1;2m▌[0m[38;2;188;5;5;48;2;139;1;1m=[38;2;204;4;3;48;2;166;0;1m=[38;2;209;4;2;48;2;169;0;1m=[38;2;205;6;4;48;2;161;0;1m=[38;2;209;4;5;48;2;172;0;1m=[38;2;213;4;4;48;2;173;0;1m=[38;2;212;4;2;48;2;171;0;1m=[38;2;177;1;2;48;2;100;3;3m▌[0m [38;2;200;2;3;48;2;154;0;1m=[0m[38;2;78;2;2m▌[38;2;148;1;4;48;2;178;1;2m▌[38;2;211;4;5;48;2;173;0;1m=[38;2;214;4;4;48;2;175;0;1m==[38;2;215;4;3;48;2;160;0;1m=[38;2;215;3;4;48;2;173;0;1m=[38;2;213;4;4m=[38;2;209;3;4;48;2;169;0;1m=[38;2;201;5;5;48;2;135;1;2m=[0m[38;2;103;3;4m▀      [7m[38;2;86;0;2m▌[0m[38;2;197;3;5;48;2;157;0;1m=[38;2;73;2;2;48;2;155;1;2m▀[38;2;76;0;2;48;2;154;1;1m'[0m[38;2;123;2;1m▌[7m[38;2;132;0;1m'[0m[38;2;210;0;0;48;2;195;2;2m▀[0m[38;2;125;4;4m▌     [0m
 [7m[38;2;90;2;3m'[0m  [7m[38;2;76;0;2m▌[0m[38;2;121;0;0;48;2;161;1;4m=[0m[38;2;65;3;3m▌[0m [7m[38;2;69;66;63m,[38;2;109;110;113m▀[38;2;88;98;100mm[38;2;79;95;98m▌[38;2;69;77;76m'[0m[38;2;44;71;88m'[38;2;156;5;11m-[0m [38;2;100;100;92m▌  [7m[38;2;121;1;3m▌[0m[38;2;175;1;3;48;2;140;2;4m@[38;2;181;1;3;48;2;103;1;2m▀[38;2;184;1;3;48;2;80;1;2m▀[38;2;96;1;2;48;2;167;3;4mw[38;2;154;0;0;48;2;197;1;4m=[38;2;198;2;5;48;2;138;2;4m"[38;2;78;0;2;48;2;189;1;3m▌[38;2;155;0;0;48;2;192;3;4m=[0m[38;2;95;5;6m,[38;2;82;0;2m▀[38;2;182;2;4;48;2;129;2;3m+[0m[7m[38;2;111;1;3m\[0m[38;2;202;2;4;48;2;143;0;2m~[38;2;156;0;0;48;2;195;2;4m=[38;2;211;3;5;48;2;189;1;3m-[48;2;188;1;3m-[38;2;156;0;0;48;2;196;2;3m=[38;2;189;1;2;48;2;105;2;3m▀[0m[38;2;125;3;3m▀[0m [38;2;145;2;7m,      [7m[38;2;172;1;4m▌[0m[38;2;145;0;0;48;2;188;2;4m=[38;2;91;1;2;48;2;156;3;6mq[38;2;148;0;0;48;2;189;2;5m=[0m[38;2;100;3;5m▌[38;2;147;0;0;48;2;184;2;5m=[0m[38;2;187;2;3m'      [0m
 [7m[38;2;69;1;2mw[0m[38;2;67;1;2;48;2;141;1;3m▀[0m[7m[38;2;97;0;2mF[0m[38;2;131;1;2;48;2;166;1;3mF[38;2;184;4;7;48;2;149;0;1m=[0m[7m[38;2;137;2;3m▀[0m   [38;2;77;90;97m▀[7m[38;2;88;93;84m▌[0m[38;2;76;82;82;48;2;52;54;54mj[0m[7m[38;2;53;55;53m▀[38;2;76;25;22mw[38;2;55;59;54m▀[0m[38;2;48;39;36;48;2;81;85;84m,[0m[38;2;39;57;66m▌[0m   [38;2;94;3;4mi[7m[38;2;101;1;2m\[38;2;146;0;2mw[38;2;149;1;3mm[38;2;184;1;3m▀[0m[38;2;171;1;1;48;2;192;1;3mE[38;2;163;0;0;48;2;189;1;2m_[38;2;152;2;3;48;2;194;1;2m▀[0m[7m[38;2;188;0;2m▀[38;2;86;0;1m▀[0m [38;2;78;2;3m▀[38;2;107;2;2m▀[38;2;139;2;5m▀[38;2;117;2;4m▀[38;2;80;2;4m' [38;2;90;1;2m▀[38;2;118;0;2m-[38;2;142;6;6m'     [7m[38;2;108;0;2m▀[0m[38;2;161;0;2;48;2;178;1;3mE[38;2;175;1;3;48;2;122;2;4m/[0m[7m[38;2;147;1;3m'[0m[38;2;158;1;3;48;2;181;1;1m▀[0m[38;2;146;1;2m▌[38;2;130;2;5mY       [0m
 [7m[38;2;106;1;2m▌[0m[38;2;124;0;0;48;2;160;1;3m=[38;2;127;0;0;48;2;165;2;4m=[38;2;132;0;0;48;2;166;2;4m=[0m[38;2;111;6;5m'[0m  [38;2;58;63;70m,[7m[38;2;51;47;38m▌[0m[38;2;66;79;85me[7m[38;2;55;55;47m▌[38;2;79;86;91mm[38;2;77;81;78m=[38;2;68;73;69m=[0m[38;2;128;127;111;48;2;58;60;55m-[38;2;91;86;83;48;2;117;120;114m=[0m[38;2;50;75;96m▌[7m[38;2;94;86;68m▌[0m[38;2;77;71;76;48;2;105;114;120m=[0m [7m[38;2;130;2;4m▀[0m[38;2;160;2;3m▀[7m[38;2;155;2;4mm[0m[38;2;151;0;0;48;2;187;2;4m=[38;2;152;0;0;48;2;191;2;4m=[38;2;156;0;0;48;2;194;2;4m=[38;2;159;0;0;48;2;197;2;4m=[48;2;196;2;4m=[38;2;160;0;0;48;2;195;2;2m=[38;2;162;0;0;48;2;196;1;3m=[38;2;169;2;4;48;2;134;2;3m}[0m[7m[38;2;91;2;3m![0m[38;2;130;1;3;48;2;69;1;2m*[0m[7m[38;2;137;2;3m▀[38;2;112;1;3m▀[0m        [7m[38;2;87;1;3m▀[38;2;168;1;3m▀[0m[38;2;171;1;3;48;2;118;1;2m@[38;2;87;1;3;48;2;151;2;4mx[38;2;202;1;5;48;2;157;1;3m_[38;2;151;0;0;48;2;187;2;3m=[38;2;149;0;0;48;2;184;2;2m=[0m[38;2;167;2;3m▌[0m        [0m
   [38;2;144;2;2;48;2;112;0;2mt[38;2;151;2;3;48;2;107;2;3m▌[0m  [7m[38;2;90;82;75m_[0m[38;2;134;141;143;48;2;95;91;93m=[0m[7m[38;2;107;107;105m▀[38;2;93;96;96m▀[0m[38;2;47;46;45m,[38;2;76;75;73m▀[38;2;88;93;91m▀[38;2;62;67;67m▀[38;2;81;86;84m▀[0m  [7m[38;2;51;48;39m▀[38;2;57;59;56m▀[0m   [38;2;115;2;4m▀[0m [38;2;89;0;1;48;2;171;0;2m▌[38;2;150;0;0;48;2;183;1;2m-[38;2;155;0;0;48;2;188;1;2m_[38;2;156;0;1m-[38;2;96;1;2;48;2;188;1;3m▀[0m[7m[38;2;102;1;3m-[0m[38;2;172;1;2;48;2;80;1;2m▀[38;2;133;2;2;48;2;181;1;2m▀[38;2;90;1;1;48;2;165;2;3m▀[0m[7m[38;2;102;1;2mC[38;2;127;2;2m▀[0m[38;2;101;1;2;48;2;156;1;3mr[38;2;58;0;1;48;2;134;1;2m-[38;2;80;1;1;48;2;119;1;2mJ[0m[7m[38;2;105;0;1m~[38;2;95;1;2m~[38;2;102;1;2m~[38;2;129;1;2mZ[38;2;128;1;2m.[0m[38;2;117;1;3;48;2;153;2;3md[38;2;90;1;2;48;2;178;1;2m▀[38;2;179;2;3;48;2;138;1;2mp[0m[38;2;169;1;2m▀[7m[38;2;124;1;2mw[0m[38;2;87;0;0;48;2;159;1;2m'[38;2;173;1;3;48;2;139;2;3m#[0m[38;2;150;6;8m'[0m [7m[38;2;93;87;83m▌[0m[38;2;50;52;55;48;2;109;105;100m▀[0m     [0m
 [38;2;136;1;4m\[0m  [38;2;97;2;4m▀[38;2;60;3;4mv[7m[38;2;60;54;41m▌[0m[38;2;137;143;138;48;2;89;89;88m-[38;2;138;142;130;48;2;81;86;85m_[0m[38;2;82;91;90mm[38;2;93;99;97;48;2;54;57;57mG[38;2;67;66;61;48;2;100;106;105mw[38;2;115;115;115;48;2;72;72;70m▀[38;2;141;143;129;48;2;107;108;107m_[38;2;143;144;130;48;2;106;107;104m_[38;2;144;144;131;48;2;108;109;105m_[38;2;145;144;133;48;2;110;112;110m_[38;2;142;146;133;48;2;109;112;113m_[38;2;140;144;135;48;2;107;111;112m_[38;2;113;121;121;48;2;54;67;76mF[0m[38;2;34;53;68m'[7m[38;2;75;69;59m▌[0m[38;2;86;94;99m▌[7m[38;2;92;2;4m▌[0m[38;2;156;3;3m'[0m [7m[38;2;79;3;3mq[0m[38;2;209;4;5;48;2;180;1;2m_[38;2;218;6;4;48;2;185;1;1m_[38;2;221;6;5;48;2;184;1;2m_[38;2;221;5;6;48;2;154;0;2m_[0m[7m[38;2;177;1;1m▀[0m[38;2;126;2;5m~[38;2;182;2;3m▀[38;2;139;1;4;48;2;174;1;3m,[0m[7m[38;2;157;1;2m~[38;2;130;2;3m*[0m[38;2;118;1;2m▀[38;2;175;2;3m▀[38;2;179;2;3;48;2;88;0;1m▀[38;2;178;2;3;48;2;129;1;2m▀[38;2;177;3;5;48;2;137;0;1mE[38;2;179;2;3;48;2;93;1;2m▀[0m[38;2;179;2;3m▀[38;2;180;2;3m▀[38;2;158;4;4m▀[38;2;131;2;3m'[7m[38;2;128;1;2m~[0m[38;2;195;5;5;48;2;162;1;2m_[0m[38;2;172;3;3m▀[38;2;127;5;8m' [7m[38;2;93;89;85m▌[38;2;96;101;102m▀[0m[38;2;82;80;72m~[38;2;140;137;126;48;2;87;85;83m-[0m[7m[38;2;93;98;107m▀[0m   [0m
   [38;2;102;3;4m,  [7m[38;2;103;2;2m▌[0m[38;2;65;1;2m,[38;2;57;55;51m▀[38;2;88;89;86m▀[38;2;95;96;93mw[38;2;103;106;104;48;2;55;54;51mw[38;2;101;104;105;48;2;50;54;57mm[38;2;81;83;79;48;2;36;38;40mw[38;2;75;77;75;48;2;38;41;43mW[0m[38;2;48;56;61mF[38;2;46;50;56m~[0m    [38;2;101;98;96;48;2;60;55;47m▀[0m[38;2;94;98;101m▌  [38;2;123;2;3m*[38;2;127;7;9m'[38;2;169;0;1;48;2;190;1;3mE[38;2;175;1;2;48;2;196;1;3mE[38;2;160;0;1;48;2;193;2;3m_[38;2;179;1;2;48;2;199;2;2mE[38;2;161;0;0;48;2;194;1;2m_[38;2;163;2;2;48;2;193;1;2m▀[0m[7m[38;2;189;1;2m▀[0m[38;2;147;1;1m,[38;2;141;1;3m▀[38;2;109;0;0;48;2;166;1;2m_[38;2;161;1;1;48;2;181;1;2mE[38;2;82;1;1;48;2;183;1;2m▀[0m[7m[38;2;165;1;2m▀[38;2;114;0;0m▀[0m  [7m[38;2;170;1;3m▀[38;2;177;1;2m▀[0m[38;2;166;3;4;48;2;122;0;2mq[38;2;156;1;2;48;2;76;4;4m▀[0m[38;2;125;2;3m▀[38;2;57;2;2m'[7m[38;2;107;97;86m▀[0m[38;2;136;141;142;48;2;99;90;87m=[0m[7m[38;2;78;79;82m▀[0m [38;2;70;64;58m▀[38;2;124;137;142;48;2;75;75;75m=[0m[38;2;57;66;70m,[7m[38;2;96;95;89m▌[0m[38;2;92;100;103;48;2;38;48;57m▌[0m[38;2;92;100;103m  [0m
  [7m[38;2;96;1;2m▌[0m[38;2;80;2;4m▌  [0m [38;2;108;3;6m+          [7m[38;2;103;102;90m▌[0m[38;2;141;146;139;48;2;106;110;107m-[38;2;115;120;116;48;2;84;91;91mb[0m[38;2;37;51;62me[38;2;148;144;128;48;2;109;105;96m_[38;2;149;146;135;48;2;100;94;94m_[0m[38;2;91;99;111me[0m [7m[38;2;162;1;2m▀[0m[38;2;192;2;4;48;2;169;1;2mE[38;2;196;2;3;48;2;128;1;2m▀[38;2;198;3;4;48;2;182;1;1mE[38;2;198;3;3mE[38;2;197;3;4;48;2;177;1;2mE[38;2;191;3;4;48;2;96;1;2m▀[0m[38;2;190;2;3m▀[38;2;210;5;7;48;2;175;1;2m-[0m[38;2;133;2;3m▌[0m [38;2;163;2;4m▀[38;2;208;4;8;48;2;149;1;3m-[38;2;190;3;4;48;2;171;0;2mE[38;2;192;3;2;48;2;174;0;1mE[38;2;192;2;3;48;2;174;0;2mE[38;2;191;2;3;48;2;173;0;1mE[38;2;189;2;3;48;2;170;0;1mE[38;2;184;2;3;48;2;163;1;1mE[0m[38;2;103;5;4m▌[38;2;153;138;120;48;2;92;76;67m_[38;2;150;145;140;48;2;116;106;107m-[0m[7m[38;2;102;101;104m▀[0m [38;2;118;115;111m▀[38;2;141;146;139;48;2;107;109;108m-[0m[38;2;76;90;98mm[38;2;49;52;52m,[7m[38;2;80;78;67m▌[0m[38;2;136;147;136;48;2;93;101;102m-[0m [38;2;112;109;93;48;2;110;122;121m▌[0m  [0m
              [7m[38;2;83;78;65m▀[0m[38;2;77;76;71;48;2;109;106;98mE[38;2;79;77;73;48;2;111;108;102mE[38;2;80;79;74;48;2;111;110;104mE[38;2;104;118;124;48;2;100;102;97m=[38;2;105;111;110;48;2;64;68;69m*[0m[38;2;93;102;106m▀[7m[38;2;93;88;76m▌[0m[38;2;109;116;125;48;2;108;104;98m=[38;2;70;73;77;48;2;104;106;109m_[0m[38;2;54;82;111m'[38;2;80;1;3m~[38;2;137;2;3m▀[7m[38;2;138;1;2m▀[0m[38;2;101;0;4;48;2;170;1;2m'[38;2;171;1;2;48;2;186;1;2mE[38;2;178;1;2;48;2;102;3;2m▌[0m[38;2;100;4;5m' [7m[38;2;79;0;0m▀[0m[38;2;172;2;3;48;2;151;1;3m;[0m[38;2;108;2;3m▌[0m   [7m[38;2;80;0;0mM[38;2;124;1;3mm[0m[38;2;156;1;2m▀[38;2;68;0;0;48;2;156;1;2m_[38;2;161;1;1;48;2;176;1;2mE[0m[38;2;163;2;3m▌[0m [38;2;105;93;89m▀[38;2;111;106;106;48;2;97;88;84m#[38;2;106;112;122;48;2;106;100;95m=[38;2;76;73;74;48;2;102;103;101m_[0m[7m[38;2;76;87;91m▀[0m[38;2;47;51;40m`[38;2;54;51;45m▀[38;2;102;99;100m▀[38;2;101;101;107;48;2;61;61;63mw[0m[7m[38;2;101;102;105m▀[0m[38;2;99;99;102;48;2;66;67;65mw[0m[38;2;87;97;102m▀[0m  [0m
             [7m[38;2;88;85;76m'[0m[38;2;111;118;123;48;2;53;63;72mF[0m[7m[38;2;81;82;80mm[0m[38;2;92;94;96m▀[38;2;113;113;113m▀[38;2;110;120;123;48;2;60;73;85mP[0m[7m[38;2;77;74;64m~[0m[38;2;140;145;141;48;2;75;76;75m_[38;2;140;146;144;48;2;104;105;104m_[38;2;140;146;143;48;2;105;107;110m_[38;2;108;117;121;48;2;64;71;80mE[0m [38;2;79;5;6m^[7m[38;2;150;1;3m▌[0m[38;2;179;3;3;48;2;160;0;1mE[38;2;185;3;3;48;2;166;0;1mE[38;2;184;2;3;48;2;159;1;1mE[0m[38;2;130;3;4m▌ [38;2;100;2;3m*[38;2;133;3;5m▀[38;2;81;5;7m"[7m[38;2;146;1;2m▀[0m[38;2;193;5;5;48;2;138;1;2m_[0m[38;2;172;2;3m▀▀[38;2;173;3;3m▀[48;2;76;0;0m▀[38;2;191;3;6;48;2;137;1;2m_[0m[7m[38;2;88;1;2m▀[38;2;158;1;2m▌[0m[38;2;74;4;5m▌  [0m [38;2;106;105;100m▀[38;2;98;111;116m▀[7m[38;2;75;78;72mM[38;2;98;102;103m▀[0m[38;2;134;140;133m_[0m  [38;2;139;140;140;48;2;74;73;72m_[0m[38;2;92;106;113me   [0m
              [7m[38;2;78;75;63mf[0m[38;2;99;97;92;48;2;116;121;116mE[38;2;87;78;73;48;2;112;116;113m_[38;2;41;47;52;48;2;103;113;115m▀[0m [38;2;47;49;44;48;2;84;90;88m@[0m[7m[38;2;76;79;79mm[0m[38;2;91;96;101m▀[7m[38;2;95;97;97mm[0m[38;2;105;103;106m▀[38;2;100;98;97m\[0m  [7m[38;2;71;1;2m▌[38;2;112;1;3m*[38;2;98;1;1m▀[38;2;83;1;0m▀[38;2;90;1;0m▀[38;2;156;2;2m▀[0m[38;2;86;0;1;48;2;169;2;3m▀[38;2;162;0;2;48;2;92;3;3m▀[0m[38;2;119;2;3m▀[7m[38;2;79;65;52m▀[0m[38;2;71;56;46;48;2;127;115;110m▀[38;2;102;88;82;48;2;128;118;114mE[38;2;98;86;82;48;2;122;115;112mE[0m[7m[38;2;113;110;111m▀[38;2;77;12;15mb[0m[38;2;168;2;3;48;2;146;2;3m"[0m        [38;2;99;100;100m▀[38;2;103;106;104;48;2;63;65;65m*[38;2;104;107;106;48;2;69;72;72m*[38;2;104;106;104;48;2;64;67;67m*[0m[38;2;96;101;103m▀[38;2;48;79;106m'   [0m
            [7m[38;2;61;58;51m▀[38;2;88;87;80m~[0m[38;2;118;119;116;48;2;97;98;99mz[38;2;119;120;118;48;2;98;100;103mz[38;2;120;122;119;48;2;99;101;104mz[48;2;94;101;105mz[0m[38;2;49;74;97m'[38;2;108;113;112;48;2;43;46;48m▀[0m[38;2;76;91;100mH[38;2;91;86;80m▀[38;2;59;68;76m▀[38;2;111;102;94;48;2;50;49;51m▀[0m[38;2;64;68;74m▀[38;2;86;95;97m@ [0m [38;2;159;2;3m▀[38;2;163;2;3m▀[38;2;163;1;2m▀▀[38;2;156;2;3m▀[38;2;140;5;7m'  [38;2;83;72;63m▀[38;2;145;143;129;48;2;108;100;99m_[38;2;126;120;114;48;2;105;99;100mz[38;2;124;119;115;48;2;103;97;100mz[38;2;123;120;115;48;2;102;99;100mz[38;2;142;146;138;48;2;90;90;93m_[38;2;103;4;8;48;2;67;69;72m▀[0m [38;2;68;4;4mv               [0m
         [7m[38;2;87;78;66m▀[38;2;118;113;108m▀[0m[38;2;88;79;73;48;2;117;114;109mE[38;2;103;95;95;48;2;120;118;119mE[38;2;102;94;96;48;2;119;118;118mE[38;2;103;96;95;48;2;120;119;117mE[38;2;104;98;97;48;2;119;120;120mE[38;2;98;104;109;48;2;62;69;74m#[0m[38;2;85;105;113m~[38;2;74;86;84m,                [0m [7m[38;2;86;91;86m▀[0m [38;2;104;99;96m▀[38;2;83;71;68;48;2;109;107;104m_[38;2;101;96;94;48;2;119;120;116mE[38;2;102;98;95;48;2;121;122;117mE[38;2;102;99;95;48;2;119;122;117mE[38;2;85;85;83;48;2;109;114;111mE[0m[7m[38;2;114;117;112m▀[38;2;87;89;86m▀[0m              [0m
     [38;2;65;63;57mw[38;2;98;99;96mw[38;2;110;126;134;48;2;81;80;76m_[38;2;113;128;136;48;2;93;94;94m_[38;2;109;112;116;48;2;87;86;87mE[38;2;110;111;116;48;2;86;83;85mE[48;2;84;81;81mE[38;2;116;112;113;48;2;61;64;66m▀[0m[38;2;116;114;113m▀[38;2;97;103;108m▀[38;2;66;82;95m' [7m[38;2;58;50;31m▌[0m[38;2;126;129;132;48;2;99;99;97m_[0m[7m[38;2;88;87;89m▀[0m   [38;2;98;108;118m_ [0m       [7m[38;2;66;64;62m▀[0m[38;2;45;49;52m,[0m [38;2;128;130;132;48;2;81;75;63m_[38;2;120;125;121;48;2;83;95;102mz[0m   [38;2;67;66;65m▀[38;2;109;111;109m▀[38;2;109;111;111;48;2;49;49;47m▀[38;2;127;123;113;48;2;88;90;92m=[38;2;110;114;114;48;2;95;96;95mE[38;2;110;115;115;48;2;97;98;97mE[38;2;109;114;115;48;2;97;97;97mE[38;2;119;129;133;48;2;97;97;98m_[38;2;116;120;117;48;2;65;67;67mz[0m[7m[38;2;81;86;85m~[0m[38;2;88;97;98mm[38;2;80;111;123m-        [0m
          [7m[38;2;129;1;3m▀[38;2;135;3;3m▀[0m[38;2;90;3;5m*[38;2;94;2;4m▀[0m  [7m[38;2;69;67;72m▀[0m[38;2;88;83;84mw[38;2;80;56;58;48;2;123;79;79mz[38;2;104;97;97;48;2;99;7;9m▀[0m[7m[38;2;134;1;4m▀[0m[38;2;61;48;40;48;2;164;3;5m▀[38;2;57;36;40;48;2;165;2;4m▀[38;2;63;8;10;48;2;136;3;2m▀[38;2;107;1;0;48;2;134;1;2m,[38;2;176;3;4;48;2;145;1;2m~[38;2;150;0;1;48;2;171;3;3mz[38;2;156;0;2;48;2;173;1;3m%[38;2;157;0;2;48;2;174;1;4m%[38;2;151;0;2;48;2;175;2;4mz[38;2;147;0;1;48;2;167;2;3mz[0m[38;2;103;2;3m▌[0m [38;2;62;64;67mA[38;2;98;87;75m▀[38;2;100;97;98m▀[38;2;115;124;129m~[7m[38;2;99;1;2m▀[38;2;131;2;3m▀[0m[38;2;85;2;3mm[38;2;123;1;3m▀[38;2;78;2;3m▀  [0m                [0m
           [38;2;108;1;3m~[38;2;95;3;4m▀[38;2;139;2;2m*[7m[38;2;141;2;2m~[38;2;130;1;2m~[38;2;156;1;1m▀[38;2;158;1;1m▀[0m[38;2;183;3;5;48;2;151;0;1m=[38;2;195;4;5;48;2;154;1;1m=[38;2;197;4;4;48;2;151;1;1m=[38;2;193;4;6;48;2;124;1;2m=[0m[38;2;102;2;1m▀  [0m   [38;2;104;2;2m~[38;2;96;2;3m▀[38;2;139;3;4m▀[38;2;158;3;4m▀[38;2;163;2;2;48;2;89;1;1m*[0m[7m[38;2;146;1;2m~[0m[38;2;185;6;6;48;2;111;0;1m=[0m[7m[38;2;162;1;2m▀[0m[38;2;181;2;5;48;2;134;1;2m.[38;2;196;2;5;48;2;152;1;1m=[38;2;196;3;5;48;2;149;1;1m=[38;2;190;3;6;48;2;117;0;1m=[0m[38;2;103;4;5mw                   [0m
               [38;2;118;0;1m▀[38;2;160;2;3m▀[38;2;161;2;3m▀[38;2;143;2;3m▀[7m[38;2;151;2;3mm[0m[38;2;73;2;4;48;2;168;1;2m▀[38;2;160;2;5;48;2;88;2;3me[0m[38;2;140;3;3m'[7m[38;2;155;1;2m▀[0m[38;2;84;0;2;48;2;168;1;2m~[38;2;144;0;0;48;2;182;2;3m=[38;2;121;2;3;48;2;182;2;2m▀[0m[7m[38;2;154;1;2m~[0m[38;2;146;0;0;48;2;187;2;3m=[38;2;149;0;0;48;2;188;2;3m=[38;2;106;2;3;48;2;181;2;2m▀[0m[38;2;122;2;3m,[38;2;152;1;3;48;2;102;1;2m*[0m[7m[38;2;171;1;2m▀[0m[38;2;68;0;0;48;2;145;2;3m=[38;2;73;0;1;48;2;149;3;4mm[0m[38;2;163;2;4m▀[38;2;146;2;3m▀[38;2;147;2;3m▀[38;2;148;5;6m~                    [0m
                   [38;2;134;1;2m▀[38;2;128;3;3m▀[7m[38;2;143;1;1m▀[0m[38;2;200;3;4;48;2;145;0;1m=[38;2;205;3;6;48;2;157;0;1m=[38;2;206;3;4;48;2;160;0;1m=[38;2;208;4;4;48;2;160;0;2m=[38;2;211;4;4;48;2;162;0;2m=[38;2;212;3;2m=[38;2;214;3;2;48;2;164;0;1m=[38;2;211;3;1;48;2;163;0;1m=[38;2;209;4;2;48;2;160;0;2m=[38;2;205;4;3;48;2;147;1;2m=[0m[7m[38;2;83;1;2m\[0m[38;2;154;1;2m▀[38;2;133;2;3m▀[0m                         [0m
                     [38;2;117;1;1m▀[38;2;169;1;2;48;2;77;0;1m▀[38;2;136;0;0;48;2;171;2;3m=[38;2;194;1;4;48;2;171;1;1m-[38;2;196;1;5;48;2;173;1;1m-[38;2;182;1;2;48;2;142;2;2mF[38;2;133;1;3;48;2;158;1;1m,[38;2;195;2;3;48;2;173;1;2m-[38;2;140;0;0;48;2;182;2;2m=[38;2;174;1;1;48;2;150;3;3m@[0m[38;2;173;1;3m▀[38;2;110;3;4m▀                           [0m
