[0m [38;2;0;0;0m                                        [38;2;69;1;2my[0m [38;2;0;0;0m                 [0m
 [38;2;0;0;0m                                       [38;2;98;1;2my[38;2;176;3;6;48;2;108;3;4m:[0m[38;2;176;3;6m               [0m [38;2;5;0;1m  [0m
 [38;2;0;0;0m                                    [38;2;64;0;0m_[38;2;154;0;0m_[7m[38;2;143;2;2m▀[0m[38;2;127;0;0;48;2;147;1;2m:[0m[38;2;128;3;5m▌     [0m  [38;2;0;0;0m      [38;2;94;0;1m_[7m[38;2;135;2;2m▀[0m[38;2;102;4;4m▌  [0m
 [38;2;0;0;0m  [0m [38;2;0;0;0m                              [38;2;78;0;1m_[7m[38;2;121;1;3m▀[38;2;124;1;2m~[0m[38;2;118;0;1;48;2;144;2;3m-[38;2;93;0;0;48;2;145;2;3m_[0m[7m[38;2;141;3;3m_[0m[38;2;118;4;4m▀[0m [38;2;0;0;0m     [0m [38;2;113;5;6mt[0m [38;2;0;0;0m   [0m [7m[38;2;126;1;2m▀[0m[38;2;163;6;4;48;2;130;2;3m:[0m[38;2;112;3;3m▀[0m [38;2;0;0;0m  [0m
 [38;2;0;0;0m                                [7m[38;2;137;2;3m▀[0m[38;2;179;2;2;48;2;147;2;2m_[38;2;179;3;4;48;2;148;2;2m_[0m[7m[38;2;126;3;3m_[0m[38;2;95;3;3m▀[0m [38;2;73;4;4m_        [7m[38;2;132;1;3m▌[0m[38;2;139;3;3m▌   [7m[38;2;111;1;3m▌[0m[38;2;172;3;5;48;2;140;2;3m-[0m[38;2;99;2;3m▀    [0m
 [38;2;0;0;0m  [0m [38;2;111;8;6m,                            [38;2;173;1;7;48;2;126;1;2m.[38;2;178;2;4;48;2;153;1;2mz[38;2;178;3;4;48;2;153;1;3mz[0m[38;2;80;3;4m▌ [0m [38;2;95;3;4m▌       [7m[38;2;99;1;3m▀[0m[38;2;183;3;6;48;2;138;2;3m:[0m[38;2;93;3;5m▀   [0m [38;2;174;5;9;48;2;115;2;4m:[0m[38;2;174;5;9m     [0m
 [38;2;0;0;0m  [0m [38;2;144;2;3;48;2;120;2;2m,[0m[7m[38;2;84;3;4m▀[0m[38;2;12;0;0m           [0m [7m[38;2;104;2;4m▀[0m[38;2;110;4;4m=  [7m[38;2;96;3;3m▌[0m [38;2;0;0;0m    [7m[38;2;87;1;2m▀[0m[38;2;113;3;3m▌[0m [38;2;0;0;0m  [7m[38;2;90;1;1m▌[0m[38;2;200;3;7;48;2;165;2;2m-[38;2;201;3;5;48;2;166;1;2m-[38;2;178;2;2;48;2;159;2;3m,[0m[7m[38;2;170;3;3m▀[0m[38;2;104;1;3;48;2;151;2;3m~[0m [38;2;73;3;4m     [38;2;90;2;2m_[7m[38;2;105;2;2m~[0m[38;2;128;2;2m▀[0m [38;2;47;4;4m    [0m [38;2;92;3;4m~     [0m
 [38;2;0;0;0m   [7m[38;2;112;1;2m_[0m[38;2;129;3;3m▌           [0m [38;2;145;3;2;48;2;116;2;3m:[0m [38;2;0;0;0m [0m [38;2;83;3;4m?     [7m[38;2;151;1;3m▌[0m[38;2;71;2;2;48;2;125;2;3m~[0m [38;2;0;0;0m  [7m[38;2;91;1;2m▀[0m[38;2;179;2;3;48;2;166;1;3mz[38;2;181;2;2;48;2;170;1;2mzc[38;2;180;2;2;48;2;168;1;3mL[38;2;175;3;3;48;2;163;1;2mc[38;2;79;1;2;48;2;138;2;2m"[0m  [7m[38;2;112;2;3m▀[0m[38;2;53;2;2m  [38;2;74;0;1;48;2;116;2;3m~[0m[38;2;65;2;3m~  [0m  [38;2;0;0;0m         [0m
 [38;2;0;0;0m   [7m[38;2;93;1;3m▌[0m[38;2;93;4;5m▌            [7m[38;2;136;2;4m▌[0m[38;2;147;3;4;48;2;80;2;3m▌[0m[38;2;67;8;9m,   [0m [38;2;153;8;8m_[0m [38;2;130;2;3m_[38;2;180;3;4;48;2;149;1;3m,[38;2;186;5;3;48;2;157;3;3m'[0m[7m[38;2;180;3;4m▀[38;2;187;3;3m▀[38;2;152;1;3m`[0m[38;2;174;0;1;48;2;189;2;4mc[38;2;175;0;2;48;2;191;2;3mc[38;2;176;0;2;48;2;193;2;4mc[38;2;176;1;1;48;2;193;2;3mc[38;2;175;1;2;48;2;191;2;3mz[38;2;168;0;2;48;2;186;2;4mc[38;2;76;2;2;48;2;142;2;3m}[38;2;181;6;9;48;2;159;3;4m'[0m[7m[38;2;103;3;4m▀[0m[38;2;183;2;5;48;2;155;3;4m'[0m     [38;2;53;2;2m [7m[38;2;147;4;5m▌[0m [38;2;66;5;5m_     [0m [38;2;0;0;0m  [0m
 [38;2;0;0;0m    [0m [38;2;0;0;0m       [0m  [38;2;0;0;0m   [0m [38;2;157;1;3;48;2;148;1;2md[0m[7m[38;2;118;2;3m`[38;2;143;1;2m▀[38;2;106;2;1m▀[0m[38;2;0;0;0m  [7m[38;2;124;1;3m▌[38;2;149;1;2m`[0m[38;2;174;1;3;48;2;162;1;2md[38;2;183;2;3;48;2;172;1;2m1[38;2;186;2;2;48;2;176;2;2mW[38;2;190;2;3;48;2;179;1;3mW[38;2;190;1;3;48;2;179;1;2mW[38;2;189;1;3;48;2;179;1;3mW[48;2;179;1;2mW[38;2;189;1;2mW[38;2;190;1;2mW[38;2;189;2;2;48;2;177;1;2mW[38;2;185;2;2;48;2;175;2;2mW[38;2;184;2;2;48;2;172;1;3mL[38;2;146;0;0;48;2;170;1;2m_[38;2;64;0;2;48;2;164;2;3m_[0m[7m[38;2;146;2;3m_[0m[38;2;142;0;1;48;2;164;2;2m_[0m [38;2;64;2;3m [0m [7m[38;2;119;1;2m~[0m[38;2;127;2;3m▌ [7m[38;2;103;2;3m▌[0m [38;2;56;2;1m"[7m[38;2;79;2;3m▀[0m[38;2;3;0;0m   [0m  [38;2;35;2;3m  [0m
 [38;2;0;0;0m      [38;2;94;3;5m=[7m[38;2;88;1;2m▀[0m [38;2;69;3;5m   [7m[38;2;87;1;2m▌[38;2;103;2;3m`[0m [38;2;0;0;0m   [7m[38;2;88;1;3m▌[0m[38;2;154;1;2;48;2;170;2;3mW[38;2;159;1;2;48;2;173;2;3mW[38;2;182;2;1;48;2;162;3;4m'[0m  [7m[38;2;133;1;4m▌[0m[38;2;168;1;2;48;2;182;2;3mW[38;2;172;1;2;48;2;187;2;4mW[38;2;174;1;2;48;2;189;2;4mW[38;2;178;1;2;48;2;192;2;4mW[48;2;193;2;4mW[38;2;179;1;2;48;2;194;2;4mW[38;2;180;1;2;48;2;195;2;4mW[38;2;181;1;2mW[38;2;180;1;2mW[48;2;195;2;3mW[38;2;177;1;2;48;2;192;2;3mW[38;2;173;1;2;48;2;186;2;4mW[38;2;180;2;4;48;2;72;2;2m▀[0m[7m[38;2;105;2;3ma[0m [7m[38;2;129;1;3m▌[0m[38;2;154;2;5m▀ [38;2;125;1;2m_[7m[38;2;132;1;2m~[0m[38;2;155;1;2;48;2;168;2;3mW[38;2;154;1;2;48;2;166;3;4mW[0m[38;2;88;4;4m▌[0m  [38;2;147;3;3m_[38;2;163;4;5;48;2;132;1;3m'[0m[38;2;122;3;5m▌  [7m[38;2;89;1;2m▌[0m[38;2;67;9;11m,  [0m
 [38;2;0;0;0m       [38;2;123;2;4m`[7m[38;2;125;1;3m_[38;2;152;1;2m▀[0m[38;2;56;2;0m,  [38;2;59;1;2m"[0m [38;2;0;0;0m [0m [38;2;47;2;3m [38;2;90;2;3m▀[38;2;158;2;3m▀[38;2;172;2;2;48;2;164;1;2mU[38;2;65;0;1;48;2;127;2;3m_[0m[7m[38;2;129;3;6m▌[0m [38;2;81;0;1;48;2;143;1;2m~[38;2;193;2;3;48;2;182;1;3mW[38;2;173;0;3;48;2;188;1;2m'[38;2;172;1;3;48;2;188;2;2m'[38;2;174;1;3;48;2;189;2;2m''[38;2;195;2;2;48;2;188;2;3m|[38;2;176;1;3;48;2;189;2;3m'[38;2;176;1;2;48;2;187;1;2m'[38;2;172;1;3;48;2;186;2;2m'[48;2;184;2;2m'[38;2;189;2;2;48;2;179;2;2mW[38;2;132;0;0;48;2;176;3;3m_[0m[7m[38;2;123;2;3m'[0m[38;2;157;2;4;48;2;142;2;3m:[0m [38;2;101;2;4m▀[0m  [38;2;145;0;2;48;2;160;1;2m'[38;2;176;2;2;48;2;164;2;2mW[38;2;169;3;3;48;2;159;2;2m:[0m[38;2;127;3;4m▀[0m [7m[38;2;77;1;1m▀[38;2;136;1;2m~[0m[38;2;141;1;3;48;2;150;2;2m'[0m[7m[38;2;133;3;3m_[0m[38;2;112;6;7m'  [0m [38;2;68;2;3;48;2;110;1;3m▀[0m [38;2;16;1;1m [0m
 [38;2;0;0;0m   [38;2;104;3;4ma[0m [38;2;29;4;4m [38;2;73;3;5m▌ [0m [7m[38;2;157;2;4m▌[0m[38;2;90;2;4;48;2;147;2;4m"[0m[38;2;116;8;10m, [0m [38;2;0;0;0m  [7m[38;2;76;5;5m▌[0m[38;2;8;0;0m [0m [38;2;75;0;2;48;2;170;2;3m▀[38;2;191;3;6;48;2;159;3;4m'[0m[7m[38;2;119;3;4m▀[0m[38;2;130;4;6;48;2;83;2;3m~[0m[7m[38;2;152;1;3m~[0m[38;2;187;1;2;48;2;198;2;3m^[38;2;192;1;2;48;2;201;2;3m^[38;2;192;2;2;48;2;200;2;3m^[48;2;201;2;4m^[38;2;193;1;2;48;2;202;2;3m^[38;2;213;3;5;48;2;199;2;3m'[38;2;212;3;4;48;2;196;2;4m'[38;2;75;0;1;48;2;165;3;4m,[38;2;207;4;5;48;2;193;2;3m'[38;2;206;3;4;48;2;192;2;3m'[48;2;191;2;3m'[38;2;205;3;6;48;2;189;2;4m'[0m[7m[38;2;147;3;4m![0m[38;2;196;3;7;48;2;182;2;3m,[0m[38;2;166;4;4m▌ [38;2;89;1;2my[7m[38;2;162;2;5m▀[0m[38;2;71;1;2;48;2;156;2;4m^[38;2;173;2;2;48;2;182;2;4m^[38;2;196;3;5;48;2;179;2;4m'[0m[38;2;151;5;6m▌ [0m [38;2;183;1;4;48;2;153;3;5m:[0m[38;2;158;2;4m▀[38;2;124;5;4m~[38;2;87;2;3my[0m [38;2;31;4;4m   [7m[38;2;165;1;3m▌[0m[38;2;166;3;5m▌ [0m
 [38;2;0;0;0m   [38;2;66;0;2;48;2;147;2;2m▌[0m[38;2;126;3;3m▌[0m [38;2;157;1;2;48;2;138;2;3m.[0m[7m[38;2;75;2;3m▀[0m[38;2;7;0;0m [0m [38;2;157;1;2;48;2;148;1;3m'[38;2;147;0;1;48;2;139;2;3m,[0m  [38;2;56;3;4mL [7m[38;2;82;3;4m▌[0m [7m[38;2;152;2;3m▌[0m[38;2;146;0;1;48;2;171;2;3m=[38;2;152;0;1;48;2;176;2;3m=[38;2;108;0;0;48;2;172;2;2m`[38;2;162;0;0;48;2;185;2;3m=[38;2;165;0;1;48;2;190;2;3m=[38;2;167;0;2;48;2;191;2;3m=[48;2;192;2;4m=[38;2;166;0;2;48;2;191;2;3m=[48;2;191;2;4m=[38;2;170;0;2;48;2;193;2;4m=[38;2;68;1;1;48;2;181;2;4m_[0m[38;2;144;3;5m▀[7m[38;2;177;1;2m▌[0m[38;2;74;1;2;48;2;176;2;3m_[0m[38;2;178;2;1m▀[7m[38;2;121;2;3mv[38;2;170;1;3m▀[38;2;101;2;2m7[0m[38;2;161;0;1;48;2;182;2;3m=[38;2;183;2;2;48;2;173;1;2m.[0m[7m[38;2;158;2;2m`[0m[38;2;167;1;2;48;2;174;1;2m:[38;2;185;2;2;48;2;171;1;2mG[0m[38;2;135;2;2m▀[38;2;181;1;5;48;2;162;1;2m.[38;2;185;2;3;48;2;169;1;2mC[38;2;89;1;1;48;2;151;1;2m`[0m[38;2;85;0;0m_[7m[38;2;85;0;1m▌[0m[38;2;100;4;5m▌ [0m [38;2;94;1;2;48;2;115;2;3m~[0m [38;2;0;0;0m  [0m [38;2;105;0;1;48;2;148;1;1m~[0m[38;2;170;2;2m▌ [0m
 [38;2;0;0;0m   [38;2;173;3;6;48;2;139;1;3m:[38;2;177;2;3;48;2;159;2;4m,[0m[7m[38;2;163;2;3m▀[0m[38;2;181;3;5;48;2;142;2;4m:[38;2;182;4;2;48;2;139;3;4m:[0m  [38;2;176;1;3;48;2;157;2;4m'[38;2;179;2;5;48;2;162;2;3m,[0m[38;2;74;5;5m▌ [38;2;130;9;14m`[7m[38;2;103;3;5m▀[38;2;155;2;3m▌[0m[38;2;196;3;3;48;2;153;3;3m:[0m[38;2;138;5;6m_[38;2;199;1;8;48;2;166;2;3m:[38;2;176;1;3;48;2;188;2;4m^[38;2;181;2;3;48;2;193;2;4m^[38;2;131;3;3;48;2;181;2;4m,[38;2;184;1;2;48;2;193;2;4m^[38;2;206;2;5;48;2;165;3;3m'[48;2;182;2;4m:[38;2;205;3;5;48;2;190;2;4m'[0m[7m[38;2;159;3;4my[38;2;140;3;3m=[38;2;192;3;4m▀[0m[38;2;212;2;4;48;2;172;4;4m:[0m[7m[38;2;119;3;3my[38;2;167;1;3m▀[0m[38;2;112;1;4;48;2;179;2;3m~[38;2;206;3;3;48;2;191;2;3m,[38;2;206;3;6;48;2;184;4;5m,[38;2;80;4;4;48;2;174;2;4m▌[38;2;183;1;3;48;2;193;2;3m^[38;2;182;1;3m^[38;2;182;1;2;48;2;195;2;3m^[38;2;213;2;4;48;2;181;3;4m:[0m[38;2;125;3;4m▀[0m [7m[38;2;188;2;4m▌[0m[38;2;177;1;3;48;2;189;2;3m^[38;2;175;1;2;48;2;186;2;3m^[38;2;186;5;7;48;2;156;3;3m'[0m[7m[38;2;134;1;2m▌[38;2;126;4;4m`[0m [38;2;150;6;8m_[7m[38;2;137;1;3m_[38;2;137;3;3m`[0m [38;2;67;3;5m [38;2;118;2;4mf[38;2;123;4;5m~[38;2;117;8;7m` [0m
 [38;2;0;0;0m   [38;2;115;0;0m`[7m[38;2;127;2;3m_[0m[38;2;79;0;1;48;2;147;1;2m,[0m[7m[38;2;118;3;4m_[0m[38;2;83;0;0m`[38;2;108;3;4m+[0m [7m[38;2;105;1;2m▌[0m[38;2;156;1;2;48;2;133;3;3m'[0m[38;2;156;1;2m  [0m [38;2;152;1;1;48;2;163;2;3mz[38;2;159;1;2;48;2;173;1;3mz[38;2;164;1;2;48;2;180;2;3mz[38;2;154;0;1;48;2;170;2;3m:[0m[7m[38;2;138;2;3m\[0m[38;2;169;1;1;48;2;186;2;3mz[38;2;168;1;1mz[0m[38;2;103;2;2m▌[38;2;121;1;4m~[38;2;114;3;4m▀[38;2;133;1;3m_[38;2;157;0;2;48;2;171;2;3m,[0m[7m[38;2;127;2;3m"[0m[38;2;173;1;1;48;2;190;2;2mz[38;2;174;1;1;48;2;192;2;3mz[38;2;174;1;2;48;2;190;2;3mz[0m[7m[38;2;138;2;2m'[0m[38;2;174;0;1;48;2;190;1;2mz[38;2;172;0;1;48;2;191;1;3mz[38;2;174;1;2;48;2;189;2;3mz[0m[7m[38;2;114;3;4mj[0m[38;2;178;0;1;48;2;166;1;3m,[38;2;143;2;7;48;2;183;2;2m_[38;2;116;0;1;48;2;179;2;3m,[38;2;180;1;2;48;2;196;2;3mz[38;2;170;0;1;48;2;185;2;3m:[38;2;158;1;2;48;2;181;1;2m'[38;2;165;0;0;48;2;180;2;3m:[38;2;88;0;1;48;2;163;1;2m"[38;2;169;1;1;48;2;189;2;2mz[38;2;168;1;1;48;2;186;2;3mz[38;2;143;0;1;48;2;180;2;2m`[0m[38;2;127;3;4m▌[38;2;70;0;1;48;2;165;2;3m▌[0m[38;2;155;2;3m▌[7m[38;2;104;1;3m▌[38;2;148;1;2m`[0m[38;2;151;1;1;48;2;168;1;3mz[38;2;88;1;2;48;2;115;2;3m"[0m[38;2;88;1;2m     [0m
[38;2;159;3;5m=[38;2;88;5;7m= [0m [38;2;0;0;0m [0m [38;2;101;2;4m`[38;2;66;3;3mF[0m [7m[38;2;87;81;71m▀[38;2;61;62;66m▀[38;2;92;91;86m▀[0m[38;2;167;3;5m'[38;2;70;60;44my[7m[38;2;127;120;119m▀[38;2;85;87;93m▀[0m[38;2;103;1;2;48;2;145;1;3m,[38;2;160;0;1;48;2;180;2;3mT[38;2;165;0;1;48;2;186;2;4mT[38;2;169;0;1;48;2;190;2;4mT[38;2;212;1;5;48;2;168;3;3m:[38;2;151;0;1;48;2;178;2;3mK[38;2;171;0;1;48;2;190;2;3mT[0m[7m[38;2;180;3;4m▀[0m[38;2;172;7;6m_ [38;2;206;3;5;48;2;153;2;3m:[38;2;145;2;3;48;2;174;2;3m^[38;2;162;2;2;48;2;186;2;4m^[38;2;177;1;1;48;2;195;3;4mT[38;2;178;1;1;48;2;196;2;4mT[38;2;179;1;1;48;2;198;2;4mT[48;2;196;2;3mT[38;2;177;1;1;48;2;195;2;3mT[38;2;176;1;1;48;2;193;2;3mT[38;2;88;1;1;48;2;142;3;4mv[38;2;75;0;0;48;2;145;3;4m^[0m[7m[38;2;111;3;4m*[0m[38;2;82;1;3;48;2;193;2;3m▀[38;2;219;2;4;48;2;192;2;3m:[38;2;185;1;2;48;2;202;2;4mT[38;2;183;1;2;48;2;201;2;3mT[38;2;182;1;1;48;2;199;2;3mT[38;2;180;0;1;48;2;196;3;3mT[38;2;178;1;2;48;2;193;2;4mT[38;2;175;0;2;48;2;190;2;3mT[38;2;172;1;1;48;2;188;2;4mT[38;2;170;0;2;48;2;185;2;3mT[0m[38;2;139;5;6m▌[38;2;101;1;2;48;2;145;2;3m~[0m[38;2;144;3;4m▀[0m [38;2;185;3;4;48;2;134;1;3m,[38;2;183;2;5;48;2;161;2;4ms[0m[38;2;128;3;3m▌     [0m
 [38;2;0;0;0m   [38;2;104;3;6m%  [38;2;82;68;50m_[7m[38;2;104;102;96m▀[0m[38;2;96;93;98;48;2;111;108;106mg[38;2;116;109;105;48;2;104;102;105mT[38;2;114;113;112;48;2;105;101;101mM[0m[7m[38;2;83;85;87m`[0m[38;2;61;55;45;48;2;95;91;85m^[38;2;123;119;115;48;2;112;106;104m^[38;2;107;95;98;48;2;118;110;111mg[38;2;41;49;62;48;2;119;1;2m▌[38;2;157;1;2;48;2;179;2;3mz[38;2;82;1;2;48;2;147;3;4my[38;2;171;1;1;48;2;190;2;3mz[38;2;166;0;1;48;2;178;2;3m:[38;2;145;0;1;48;2;182;1;3m,[38;2;180;1;1;48;2;197;2;3mzz[38;2;179;1;1;48;2;194;2;2mz[0m[38;2;164;4;4m▌[38;2;162;0;1;48;2;174;2;3m:[38;2;176;1;1;48;2;194;2;3mz[38;2;174;1;1mg[38;2;178;1;1;48;2;196;2;3mz[38;2;166;0;0;48;2;182;2;3m:[38;2;92;1;1;48;2;161;2;4m/[38;2;175;1;1;48;2;197;2;3mz[38;2;177;1;1;48;2;196;2;3mz[38;2;188;1;1;48;2;152;3;3m'[0m[38;2;95;3;4m▀[7m[38;2;125;1;2m▀[0m[38;2;144;0;2;48;2;185;1;2m~[38;2;179;1;1;48;2;198;2;2mz[38;2;182;1;1;48;2;200;2;2mz[38;2;185;1;1;48;2;202;2;2mz[38;2;187;1;1mz[38;2;182;0;2;48;2;191;2;3m:[0m[38;2;183;2;3m▀[38;2;143;4;4m▀[38;2;162;3;8m~[38;2;138;2;4m▀[38;2;68;0;2;48;2;158;2;3m,[0m[38;2;131;4;5m▌[38;2;143;4;4m▌[7m[38;2;108;1;3m▀[38;2;138;2;2m`[0m[38;2;162;2;3m▀[38;2;166;1;3m_[38;2;90;5;5m+     [0m
 [38;2;0;0;0m   [7m[38;2;134;4;7m▌[0m [38;2;43;2;2m [38;2;93;90;80;48;2;36;45;46m▀[0m[38;2;75;88;94m▀[38;2;75;96;108m~[38;2;108;117;120m`[38;2;82;91;92m~[38;2;106;120;121m~[7m[38;2;90;93;92m=[38;2;86;85;83m_[38;2;103;104;104m-[38;2;125;1;3m▌[0m[38;2;187;3;4;48;2;164;2;2mz[0m[38;2;104;4;5m▌[38;2;213;3;8;48;2;174;2;4m:[0m[38;2;181;4;4m▌[38;2;216;4;8;48;2;155;1;2m:[38;2;212;4;4;48;2;190;1;2mz[38;2;215;3;4;48;2;192;1;2mz[38;2;214;2;3mz[38;2;213;3;4;48;2;188;1;3mz[38;2;211;4;4;48;2;186;1;3mz[38;2;219;3;6;48;2;176;3;4m:[0m[7m[38;2;185;1;3m▌[0m[38;2;208;3;4;48;2;181;2;2mz[0m[38;2;103;4;4m▌[38;2;220;4;6;48;2;181;2;4m:[38;2;211;3;4;48;2;187;1;2mz[38;2;212;3;3;48;2;188;1;2mz[38;2;94;3;4;48;2;138;3;3m"[0m[7m[38;2;81;1;3m▌[0m[38;2;174;0;3;48;2;187;1;3m,[38;2;213;3;4;48;2;189;1;2mzzz[48;2;193;1;3mz[0m[38;2;205;3;4m▀[38;2;128;8;6m`    [7m[38;2;107;1;3m▌[0m[38;2;96;2;3;48;2;149;3;4m"[0m[38;2;61;9;9m`[38;2;202;4;6;48;2;159;2;4m:[0m[38;2;133;4;3m~[7m[38;2;163;1;1m▀[0m[38;2;157;4;5m▌[0m [38;2;0;0;0m     [0m
 [38;2;0;0;0m [0m [7m[38;2;153;1;4m▀[0m[38;2;122;1;1;48;2;144;2;3m:[0m[38;2;130;2;4m▌ [0m [38;2;49;43;34m"[7m[38;2;84;81;76m~[38;2;93;96;99m▀[38;2;96;93;82m▌[0m[38;2;40;38;37;48;2;92;96;98m_[0m[7m[38;2;78;86;88m-[38;2;73;77;76m▀[38;2;77;81;81m=[0m [38;2;132;1;3m▀[38;2;108;4;5m▌[7m[38;2;171;1;4m▌[0m[38;2;54;1;0;48;2;160;2;3m`[38;2;166;1;2;48;2;187;2;3mz[38;2;169;1;1;48;2;192;1;3mz[38;2;151;1;2;48;2;182;2;4mq[38;2;171;1;3;48;2;194;1;3mm[38;2;173;1;1;48;2;193;2;3mz[38;2;172;1;1;48;2;191;2;3mz[38;2;183;1;2;48;2;138;3;3m'[0m[7m[38;2;79;0;1m▌[0m[38;2;157;0;1;48;2;174;2;4m:[0m[38;2;75;2;3m_[38;2;157;0;1;48;2;175;2;3m:[38;2;171;1;2;48;2;193;1;3mz[48;2;194;1;3mz[38;2;173;0;2;48;2;195;1;3mz[38;2;175;1;2;48;2;192;2;3mz[38;2;173;1;2;48;2;194;2;3mz[38;2;169;1;2;48;2;192;2;3mz[38;2;167;1;2;48;2;189;2;3mz[0m[7m[38;2;160;3;4m_[0m[38;2;97;4;5m▀      [7m[38;2;96;1;2m▌[0m[38;2;153;1;1;48;2;175;2;3mz[0m[7m[38;2;162;3;3m▀[0m[38;2;166;1;2;48;2;147;2;3m'[0m[38;2;96;2;4m▌[38;2;143;0;0;48;2;164;1;3m:[0m[38;2;133;6;7m▌      [0m
 [38;2;88;4;5mL[7m[38;2;84;1;3m▌[0m[38;2;178;4;4;48;2;155;1;2mz[38;2;175;3;4;48;2;151;1;2mz[0m[38;2;154;3;6m▌ [0m [38;2;118;118;113;48;2;52;50;48m=[0m[7m[38;2;104;106;107m▀[38;2;73;83;86m*[38;2;76;95;97m▌[0m[38;2;114;149;131;48;2;64;73;70m.[0m[38;2;48;79;110m`[38;2;116;4;7mn[38;2;104;86;64m`[38;2;99;99;93m▌  [7m[38;2;124;1;4m▌[0m[38;2;201;6;10;48;2;158;2;4m:[0m[7m[38;2;162;3;4m_[0m[38;2;191;3;4;48;2;70;1;1m▀[0m[7m[38;2;144;3;4m+[0m[38;2;208;3;5;48;2;183;1;3mz[0m[7m[38;2;147;4;5m_[0m[38;2;79;1;2;48;2;186;2;4m▌[38;2;159;0;0;48;2;182;3;4m-[0m [38;2;103;1;1m~[38;2;79;1;1;48;2;139;3;4m_[0m[7m[38;2;104;2;3m\[38;2;164;2;3m_[0m[38;2;202;4;5;48;2;177;1;3mz[38;2;203;5;4;48;2;181;1;3mz[38;2;202;4;4;48;2;181;1;2mz[38;2;193;3;3;48;2;173;2;3m▀[0m[7m[38;2;152;3;3m_[0m[38;2;120;4;4m▀[0m [38;2;85;2;4m▌      [7m[38;2;170;2;3m▌[0m[38;2;195;4;3;48;2;169;1;1mz[38;2;73;2;4;48;2;143;3;4mj[38;2;196;4;3;48;2;171;1;3mz[0m[38;2;158;4;5m▌[7m[38;2;133;1;1m▌[0m[38;2;217;2;3;48;2;159;3;5m:[0m [38;2;0;0;0m     [0m
 [38;2;90;1;3m`[7m[38;2;104;1;2m▌[0m[38;2;126;0;0;48;2;154;1;2m.[38;2;194;3;7;48;2;159;1;2m-[38;2;193;3;7;48;2;158;1;2m-[0m[7m[38;2;124;2;3m▀[0m [38;2;0;0;0m [38;2;81;73;65m~[38;2;76;90;93m▀[7m[38;2;89;94;87m▌[38;2;67;72;71mt[38;2;52;55;54m▀[0m[38;2;99;106;94m_[7m[38;2;53;58;52m▀[0m[38;2;63;63;70;48;2;85;87;84m}[0m[38;2;37;61;72mr[0m  [38;2;46;41;33m [38;2;124;7;11m+[7m[38;2;97;1;3m=[0m[38;2;153;2;3m▀[7m[38;2;140;2;3m=[38;2;181;2;3m▀[0m[38;2;168;1;2;48;2;186;1;3mL[38;2;216;4;3;48;2;182;1;3m-[38;2;184;0;2;48;2;173;2;3m,[0m[7m[38;2;190;1;3m▀[0m[38;2;202;2;2m_[38;2;124;4;5m~[38;2;152;6;7m~[38;2;103;2;3m▀[38;2;129;2;3m▀[38;2;112;3;4m▀[38;2;118;6;6m`[0m [38;2;88;2;3m▀[38;2;101;4;8m=[38;2;109;5;7m`    [0m [7m[38;2;112;1;2m▀[0m[38;2;206;3;4;48;2;169;1;3m-[0m[7m[38;2;149;4;4my[38;2;141;1;3m^[0m[38;2;160;1;1;48;2;172;2;2mL[0m[7m[38;2;147;1;3m`[0m[38;2;95;4;5m▌[38;2;204;1;2;48;2;150;3;5m'[0m [38;2;0;0;0m     [0m
  [38;2;104;1;2;48;2;129;1;3m^[38;2;183;4;3;48;2;158;1;2mz[48;2;160;1;2mz[38;2;189;8;9;48;2;137;3;4m:[0m [38;2;71;59;45my[38;2;54;58;68m_[38;2;62;57;45mn[38;2;54;66;71m▌[7m[38;2;58;59;51m▌[38;2;73;79;79m*[0m[38;2;100;103;100;48;2;41;48;49m▀[0m[38;2;108;118;121m=[38;2;81;79;71m▀[38;2;143;147;136;48;2;110;115;109m:[0m[38;2;47;78;98m▌[7m[38;2;104;90;73m▌[0m[38;2;127;134;129;48;2;94;102;107mz[0m [7m[38;2;127;2;4m▀[0m[38;2;169;3;6m▀[7m[38;2;137;2;3m=[0m[38;2;198;4;4;48;2;175;1;2mz[38;2;202;4;5;48;2;178;1;3mz[38;2;206;4;5;48;2;181;1;2mz[38;2;208;4;5;48;2;182;1;2mz[38;2;207;4;4;48;2;184;2;2mz[38;2;206;3;4;48;2;184;1;3mz[38;2;205;2;3;48;2;183;1;2mL[38;2;107;1;2;48;2;146;2;3m<[0m[38;2;137;5;7mL[7m[38;2;98;2;3mJ[38;2;133;1;3m▀[38;2;110;2;2m▀[0m[38;2;106;2;4m_      [0m [38;2;141;1;1m_[7m[38;2;163;1;2m▀[38;2;156;2;4m_[0m[38;2;67;1;2;48;2;144;3;5m*[38;2;90;1;2;48;2;169;2;3m~[38;2;201;3;4;48;2;174;1;2mz[38;2;200;3;4;48;2;173;1;3mz[0m[38;2;170;3;4m▌[0m [38;2;131;15;16m`      [0m
 [38;2;0;0;0m [7m[38;2;99;1;3m▌[0m[38;2;151;1;2;48;2;165;2;4mz[38;2;175;2;4;48;2;149;2;4m'[0m[38;2;91;4;5m▌[0m [7m[38;2;97;87;80m_[0m[38;2;86;77;79;48;2;108;109;109m:[0m[7m[38;2;113;113;113m▀[38;2;99;100;100m▀[0m[38;2;127;127;116m_[38;2;83;83;78m▀[38;2;96;99;95m▀[38;2;92;103;100m=[38;2;82;87;85m▀[38;2;111;105;81m_[38;2;132;127;111m_[38;2;131;130;121m_[7m[38;2;60;61;59m▀[0m   [38;2;118;3;4m▀[38;2;114;4;4m~[38;2;93;1;2;48;2;178;2;4m▌[38;2;214;4;4;48;2;182;2;4m-[38;2;218;4;5;48;2;188;2;3m-[38;2;220;4;6m-[0m[7m[38;2;160;2;3m7[38;2;117;3;5m=[0m[38;2;178;2;3;48;2;81;2;4m▀[0m[7m[38;2;164;3;4m`[0m[38;2;99;1;3;48;2;143;3;5mh[38;2;126;2;4;48;2;76;2;2m=[38;2;144;2;3;48;2;77;2;2ma[0m[7m[38;2;154;2;4mr[38;2;143;2;3m=[38;2;110;2;3m`[38;2;108;2;3m~[0m[38;2;140;2;3ms[7m[38;2;111;2;2m~[38;2;123;2;3m`[0m[38;2;97;3;3;48;2;139;2;4m>[0m[7m[38;2;159;2;4m=[0m[38;2;94;4;5;48;2;143;2;3m~[38;2;143;3;6;48;2;162;2;4m'[0m[38;2;177;1;2m▀[7m[38;2;114;2;3m*[0m[38;2;112;1;3;48;2;154;2;3m^[38;2;188;3;6;48;2;159;3;4m'[0m[38;2;71;4;5m^[0m [7m[38;2;97;90;86m▌[38;2;89;87;87m~[0m[38;2;96;107;109m_    [0m
[7m[38;2;112;2;2m▌[0m[38;2;108;11;10m, [38;2;134;3;5m`[38;2;124;4;5m▀[38;2;64;3;3m,[7m[38;2;61;53;40m▌[0m[38;2;59;59;59;48;2;98;94;93m_[0m[7m[38;2;97;102;103mT[38;2;66;71;74mZ[38;2;72;72;72m_[38;2;94;96;95m-[38;2;90;92;91m,[0m[38;2;119;125;121;48;2;101;103;101mz[38;2;119;126;121;48;2;98;100;96mz[38;2;118;126;122;48;2;99;103;96mz[38;2;118;126;123;48;2;102;105;102mz[38;2;120;126;125;48;2;102;105;105mz[38;2;120;126;126;48;2;101;105;107mz[0m[7m[38;2;78;93;101m_[0m [7m[38;2;77;71;59m▀[0m[38;2;82;92;97m▌[7m[38;2;92;3;5m▌[0m[38;2;124;8;10m'[38;2;155;5;11m`[7m[38;2;73;2;3m$[0m[38;2;148;0;0;48;2;182;2;3m-[38;2;196;2;3;48;2;180;1;2mz[38;2;152;0;0;48;2;187;2;3m-[0m[7m[38;2;165;1;2m`[38;2;171;2;3m▀[0m[38;2;102;1;2m~[38;2;176;2;4m▀[38;2;131;4;4;48;2;164;2;3m,[0m[7m[38;2;147;2;3m~[38;2;136;3;3m▀[0m[38;2;119;2;4m▀[38;2;170;2;4m▀[7m[38;2;149;1;3m_[38;2;166;2;3m_[38;2;168;2;4m_[38;2;154;2;4m_[38;2;144;1;3m_[0m[38;2;177;2;3m▀[38;2;164;4;3m▀[38;2;98;7;7m`[7m[38;2;152;1;3m▀[0m[38;2;186;4;7;48;2;158;2;3m:[0m[38;2;167;2;3m▀[38;2;87;6;6m` [7m[38;2;92;87;82m▌[38;2;95;97;100m▀[0m[38;2;120;123;117m`[7m[38;2;92;93;92m_[38;2;87;96;101m▀[0m [38;2;0;0;0m  [0m
 [38;2;68;3;5m~[38;2;174;5;9m_[38;2;104;5;8m_ [0m [7m[38;2;117;2;3m▌[38;2;77;2;3m▀[0m[38;2;64;60;56m▀[38;2;94;92;92m▀[38;2;115;113;115m*[7m[38;2;81;82;81m_[38;2;74;79;84m_[38;2;63;68;67m_[38;2;66;71;71m_[0m[38;2;60;71;73mF[38;2;53;62;63m~[38;2;45;57;70m`[0m [38;2;137;140;127m_[0m [7m[38;2;94;88;81m_[0m[38;2;97;102;104m▌[0m [38;2;0;0;0m [38;2;120;1;2m▀[0m [38;2;214;5;4;48;2;179;2;3m_[38;2;219;4;5;48;2;187;2;3m_[38;2;219;5;6;48;2;190;2;3m-[38;2;221;6;7;48;2;191;2;3m-[38;2;221;5;6;48;2;188;1;2m_[38;2;196;3;3;48;2;178;2;3m,[0m[7m[38;2;190;3;4m▀[0m[38;2;194;6;8m_[38;2;141;2;3m▀[38;2;103;0;2;48;2;167;2;4m,[38;2;167;0;1;48;2;177;2;4m:[38;2;79;1;1;48;2;188;3;3m▀[0m[7m[38;2;170;2;3m▀[38;2;119;1;2m▀[0m[38;2;214;6;5m_[38;2;212;4;5m_[7m[38;2;180;3;4m▀[38;2;185;3;4m▀[38;2;149;2;4m`[0m[38;2;167;1;3m▀[38;2;130;118;100m_[38;2;77;3;5m`[7m[38;2;113;104;93m▀[0m[38;2;93;73;72;48;2;113;108;103m.[0m[7m[38;2;82;87;88m▀[0m [38;2;75;70;64m▀[38;2;30;36;42;48;2;90;93;91m`[0m[38;2;76;93;95m_[7m[38;2;101;97;89m▌[0m[38;2;95;104;106m▌[0m [38;2;0;0;0m [0m
 [38;2;0;0;0m [38;2;75;1;2m▀[7m[38;2;91;2;4m_[0m [38;2;0;0;0m [0m [38;2;89;3;3m▀          [7m[38;2;104;100;89m▌[0m[38;2;83;78;82;48;2;112;113;111m-[38;2;54;58;63;48;2;98;102;104m"[0m[38;2;37;52;64mL[38;2;130;135;130;48;2;106;101;94m:[0m[7m[38;2;103;97;97m`[0m[38;2;73;83;88m▌[0m [7m[38;2;129;1;2m~[0m[38;2;183;2;3;48;2;170;1;2m:[0m[7m[38;2;167;2;3m_[0m[38;2;189;2;3;48;2;180;1;4mc[48;2;180;1;3mc[38;2;188;2;2;48;2;178;1;2m:[0m[7m[38;2;152;2;4m_[0m[38;2;180;2;3m▀[38;2;181;2;4;48;2;167;1;3m:[0m[38;2;122;2;4m▌[0m [38;2;158;1;3m▀[7m[38;2;164;2;3m_[0m[38;2;140;0;1;48;2;178;2;3m_[38;2;151;0;0;48;2;182;2;3m_[38;2;186;2;2;48;2;177;2;3mc[38;2;185;2;3;48;2;175;1;3mc[38;2;183;2;2;48;2;172;1;2mc[38;2;140;0;0;48;2;173;2;3m_[0m[38;2;94;5;5m▌[7m[38;2;100;85;77m`[0m[38;2;82;75;84;48;2;119;111;113m_[0m[7m[38;2;98;99;102m▀[0m[38;2;92;87;79m`[38;2;112;113;109m▀[38;2;79;75;78;48;2;107;111;110m-[0m[38;2;68;82;89m▌[38;2;61;59;58m_[7m[38;2;77;73;66m▌[0m[38;2;118;132;132;48;2;91;98;100m:[0m [38;2;86;80;79;48;2;105;111;107m-[0m [38;2;0;0;0m [0m
 [38;2;0;0;0m  [0m  [38;2;63;3;9m        [0m [7m[38;2;95;90;76m▀[38;2;101;98;92m`[38;2;101;100;96m`[38;2;102;102;98m`[0m[38;2;94;91;91;48;2;111;116;117mz[0m[7m[38;2;91;93;97m_[0m[38;2;97;104;111m▀[7m[38;2;99;93;81m▌[0m[38;2;101;92;87;48;2;120;119;116mz[38;2;94;78;74;48;2;104;109;111m:[0m [38;2;126;2;3m`[38;2;135;2;3m▀[7m[38;2;155;2;4m▀[0m[38;2;192;4;3;48;2;170;2;3m,[38;2;172;1;1;48;2;186;2;3mc[38;2;96;1;1;48;2;148;3;4mu[0m[38;2;131;11;5m` [38;2;177;3;3m_[38;2;179;3;6;48;2;146;3;4m'[0m[38;2;101;3;4m▌[0m [38;2;199;4;3m_[38;2;200;5;2m_[38;2;203;5;4m_[7m[38;2;105;2;3m*[0m[38;2;160;1;2m▀[7m[38;2;160;2;4m_[0m[38;2;162;1;2;48;2;178;3;4mc[0m[38;2;166;4;3m▌[0m [38;2;107;94;92m▀[38;2;94;75;70;48;2;110;104;102m:[38;2;98;88;85;48;2;117;116;115mz[38;2;88;74;69;48;2;104;106;105m:[0m[7m[38;2;82;96;100m▀[0m[38;2;65;81;80m~[38;2;71;71;56m~[38;2;101;102;99m▀[7m[38;2;79;83;81m`[38;2;109;115;111m▀[38;2;82;86;83m`[0m[38;2;81;97;101m▀[0m [38;2;0;0;0m [0m
 [38;2;0;0;0m            [7m[38;2;86;87;74m~[38;2;80;95;97m_[38;2;66;68;66m*[0m[38;2;92;96;97m▀[38;2;107;112;112m▀[38;2;105;135;144;48;2;75;91;100m:[0m[7m[38;2;89;85;76m▀[38;2;96;95;95m~[0m[38;2;85;74;77;48;2;111;112;108m-[38;2;88;77;75;48;2;114;116;114m-[38;2;117;136;137;48;2;82;93;97m:[0m [38;2;93;5;6m^[7m[38;2;150;2;4m▌[0m[38;2;130;0;1;48;2;173;2;3m_[38;2;182;2;3;48;2;170;2;2mW[38;2;111;0;3;48;2;173;2;3m_[0m[38;2;127;3;4m▌ [38;2;90;2;1m▀[38;2;122;4;5m▀[38;2;88;0;2m_[7m[38;2;148;2;3m▀[38;2;144;2;3m`[0m[38;2;166;2;3m▀[38;2;166;3;4m▀[38;2;169;2;3m▀[7m[38;2;142;2;3m_[38;2;150;2;3m`[38;2;91;2;2m▀[38;2;155;2;3m▌[0m [38;2;59;6;5m  [38;2;68;62;54m`[38;2;103;103;99m▀[38;2;93;108;112m▀[7m[38;2;63;66;61mF[38;2;98;100;100m▀[38;2;68;70;71m▀[0m[38;2;75;67;65m_[38;2;79;67;59m_[7m[38;2;89;89;86mT[0m[38;2;75;87;89m▌   [0m
 [38;2;0;0;0m       [0m [38;2;64;4;5mr   [38;2;112;98;80m`[7m[38;2;90;88;75m▀[0m[38;2;135;147;142;48;2;114;113;105m_[38;2;113;108;99;48;2;115;118;115mc[38;2;46;51;56;48;2;105;116;118m▀[0m [7m[38;2;78;82;77m=[38;2;66;69;67m+[0m[38;2;92;99;101;48;2;51;53;50m▀[0m[7m[38;2;84;88;89m*[0m[38;2;111;111;109m▀[38;2;110;104;95;48;2;48;53;58m=[0m [38;2;25;29;21m [38;2;93;2;5m`[7m[38;2;98;2;2m4[0m[38;2;180;9;6m__[7m[38;2;103;2;2m▀[38;2;153;2;2m▀[38;2;140;2;3m~[38;2;135;2;3m_[0m[38;2;117;2;3m▀[7m[38;2;77;68;55m▀[38;2;103;95;90m~[0m[38;2;129;123;120;48;2;120;110;106m,[38;2;70;60;54;48;2;116;108;107m`[0m[7m[38;2;116;117;117m▀[38;2;88;1;3m▌[0m[38;2;179;1;5;48;2;149;3;5m:[0m[38;2;58;2;2m"      [38;2;89;85;70m~[38;2;106;106;101m▀[7m[38;2;85;89;89m_[38;2;94;97;99m_[38;2;87;91;93m_[0m[38;2;99;106;108m▀[38;2;22;41;58m"   [0m
 [38;2;0;0;0m          [0m [7m[38;2;62;56;47m▀[38;2;87;84;77m~[0m[38;2;118;121;122;48;2;102;98;94mz[38;2;119;122;124;48;2;104;100;97mz[38;2;119;123;126;48;2;103;100;98mz[38;2;114;122;125;48;2;95;99;98mz[0m[38;2;43;53;56mM[7m[38;2;86;87;85m_[38;2;57;69;76m_[0m[38;2;83;81;73m▀[38;2;51;62;69m▀[7m[38;2;86;86;81m_[38;2;49;55;58mj[38;2;63;76;79m_[0m[38;2;0;0;0m [0m [38;2;154;2;2m▀[38;2;157;2;2m▀[7m[38;2;118;1;3m_[0m[38;2;158;2;2m▀[38;2;149;3;3m▀[38;2;82;2;2m~  [7m[38;2;77;71;66m▌[0m[38;2;119;127;133;48;2;104;100;102m:[38;2;117;120;125;48;2;102;97;98mz[38;2;119;120;125;48;2;103;98;97mz[38;2;121;121;125;48;2;105;99;97mz[38;2;50;51;53;48;2;99;98;99m"[0m[7m[38;2;93;41;44m=[0m  [38;2;53;8;11m               [0m
 [38;2;0;0;0m      [0m [38;2;124;124;112m_[7m[38;2;86;81;72m▀[38;2;117;115;112m▀[0m[38;2;80;59;34;48;2;108;103;98m`[38;2;108;106;105;48;2;118;117;113mW[38;2;107;106;105;48;2;117;117;113mW[38;2;108;107;106;48;2;118;117;114mW[38;2;109;108;108;48;2;116;119;117mW[0m[7m[38;2;90;99;104m_[0m[38;2;50;66;75m▀[38;2;73;92;98m_                [0m [7m[38;2;85;96;92m▀[0m[38;2;127;110;86m`[38;2;114;111;105m▀[38;2;130;129;124;48;2;112;111;107m'[38;2;110;108;107;48;2;120;119;116mW[38;2;111;109;108;48;2;121;119;117mW[38;2;111;109;107;48;2;120;120;116mW[0m[7m[38;2;103;105;102m`[38;2;115;119;115m▀[38;2;91;92;89m▀[0m[38;2;129;143;142m_[0m [38;2;21;24;24m            [0m
 [38;2;0;0;0m   [0m [7m[38;2;64;67;62m▀[0m[38;2;93;97;95ma[7m[38;2;91;94;90m_[38;2;102;104;104m_[38;2;102;104;106m_[38;2;100;103;104m_[38;2;98;101;103m_[38;2;94;96;98m_[0m[38;2;106;106;108m▀[38;2;90;98;104m▀[38;2;42;56;66m~[0m [7m[38;2;57;48;30m▌[0m[38;2;94;87;87;48;2;102;101;97m,[0m[7m[38;2;88;89;89m▀[0m [38;2;64;44;33m_[38;2;43;37;35m_[7m[38;2;60;62;65m▀[0m [38;2;76;0;1m_[38;2;90;0;0m_[38;2;122;0;2m_[38;2;130;0;0m_[38;2;96;0;1m_[0m  [7m[38;2;66;60;62m▀[0m[38;2;34;39;42m_[38;2;54;40;27m_[7m[38;2;90;84;75m`[0m[38;2;96;86;93;48;2;92;103;108m,[0m [38;2;0;0;0m [0m [38;2;70;68;64m▀[38;2;106;105;105m▀[7m[38;2;92;91;88m_[38;2;103;106;102m_[0m[38;2;63;66;69;48;2;106;108;105m_[38;2;115;118;113;48;2;102;104;104m^[38;2;87;86;95;48;2;104;105;105m,[38;2;92;88;80;48;2;99;102;99m'[0m[7m[38;2;87;92;88m`[38;2;74;79;78m~[0m[38;2;95;99;96m*[38;2;41;59;71mr        [0m
 [38;2;0;0;0m          [0m [7m[38;2;108;1;3m~[0m[38;2;176;1;3;48;2;150;3;3m:[0m[38;2;90;3;4m▌  [0m [7m[38;2;109;102;96m_[38;2;113;107;105m_[0m[38;2;86;89;92m▌[38;2;175;4;6m_[7m[38;2;153;2;4m▀[0m[38;2;82;10;13;48;2;172;2;3m▀[38;2;194;1;4;48;2;162;2;3m:[38;2;168;9;6;48;2;174;2;3m_[38;2;76;4;3;48;2;170;2;4m_[0m[7m[38;2;166;2;3m_[0m[38;2;100;3;6;48;2;169;2;3m_[38;2;163;1;2;48;2;174;2;3m^[38;2;188;4;6;48;2;169;2;3m,[0m[7m[38;2;140;2;3m`[38;2;164;3;3m▀[38;2;102;2;3m▀[0m[38;2;99;89;73m▀[38;2;124;114;110m▀[38;2;86;94;102m▀ [0m [38;2;85;2;1m_[38;2;184;3;6;48;2;154;2;4m:[38;2;181;3;7;48;2;132;4;4m:[0m [38;2;0;0;0m [0m [38;2;72;86;89m`[38;2;91;106;111m`[38;2;74;90;94m`[0m [38;2;6;7;8m           [0m
 [38;2;0;0;0m           [38;2;53;0;1m"[7m[38;2;123;1;2m_[0m[38;2;142;1;1;48;2;156;2;3mp[0m[7m[38;2;146;1;2m`[38;2;127;1;2m~[38;2;164;1;2m▀[38;2;165;1;2m▀[38;2;140;2;3m~[0m[38;2;111;0;0;48;2;157;2;3m`[0m[7m[38;2;148;2;3m_[0m[38;2;152;2;3m▀[38;2;108;4;3m▀[38;2;118;1;2m`[0m  [38;2;6;0;0m [38;2;85;0;2m__[38;2;102;2;3m▀[38;2;155;2;3m▀[7m[38;2;146;2;3m_[0m[38;2;129;1;2;48;2;160;2;3m,[38;2;123;0;0;48;2;164;1;2m`[0m[7m[38;2;144;2;3m`[38;2;168;1;3m▀[38;2;167;1;3m▀[38;2;152;1;2m`[0m[38;2;147;1;1;48;2;162;2;3mz[0m[7m[38;2;128;3;4m_[0m [38;2;59;1;2m                  [0m
 [38;2;0;0;0m             [38;2;166;7;8m`[38;2;123;2;2m▀[38;2;164;2;4m▀[38;2;167;2;4m▀[38;2;148;3;4m▀[7m[38;2;129;2;3m=[0m[38;2;85;3;4;48;2;167;2;3m▀[0m[7m[38;2;117;3;3m`[0m[38;2;130;14;15m`[7m[38;2;160;2;3m▀[0m[38;2;83;1;3;48;2;170;1;2m~[38;2;201;1;2;48;2;174;2;3ms[0m[7m[38;2;159;2;4m`[38;2;154;2;3m~[0m[38;2;166;1;2;48;2;184;2;4mT[38;2;166;1;1;48;2;183;3;4mT[0m[7m[38;2;148;2;4m`[0m[38;2;152;6;6m,[7m[38;2;124;1;2m`[38;2;145;2;3m~[0m[38;2;96;2;2;48;2;162;2;4m▀[0m[7m[38;2;130;3;4m-[0m[38;2;170;2;4m▀[38;2;150;3;3m▀[38;2;151;3;4m▀[38;2;122;3;3m~[0m [38;2;0;0;0m                   [0m
 [38;2;0;0;0m                 [0m [38;2;135;2;3m▀[38;2;129;3;5m▀[7m[38;2;153;1;2m▀[0m[38;2;138;0;1;48;2;163;2;3m:[38;2;154;1;1;48;2;178;2;4mz[38;2;156;1;1;48;2;180;2;3mz[38;2;159;1;1;48;2;182;2;3mz[48;2;183;2;3mz[38;2;162;1;1;48;2;185;2;3mz[38;2;160;1;1;48;2;182;2;3mz[38;2;158;1;2;48;2;179;2;4mz[38;2;155;1;1;48;2;177;2;2mz[38;2;138;0;1;48;2;159;2;4m:[0m[38;2;137;2;3m_[38;2;154;1;3m▀[38;2;132;3;5m▀[0m [38;2;52;2;3m                        [0m
 [38;2;0;0;0m                   [0m [38;2;120;2;3m▀[7m[38;2;140;1;3m_[0m[38;2;100;3;2;48;2;169;2;3m_[38;2;186;3;3;48;2;164;1;3mz[38;2;187;3;4;48;2;167;1;3mz[38;2;201;4;3;48;2;152;2;3m:[38;2;199;5;4;48;2;154;1;3m:[38;2;190;3;4;48;2;169;1;2mz[38;2;186;4;4;48;2;165;1;2mz[38;2;83;4;3;48;2;166;2;3m_[0m[38;2;172;2;4m▀[38;2;101;4;5m▀                           [0m
