[0m [38;2;0;0;0m                                       [38;2;61;7;7m_[0m [38;2;0;0;0m                  [0m
 [38;2;0;0;0m                                      [0m [7m[38;2;86;1;2m▀[38;2;114;2;3m`[0m [38;2;0;0;0m              [0m [38;2;0;0;0m  [0m
 [38;2;0;0;0m                                   [0m [7m[38;2;141;2;2m▀[38;2;126;1;2m`[0m[38;2;175;2;4;48;2;138;2;3m:[0m[38;2;146;3;5m▀[38;2;96;10;14m`     [0m  [38;2;0;0;0m       [0m [38;2;130;4;4mz  [0m
 [38;2;0;0;0m                                  [38;2;111;0;2m_[7m[38;2;119;1;2m`[0m[38;2;149;1;3;48;2;140;1;2mT[38;2;120;0;0;48;2;133;1;3m:[0m[38;2;105;4;6m'       [0m [38;2;86;3;3m▌    [38;2;80;0;1m_[7m[38;2;98;1;2m▀[38;2;128;1;3m▀[38;2;125;1;2m`[38;2;118;2;3my[0m[38;2;64;2;3m  [0m
 [38;2;0;0;0m   [38;2;122;4;8m;                            [38;2;83;1;2my[7m[38;2;149;2;3m▀[0m[38;2;169;4;4;48;2;145;2;3mz[38;2;168;4;4;48;2;146;2;2mz[0m[7m[38;2;126;3;3m_[0m[38;2;158;10;10m` [0m [38;2;0;0;0m      [0m [38;2;169;5;4;48;2;126;3;4m:[0m [38;2;0;0;0m  [0m [38;2;169;4;5;48;2;131;2;3m:[0m[38;2;143;3;3m▀[38;2;113;2;2m▀[38;2;113;3;5m~[0m [38;2;0;0;0m  [0m
 [38;2;0;0;0m  [0m [38;2;121;3;5m▌                       [0m  [38;2;48;2;2m  [0m [38;2;136;0;0;48;2;157;1;3m:[38;2;173;2;4;48;2;156;1;2mR[38;2;172;2;3;48;2;155;1;2mR[38;2;81;1;1;48;2;127;3;4mu[0m [38;2;0;0;0m [38;2;122;0;4m_[38;2;79;3;4m▌      [7m[38;2;129;1;2m▌[0m[38;2;137;0;0;48;2;152;1;3m:[0m [38;2;42;5;5m   [7m[38;2;116;3;5m▌[0m [38;2;0;0;0m     [0m
 [38;2;0;0;0m  [7m[38;2;104;2;2m~[0m[38;2;136;2;3m▌                 [0m [38;2;45;3;3m     [7m[38;2;109;2;3m▌[0m[38;2;75;4;4m▌  [0m [38;2;196;5;4;48;2;158;1;3m:[38;2;189;4;4;48;2;163;1;3mz[38;2;189;4;3;48;2;162;2;3mz[38;2;153;1;1;48;2;168;3;4mT[0m[7m[38;2;137;2;2m~[38;2;141;2;3m~[0m[38;2;100;4;4m▀[0m [38;2;0;0;0m     [0m [38;2;78;4;2;48;2;146;2;4m_[0m[38;2;82;3;4m▀    [0m  [38;2;0;0;0m     [0m
 [38;2;0;0;0m  [38;2;98;1;2m▀[7m[38;2;120;1;2m,[0m[38;2;72;4;5m_           [0m [7m[38;2;96;1;3m▀[38;2;101;2;4m▀[0m [38;2;48;4;4m [38;2;103;3;4m$     [0m [38;2;131;0;0;48;2;149;1;3m:[0m[38;2;109;2;3m▌  [7m[38;2;164;1;3m▌[0m[38;2;162;0;1;48;2;181;2;3mz[48;2;182;2;3mz[38;2;161;0;0;48;2;182;2;2mz[38;2;159;1;1;48;2;179;2;2mz[38;2;145;0;0;48;2;163;2;3m:[0m[7m[38;2;130;2;3m▀[0m [38;2;121;2;4m_[7m[38;2;94;2;4m▀[0m[38;2;0;0;0m  [0m [38;2;143;2;5;48;2;74;2;2mJ[0m [38;2;57;2;1m [38;2;77;1;3m_[38;2;122;2;6m/         [0m
 [38;2;0;0;0m   [0m [38;2;109;1;3;48;2;71;3;3m▌[0m[38;2;109;1;3m           [0m [38;2;178;5;5;48;2;144;2;4m:[38;2;79;0;1;48;2;125;2;3m~[0m[38;2;110;7;6m,   [0m  [38;2;30;0;0m  [7m[38;2;157;1;4m▌[0m[38;2;192;4;4;48;2;166;1;2mz[38;2;85;1;1;48;2;146;3;3m"[0m[7m[38;2;161;2;4m▀[38;2;137;2;3m▀[0m[38;2;76;1;1;48;2;158;1;3m~[38;2;204;4;4;48;2;179;1;3mz[38;2;207;4;5;48;2;181;1;2mz[38;2;206;4;5mz[38;2;205;3;4;48;2;178;1;2mz[38;2;215;3;6;48;2;165;3;3m:[38;2;204;5;5;48;2;155;1;3m:[0m[7m[38;2;140;2;3m`[0m[38;2;194;4;4;48;2;150;1;2m:[0m[38;2;157;2;3m▌  [0m [38;2;113;10;9m,[0m  [38;2;118;2;4m▌[0m [38;2;93;4;6mz        [0m
 [38;2;0;0;0m    [38;2;63;1;2m"[0m [38;2;114;6;8m_     [0m [38;2;108;3;5m_   [38;2;118;1;2m▀[38;2;181;4;4;48;2;150;1;3m-[38;2;130;0;1;48;2;150;2;4m:[0m[7m[38;2;110;3;5m▀[0m[38;2;19;0;0m  [0m [38;2;161;2;4;48;2;132;2;3m,[0m[7m[38;2;165;2;3m▀[38;2;181;2;3m▀[0m[38;2;165;1;1;48;2;184;2;3mz[38;2;166;1;1;48;2;186;2;4mz[38;2;168;1;1;48;2;188;3;4mz[38;2;212;4;5;48;2;182;2;3m-[38;2;173;1;1;48;2;192;2;4mz[38;2;218;5;7;48;2;186;2;3m-[38;2;176;1;1;48;2;196;3;4mz[48;2;197;3;4mz[38;2;174;1;2;48;2;195;3;4mz[38;2;171;1;1;48;2;192;2;3mz[38;2;166;1;1;48;2;184;2;4mz[38;2;157;1;1;48;2;174;2;3mz[0m[38;2;134;3;4m▀[7m[38;2;99;1;2m▌[0m[38;2;161;2;5m▌  [7m[38;2;92;1;3m▌[0m[38;2;146;2;4m▌[38;2;168;4;7m_[0m  [38;2;55;5;3m [7m[38;2;137;2;4m▌[0m[38;2;70;7;8m,   [0m [38;2;92;6;10m_  [0m
 [38;2;0;0;0m      [7m[38;2;123;2;4m▌[38;2;127;2;3m▀[0m [38;2;0;0;0m    [38;2;110;1;5m▀[7m[38;2;111;3;4m▀[0m[38;2;19;1;1m   [38;2;114;1;2m▀[7m[38;2;144;1;2m_[0m[38;2;131;0;0;48;2;161;2;3m-[0m[38;2;69;2;3m▌ [0m [38;2;144;0;0;48;2;171;1;3m-[38;2;149;0;1;48;2;180;1;3m-[38;2;152;0;1;48;2;186;2;3m-[38;2;154;0;1;48;2;189;2;3m-[38;2;158;0;1;48;2;191;2;3m-[38;2;159;0;1;48;2;193;2;3m-[48;2;194;1;2m-[38;2;162;0;2;48;2;195;1;2m-[38;2;162;0;0;48;2;195;2;2m_[38;2;162;0;1;48;2;195;2;3m-[38;2;161;0;2;48;2;195;1;3m_[38;2;157;0;1;48;2;191;2;3m-[38;2;153;0;1;48;2;186;2;3m-[0m[7m[38;2;154;2;3m_[0m[38;2;105;2;4m▀[7m[38;2;79;2;3m▀[0m [38;2;122;5;5m▌  [7m[38;2;133;1;3m▌[0m[38;2;129;0;1;48;2;163;1;3m-[38;2;132;0;0;48;2;162;1;3m-[0m[38;2;143;3;4m▌  [7m[38;2;144;1;3m▌[0m[38;2;69;2;3;48;2;120;2;3m"[0m [38;2;0;0;0m  [38;2;69;0;2;48;2;120;2;3m~[0m[38;2;95;8;13m`  [0m
 [38;2;0;0;0m      [0m [38;2;138;2;2m▀[38;2;138;0;0;48;2;150;2;3m:[0m[7m[38;2;104;2;3m▀[0m[38;2;14;0;0m    [0m [38;2;0;0;0m  [38;2;81;4;8m, [0m [38;2;192;2;3;48;2;152;1;3m'[38;2;178;1;4;48;2;142;2;4m,[0m  [38;2;93;0;0;48;2;158;1;3mr[38;2;179;1;2;48;2;203;2;4mz[38;2;183;0;1;48;2;205;2;3mz[38;2;185;1;1;48;2;207;2;3mzz[38;2;183;1;2;48;2;206;2;3mz[38;2;183;1;1;48;2;207;2;3mz[38;2;182;1;2;48;2;206;2;3mz[38;2;179;1;1;48;2;204;2;3mz[38;2;178;1;1mz[38;2;177;1;2;48;2;204;2;4mz[38;2;176;0;2;48;2;201;2;3mz[0m[7m[38;2;169;3;4m.[38;2;139;2;3m'[0m[38;2;165;1;2;48;2;186;2;5mz[0m[38;2;94;4;4m▌  [0m [7m[38;2;109;1;2m▀[0m[38;2;178;2;7;48;2;155;2;2m'[38;2;155;1;1;48;2;179;2;3mz[38;2;193;3;2;48;2;156;3;3m'[0m[38;2;95;3;4m▌ [7m[38;2;101;1;4m▌[0m[38;2;149;1;2;48;2;170;2;4mz[38;2;147;1;1;48;2;171;3;4mz[0m[38;2;89;4;6m▌  [7m[38;2;91;1;2m▌[0m[38;2;91;3;4;48;2;126;2;3m"[0m [38;2;0;0;0m [0m
 [38;2;0;0;0m   [0m [38;2;69;4;5mw[0m [38;2;54;0;0m,[0m [38;2;126;1;2m▀[38;2;171;4;4;48;2;153;1;3m:[0m[7m[38;2;139;2;4m▀[0m [38;2;0;0;0m [0m [38;2;0;0;0m  [0m [7m[38;2;96;2;4m▀[0m [38;2;129;0;0m_[38;2;186;3;4;48;2;158;1;2m:[38;2;197;3;4;48;2;151;2;3m.[0m[7m[38;2;126;2;4m-[38;2;178;2;4m▀[0m[38;2;200;5;5;48;2;180;1;3m:[38;2;161;0;0;48;2;192;2;2m-[38;2;165;0;1;48;2;197;2;3m-[48;2;198;2;3m-[38;2;164;0;1;48;2;197;2;3m-[38;2;160;0;0;48;2;195;2;3m-[38;2;159;0;0;48;2;192;2;3m_[38;2;82;0;1;48;2;155;3;3m_[38;2;158;0;1;48;2;191;2;2m-[38;2;157;0;0;48;2;189;2;2m-[38;2;156;0;0;48;2;188;2;1m-[38;2;153;0;1;48;2;186;2;2m-[0m[7m[38;2;150;2;4m^[0m[38;2;153;0;0;48;2;181;2;4m-[38;2;151;0;0;48;2;179;2;4m-[0m[7m[38;2;109;2;3m▀[38;2;93;1;1m▀[38;2;157;1;2m▀[0m[38;2;96;0;2;48;2;166;2;3m~[38;2;141;0;0;48;2;174;2;3m-[38;2;142;0;0;48;2;173;1;3m-[38;2;178;6;6;48;2;134;2;3m:[0m [38;2;61;1;1m [38;2;75;0;0m_[38;2;176;4;5;48;2;146;1;3m:[0m[7m[38;2;159;2;3m_[0m[38;2;125;3;4m▀[38;2;76;3;3my[0m [38;2;0;0;0m  [7m[38;2;152;1;4m▌[0m[38;2;85;3;4m▌ [0m
 [38;2;0;0;0m   [0m [38;2;171;2;4;48;2;138;2;4m,[0m[38;2;100;5;4m_[7m[38;2;120;2;4m▌[38;2;120;2;3m▀[0m [38;2;104;3;4m~[38;2;180;4;7;48;2;161;2;3m'[38;2;73;2;3;48;2;151;3;5m▀[0m [38;2;66;5;6m)[0m  [7m[38;2;112;3;5m▀[0m [7m[38;2;129;1;3m'[0m[38;2;179;1;2;48;2;188;2;3mL[38;2;183;2;3;48;2;194;2;4mW[38;2;184;2;4;48;2;195;2;4mW[38;2;185;2;3;48;2;197;2;3mW[38;2;187;2;4;48;2;198;2;4mW[38;2;188;2;4;48;2;199;2;4mW[38;2;189;2;3;48;2;200;2;4mW[38;2;193;2;3;48;2;203;2;4mW[38;2;195;2;3;48;2;205;2;3mW[38;2;196;2;3mW[0m[7m[38;2;169;3;4m_[38;2;134;4;5m*[0m[38;2;76;1;2;48;2;191;2;4m▌[0m[7m[38;2;168;3;5m_[0m[38;2;177;3;3m▀[7m[38;2;136;2;3mv[0m[38;2;75;0;0;48;2;165;2;4mr[0m[7m[38;2;118;4;5m7[0m[38;2;181;2;4;48;2;196;2;3mM[38;2;187;1;2;48;2;199;2;3mW[38;2;188;1;2;48;2;199;2;2mW[38;2;186;2;2;48;2;197;2;3mW[38;2;183;2;3;48;2;192;2;4mW[0m[38;2;113;3;3m▀[38;2;192;4;5;48;2;175;2;3m'[38;2;178;2;3;48;2;188;2;4mW[38;2;201;2;4;48;2;157;3;4m,[0m [7m[38;2;133;3;5m▀[0m[38;2;115;3;4m▀[38;2;140;8;9m`[0m [7m[38;2;154;1;4m▀[0m[38;2;138;5;6m▌   [0m [38;2;176;2;4m▌ [0m
 [38;2;0;0;0m   [7m[38;2;117;1;3m▌[0m[38;2;126;0;0;48;2;156;1;3m-[38;2;171;3;2;48;2;142;2;2m:[0m[7m[38;2;149;1;2m▀[0m[38;2;65;1;1;48;2;160;1;3m_[0m[38;2;145;3;4m▌ [7m[38;2;153;1;3m▌[0m[38;2;136;0;0;48;2;163;1;2m_[0m[38;2;112;4;5m▌[0m [38;2;120;1;5m\[7m[38;2;85;1;2m=[0m[38;2;140;0;1;48;2;167;2;3m-[0m[7m[38;2;143;2;2m▀[38;2;156;1;3m▌[0m[38;2;153;0;0;48;2;185;1;3m_[48;2;187;1;3m_[38;2;151;0;0;48;2;188;1;3m_[38;2;129;0;1;48;2;185;2;3m_[38;2;152;0;3;48;2;187;1;3m-[38;2;182;6;7;48;2;153;2;3m:[38;2;131;3;5;48;2;177;1;3m,[38;2;157;0;1;48;2;193;2;3m_[0m[7m[38;2;160;2;4my[38;2;125;2;3m=[38;2;164;1;3m~[0m[38;2;155;0;1;48;2;181;3;4m_[0m[7m[38;2;108;3;5m_[38;2;162;1;2m▀[0m[38;2;144;0;5;48;2;179;1;3m'[38;2;154;0;0;48;2;188;2;3m_[38;2;201;3;3;48;2;178;2;3m:[0m[7m[38;2;136;3;4m[[0m[38;2;157;0;1;48;2;190;2;4m_[38;2;159;0;1;48;2;192;2;4m-[38;2;161;0;3;48;2;194;2;3m_[38;2;204;4;6;48;2;179;2;4m:[0m[38;2;130;3;3m▀[0m [38;2;170;0;3;48;2;139;1;2m'[38;2;153;0;1;48;2;186;2;3m_[38;2;149;0;1;48;2;182;2;3m_[0m[7m[38;2;113;2;4m`[0m[38;2;95;3;2;48;2;150;2;3m,[0m[38;2;79;0;0m_[38;2;112;4;5mt[0m [38;2;136;0;2;48;2;166;2;3m_[38;2;175;3;3;48;2;125;3;4m:[0m[38;2;175;3;3m  [38;2;67;0;1m_[38;2;129;3;4ma[38;2;127;3;4m▀ [0m
[38;2;88;7;6m_   [38;2;117;0;3m`[7m[38;2;127;2;3m_[0m[38;2;181;3;6;48;2;159;2;3m'[0m[7m[38;2;152;2;3m_[0m[38;2;99;6;6m▌[38;2;122;2;5m▀[0m [7m[38;2;96;1;3m▌[0m[38;2;181;3;2;48;2;164;3;3m'[0m[38;2;93;4;5m~ [0m [38;2;185;3;2;48;2;157;2;3m,[38;2;194;3;6;48;2;180;2;3m'[38;2;179;2;4;48;2;187;2;3m^[38;2;117;3;6;48;2;166;2;3m"[38;2;118;1;1;48;2;162;3;3m([38;2;206;4;3;48;2;191;2;3m'[38;2;205;3;4;48;2;189;3;3m'[0m[38;2;138;4;5m▌[38;2;150;3;5m▀[38;2;119;4;4m▀[38;2;169;4;10m_[38;2;207;3;6;48;2;177;2;4m'[0m[7m[38;2;139;3;4m([0m[38;2;209;3;4;48;2;195;2;3m'[38;2;212;3;5;48;2;197;2;3m'[38;2;210;3;7;48;2;194;2;3m'[0m[7m[38;2;144;2;3m^[0m[38;2;210;3;3;48;2;194;2;3m'[38;2;206;4;2m'[38;2;207;2;4;48;2;193;2;3m,[38;2;146;4;5;48;2;73;3;4m▌[38;2;203;2;4;48;2;172;2;3m,[38;2;176;1;4;48;2;189;3;3m,[38;2;101;0;2;48;2;182;2;3m,[38;2;215;3;4;48;2;201;2;3m'[38;2;212;4;6;48;2;193;3;4m,[38;2;213;4;7;48;2;189;2;3m,[38;2;214;4;6;48;2;192;2;3m,[38;2;108;0;1;48;2;176;2;2m^[38;2;187;2;3;48;2;197;2;3m^[38;2;206;3;5;48;2;192;2;3m'[38;2;203;2;2;48;2;184;2;3m,[0m[38;2;153;8;11m,[38;2;187;5;4;48;2;151;2;3m'[0m[7m[38;2;80;2;3mt[38;2;134;2;4m`[0m[38;2;188;2;4;48;2;170;2;4m'[38;2;185;3;4;48;2;161;3;5m'[0m  [38;2;107;6;11m`   [0m
[38;2;90;2;2m▀  [0m [38;2;0;0;0m [0m [38;2;86;1;2m▀[0m  [7m[38;2;83;73;65m▀[38;2;54;53;58m▀[38;2;80;76;69m▀[0m[38;2;124;1;2m~[7m[38;2;58;50;37m▌[38;2;118;108;104m▀[38;2;77;76;80m▀[0m[38;2;77;2;4;48;2;135;1;2m,[38;2;181;2;3;48;2;167;1;2mC[38;2;188;3;5;48;2;174;1;2m1[38;2;194;2;5;48;2;180;1;2m1[38;2;124;5;3;48;2;169;2;3m`[38;2;80;0;1;48;2;160;1;2m-[38;2;191;2;4;48;2;176;1;2mC[0m[38;2;156;3;4m▌[0m [38;2;26;0;0m [38;2;176;2;5;48;2;147;1;3m:[38;2;147;0;2;48;2;172;1;2m"[38;2;165;0;1;48;2;184;1;2m=[38;2;199;2;2;48;2;184;1;1m1[38;2;200;2;3;48;2;185;1;2mC[38;2;198;3;2;48;2;184;1;2m1[48;2;183;1;2m1[38;2;195;3;2;48;2;181;1;2m1[38;2;194;3;3;48;2;179;1;2m1[0m[7m[38;2;139;3;4mv[38;2;131;2;3m`[38;2;109;2;3ma[0m[38;2;80;1;2;48;2;186;1;3m▀[38;2;172;0;2;48;2;188;1;3m'[38;2;204;2;4;48;2;191;1;2mC[38;2;173;0;1;48;2;197;2;4m=[38;2;172;0;1;48;2;196;2;4m=[38;2;169;0;1;48;2;194;2;3m=[38;2;167;0;1;48;2;192;2;2m=[38;2;164;0;1;48;2;189;2;2m=[38;2;160;0;1;48;2;185;2;2m=[38;2;158;0;0;48;2;183;2;2m=[0m[38;2;172;2;3m▌[7m[38;2;157;1;3m▌[0m[38;2;167;2;3;48;2;71;2;4m▌[0m[38;2;59;0;2m`[38;2;162;3;3;48;2;137;1;2m:[38;2;174;6;3;48;2;150;3;3m.[0m [38;2;0;0;0m     [0m
 [38;2;0;0;0m  [38;2;87;5;6m"[38;2;97;5;6my  [38;2;123;113;87m_[7m[38;2;111;109;102m▀[0m[38;2;137;145;146;48;2;112;109;107m-[38;2;135;146;146;48;2;112;111;108m-[38;2;135;147;146;48;2;111;111;107m-[0m[7m[38;2;88;92;91m`[0m[38;2;77;64;44;48;2;103;99;91m^[38;2;144;147;144;48;2;118;111;107m_[38;2;117;103;95;48;2;121;117;116mc[0m[7m[38;2;97;30;36ml[0m[38;2;191;3;4;48;2;179;2;3m'[38;2;86;2;4;48;2;149;3;5my[38;2;206;3;6;48;2;189;2;4m'[38;2;203;3;5;48;2;172;4;4m'[38;2;204;4;5;48;2;175;2;4m'[38;2;184;3;3;48;2;195;2;3m^[38;2;184;3;4m^[38;2;149;2;4;48;2;184;2;3m`[0m[7m[38;2;159;4;3m▀[0m[38;2;206;4;6;48;2;179;2;4m,[38;2;184;3;3;48;2;195;2;3m^[38;2;185;3;3m^[38;2;189;3;3;48;2;197;2;3m^[38;2;207;3;3;48;2;172;3;3m'[38;2;109;1;3;48;2;163;3;4mr[38;2;189;2;4;48;2;198;2;3m^[38;2;187;3;3;48;2;197;2;3m^[38;2;209;3;4;48;2;152;3;4m'[0m[38;2;101;3;4m▀[7m[38;2;166;2;3m▀[0m[38;2;212;3;5;48;2;188;2;3m,[38;2;214;4;4;48;2;202;2;4m'[38;2;196;2;3;48;2;204;2;4m^[48;2;204;2;3m^[38;2;194;2;3m^[38;2;217;3;4;48;2;197;2;4m,[0m[38;2;194;2;4m▀[38;2;144;3;3m▀[38;2;191;6;7m~[38;2;140;2;3m▀[38;2;110;1;5;48;2;163;2;3m,[0m[38;2;168;5;5m▌[38;2;69;0;1;48;2;170;3;5m▌[0m[38;2;113;3;4m▌[7m[38;2;111;1;3m▀[0m[38;2;190;3;5;48;2;164;3;4m,[0m[38;2;109;4;5m▀[7m[38;2;123;2;4m▀[0m [38;2;0;0;0m    [0m
 [38;2;0;0;0m   [7m[38;2;126;2;4m▌[0m[38;2;76;1;2m_ [38;2;85;81;72;48;2;34;41;40m▀[0m[38;2;72;85;94m▀[38;2;44;59;69m~[38;2;71;81;87m`[38;2;89;100;109m`[38;2;83;86;92m~[7m[38;2;95;94;89m=[38;2;93;93;90m_[38;2;99;101;102m-[38;2;118;1;2m▌[0m[38;2;173;2;3;48;2;164;1;2m^[0m[38;2;100;3;3m▌[38;2;150;0;3;48;2;166;1;3m,[0m[38;2;171;2;3m▌[38;2;110;0;1;48;2;152;1;3m~[38;2;197;2;5;48;2;187;1;3m^[38;2;198;1;3;48;2;191;1;3m^[38;2;198;2;3;48;2;190;1;2m^[38;2;198;1;3m^[38;2;199;2;4m^[38;2;176;0;1;48;2;177;2;4m'[38;2;64;1;2;48;2;179;1;2m▌[38;2;191;2;4;48;2;180;1;2mM[0m[38;2;85;3;3mM[38;2;172;1;0;48;2;182;1;3m:[38;2;199;2;4;48;2;188;1;2m^[38;2;199;1;3;48;2;189;1;2m^[38;2;182;2;5;48;2;85;1;2m▌[0m[7m[38;2;112;1;4m▌[0m[38;2;174;0;2;48;2;188;2;3m;[38;2;203;2;3;48;2;192;1;3m^[48;2;192;1;2m^[38;2;204;2;3m^[38;2;187;0;1;48;2;198;1;2ms[0m[38;2;201;2;3m▀[38;2;123;8;7m`    [7m[38;2;97;1;2m▌[0m[38;2;158;0;3;48;2;154;2;3m'[0m[38;2;107;3;2m"[7m[38;2;139;1;2m▀[38;2;140;2;3my[38;2;89;1;2mr[38;2;177;1;3m`[0m[38;2;146;3;5m▌     [0m
  [38;2;0;0;0m [0m [7m[38;2;153;2;4m▌[0m[38;2;99;0;0;48;2;131;3;4m'[0m  [38;2;109;92;44m`[7m[38;2;81;80;74m~[38;2;94;105;107m▀[38;2;104;100;85m▌[0m[38;2;124;124;130;48;2;94;98;101m'[38;2;62;58;63;48;2;84;94;95m+[0m[7m[38;2;77;77;75m▀[38;2;82;83;83m=[0m [38;2;135;2;3m▀[38;2;105;4;5m▌[7m[38;2;171;2;4m▌[0m[38;2;84;4;5;48;2;158;2;3m"[38;2;171;1;3;48;2;187;2;4mM[38;2;179;1;3;48;2;193;2;5mM[38;2;175;2;4;48;2;187;3;4mW[38;2;182;2;4;48;2;197;3;4mM[38;2;204;2;4;48;2;189;2;3ms[38;2;180;1;2;48;2;194;2;4mM[38;2;200;4;4;48;2;142;3;5m,[0m[38;2;100;0;2m`[38;2;201;1;3;48;2;175;3;4m:[0m[38;2;91;3;4m▌[38;2;192;3;3;48;2;160;3;4m'[38;2;179;1;2;48;2;194;2;3mM[38;2;182;1;3;48;2;197;2;4mM[38;2;184;1;3;48;2;199;3;3mM[38;2;208;1;2;48;2;188;2;3ms[38;2;187;1;2;48;2;201;2;3mM[38;2;183;2;3;48;2;198;2;3mT[38;2;181;1;3;48;2;194;2;4mM[0m[7m[38;2;163;2;4m_[0m[38;2;105;4;7m▀      [7m[38;2;100;1;3m▌[0m[38;2;161;1;2;48;2;175;3;4mM[38;2;72;2;3;48;2;156;3;3m▀[38;2;147;2;3;48;2;170;3;5mM[0m[7m[38;2;71;1;2m▌[0m[38;2;165;2;1;48;2;182;2;3mT[0m[38;2;140;6;6m▌      [0m
 [38;2;80;3;4mW[7m[38;2;87;1;4m▀[38;2;153;1;3m`[0m[38;2;170;1;4;48;2;161;1;3mM[38;2;129;0;0;48;2;147;2;3m`[0m  [7m[38;2;67;66;62m_[38;2;102;101;100m▀[38;2;64;72;74m=[38;2;70;86;90m▌[38;2;61;67;67m`[0m [38;2;75;1;2mn[0m [38;2;94;96;86m▌  [7m[38;2;119;1;3m▌[38;2;157;1;2m_[38;2;153;2;3m_[0m[38;2;172;1;2;48;2;75;2;3m▀[0m[7m[38;2;144;2;3m=[0m[38;2;188;1;3;48;2;179;1;3m7[0m[7m[38;2;139;3;4m_[0m[38;2;72;0;2;48;2;180;1;4m▌[38;2;163;0;0;48;2;177;2;3m:[0m [38;2;132;0;0m`[7m[38;2;148;2;4m_[38;2;92;1;3mt[38;2;161;1;3m_[0m[38;2;150;0;3;48;2;183;1;2m_[38;2;192;2;3;48;2;182;1;2mM[48;2;181;1;2mM[38;2;170;1;1;48;2;183;2;3mq[0m[7m[38;2;153;2;3m_[0m[38;2;118;2;3m▀[0m [38;2;85;2;3m▌      [7m[38;2;161;1;3m▌[0m[38;2;177;2;4;48;2;165;1;3m^[0m[7m[38;2;140;3;4mj[0m[38;2;174;2;4;48;2;165;1;3mM[0m[38;2;82;2;3m▌[38;2;164;0;2;48;2;149;1;3m'[0m [38;2;0;0;0m      [0m
 [7m[38;2;117;1;3m▌[0m[38;2;183;4;4;48;2;158;2;3mz[38;2;186;3;5;48;2;166;2;4mz[38;2;186;3;4;48;2;167;2;3mz[38;2;185;3;5;48;2;164;2;3mz[0m[7m[38;2;124;3;3m▀[0m  [38;2;94;93;85m~[38;2;86;99;104m▀[7m[38;2;96;103;95m▌[0m[38;2;46;44;44;48;2;75;82;83mK[0m[7m[38;2;64;66;64m▀[0m[38;2;112;128;124m_[7m[38;2;63;72;66m▀[0m[38;2;69;67;55;48;2;86;92;91mV[0m[38;2;41;68;78mr[0m  [38;2;20;16;13m [38;2;96;6;8ms[7m[38;2;114;1;3m▀[38;2;129;2;4m-[38;2;140;2;4m=[38;2;179;2;3m▀[0m[38;2;218;4;7;48;2;187;2;4m:[38;2;208;3;4;48;2;188;2;3mz[38;2;217;3;4;48;2;173;2;3m:[0m[7m[38;2;185;1;2m▀[0m[38;2;191;2;4m_[38;2;134;5;7m~[38;2;132;6;5m~[38;2;86;1;2m▀[38;2;136;2;4m▀[38;2;109;3;3m▀[38;2;169;15;16m`[0m [38;2;104;3;4m▀[38;2;119;7;9m=[38;2;148;15;17m`     [7m[38;2;109;1;3m▀[0m[38;2;191;4;3;48;2;166;2;4mz[38;2;78;3;3;48;2;147;4;4my[0m[7m[38;2;142;2;3m'[0m[38;2;206;3;4;48;2;169;3;3m:[38;2;202;4;6;48;2;124;3;4m:[0m[7m[38;2;135;2;4m▌[0m [38;2;56;6;5m      [0m
  [38;2;69;1;1;48;2;128;1;2mL[38;2;168;2;3;48;2;158;1;2mM[38;2;169;2;3;48;2;159;1;2mM[38;2;151;0;1;48;2;130;2;3m'[0m [38;2;76;57;41m_[38;2;53;48;49m_[0m [38;2;58;69;71m▌[7m[38;2;53;50;38m▌[38;2;72;74;74m=[0m[38;2;80;86;86m▀[38;2;81;85;84m=[38;2;79;81;72;48;2;36;37;35m▀[38;2;80;83;75;48;2;106;110;104m,[0m[38;2;43;71;91m▌[7m[38;2;92;78;60m▌[0m[38;2;32;41;48;48;2;98;102;103m_[0m [7m[38;2;120;2;3m▀[0m[38;2;154;1;2m▀[7m[38;2;133;2;4mr[0m[38;2;165;0;1;48;2;180;1;3ms[38;2;189;1;4;48;2;178;1;2mM[38;2;192;2;3;48;2;181;1;2mM[38;2;176;0;2;48;2;188;2;3mg[38;2;192;2;2;48;2;182;1;2mM[38;2;193;2;3;48;2;183;1;2mM[38;2;169;1;1;48;2;189;1;3mz[38;2;179;1;3;48;2;141;1;3m'[0m[38;2;118;5;5mL[38;2;142;1;3;48;2;78;2;3m=[0m[7m[38;2;131;2;3m▀[38;2;108;1;3m▀[0m[38;2;126;2;4m_      [0m [38;2;160;0;2m_[7m[38;2;166;1;3m▀[38;2;151;2;3m_[0m[38;2;66;0;2;48;2;136;2;4m=[38;2;96;0;2;48;2;167;1;3m~[38;2;157;1;2;48;2;178;2;3mg[38;2;179;1;4;48;2;168;1;2mR[0m[38;2;161;2;4m▌[0m [38;2;50;39;27m_[0m [38;2;0;0;0m     [0m
 [38;2;0;0;0m [38;2;159;6;11m`[7m[38;2;143;2;4m_[0m[38;2;192;4;8;48;2;147;2;4m:[0m[38;2;86;4;4m▌[0m [7m[38;2;97;92;81m_[0m[38;2;120;127;131;48;2;110;112;110m,[0m[7m[38;2;109;114;116m▀[38;2;95;98;98m▀[0m[38;2;108;115;120m_[38;2;88;88;84m▀[38;2;102;107;102m▀[38;2;113;133;129m=[38;2;94;101;93m▀[38;2;79;77;59m_[38;2;112;117;108m_[38;2;118;128;133m_[7m[38;2;58;63;64m▀[0m   [38;2;109;2;5m▀[38;2;120;3;6m~[38;2;115;2;3;48;2;143;2;3mr[38;2;206;3;3;48;2;182;2;3mz[38;2;211;3;4;48;2;187;2;3mzz[38;2;88;1;2;48;2;175;3;4m7[0m[7m[38;2;124;3;5m=[0m[38;2;187;3;4;48;2;77;1;3m▀[38;2;93;4;5;48;2;166;2;3m"[38;2;97;3;4;48;2;136;3;4mY[38;2;142;5;6;48;2;71;1;2m=[38;2;90;2;3;48;2;127;3;5m▀[0m[7m[38;2;149;2;3m=[38;2;143;3;4m-[38;2;128;3;4m~[38;2;125;3;4m~[38;2;113;2;3m~[38;2;111;2;3m~[38;2;114;2;3m`[0m[38;2;93;3;6;48;2;151;3;5m-[0m[7m[38;2;155;2;5m=[0m[38;2;82;3;4;48;2;144;2;4m^[38;2;100;1;4;48;2;165;3;4m~[0m[7m[38;2;141;3;4m_[38;2;103;2;4m*[38;2;147;2;5m^[0m[38;2;203;4;6;48;2;158;3;5m:[0m[38;2;72;4;3m^ [7m[38;2;85;76;67m_[38;2;87;89;90m`[0m[38;2;88;102;111m_    [0m
 [38;2;105;2;3ma [0m [38;2;105;3;4m▀[0m [7m[38;2;63;58;41m▌[0m[38;2;47;38;32;48;2;96;97;94m_[0m[7m[38;2;86;87;86m~[38;2;60;63;65m_[38;2;73;75;73m_[38;2;86;89;89m=[38;2;87;87;84m,[0m[38;2;112;116;112;48;2;95;97;95mR[38;2;112;117;112;48;2;94;96;92mR[38;2;113;118;112;48;2;96;97;93mR[38;2;90;91;90;48;2;108;111;106mg[38;2;90;92;91;48;2;108;112;107mg[38;2;86;94;91;48;2;108;113;109mg[0m[7m[38;2;78;92;96m_[0m [7m[38;2;74;67;54m▀[0m[38;2;85;92;95m▌[7m[38;2;88;3;5m▌[0m[38;2;121;9;11m'[38;2;108;0;3m_[7m[38;2;73;1;4m$[0m[38;2;167;1;2;48;2;186;2;4mz[38;2;170;1;1;48;2;191;1;4mz[38;2;170;1;2;48;2;190;1;4mz[0m[7m[38;2;171;1;3m`[38;2;177;2;3m▀[0m[38;2;110;1;4m~[38;2;171;1;2m▀[38;2;98;1;1;48;2;170;1;2m,[0m[7m[38;2;147;1;2m~[38;2;135;3;4m▀[0m[38;2;125;2;3m▀[38;2;163;1;1m▀[7m[38;2;148;2;3m_[38;2;159;2;2m_[38;2;160;2;1m_[38;2;149;2;2m_[38;2;140;1;3m_[0m[38;2;170;1;2m▀[38;2;151;2;2m▀[38;2;125;0;4m_[7m[38;2;151;1;4m▀[0m[38;2;134;0;1;48;2;160;2;3m:[0m[38;2;161;2;2m▀[38;2;70;2;2m~ [7m[38;2;91;85;82m▌[38;2;96;98;99m▀[0m[38;2;68;59;45m~[7m[38;2;93;94;87m_[38;2;86;95;97m▀[0m [38;2;0;0;0m  [0m
 [38;2;158;6;9m`[7m[38;2;103;2;3m▀[0m [38;2;0;0;0m [38;2;56;8;11m`[7m[38;2;113;2;4m▌[0m[38;2;89;4;5mw[38;2;66;66;63m▀[38;2;102;103;101m▀[38;2;121;126;130m=[7m[38;2;89;89;89m_[38;2;84;89;93m_[38;2;78;86;87m_[38;2;75;83;84m_[0m[38;2;69;80;80m▀[38;2;129;146;141m`[38;2;107;125;135m`[0m [38;2;108;121;122m_[0m [7m[38;2;95;92;84m_[0m[38;2;97;106;108m▌[0m [38;2;0;0;0m [38;2;129;2;4m▀[0m [38;2;204;4;4;48;2;180;2;4mz[38;2;209;4;4;48;2;186;1;2mz[38;2;211;4;4;48;2;187;1;2mz[48;2;187;2;2mz[38;2;208;4;4;48;2;185;1;2mz[38;2;218;6;7;48;2;174;2;4m:[0m[7m[38;2;178;2;2m▀[0m[38;2;154;3;3m_[38;2;151;2;3m▀[38;2;126;5;4;48;2;170;2;3m,[38;2;211;5;5;48;2;178;2;3m:[0m[7m[38;2;148;2;2m~[38;2;160;2;2m▀[38;2;125;2;2m▀[0m[38;2;164;2;3m_[38;2;162;2;2m_[7m[38;2;164;2;4m▀[38;2;173;2;3m▀[38;2;146;2;3m`[0m[38;2;176;2;3m▀[38;2;100;89;71;48;2;77;6;6m_[0m[38;2;144;12;9m`[7m[38;2;92;83;72m~[0m[38;2;143;138;135;48;2;114;108;107m:[0m[7m[38;2;79;85;93m▀[0m [38;2;85;81;71m▀[38;2;56;70;81;48;2;92;97;95m"[0m[38;2;58;74;86m_[7m[38;2;105;103;95m▌[0m[38;2;97;107;112m▌[0m [38;2;0;0;0m [0m
  [38;2;126;2;3m▀[38;2;73;3;4m▌  [0m [38;2;97;2;3m▀          [7m[38;2;105;101;86m▌[0m[38;2;90;90;94;48;2;114;115;111mz[38;2;34;32;32;48;2;98;103;102m`[0m[38;2;27;43;56mx[38;2;84;78;77;48;2;109;102;91m:[0m[7m[38;2;107;103;100m`[0m[38;2;73;81;86m▌[0m [38;2;75;1;3;48;2;178;1;4m▀[38;2;159;0;1;48;2;181;2;3m:[0m[7m[38;2;169;2;3m,[0m[38;2;171;1;1;48;2;196;1;4mz[38;2;170;1;1;48;2;195;2;4mz[38;2;167;1;2;48;2;189;2;4mq[0m[7m[38;2;154;2;3m_[0m[38;2;179;1;2m▀[38;2;152;0;1;48;2;176;1;3m:[0m[38;2;127;3;4m▌[0m [38;2;159;2;3m▀[7m[38;2;164;2;3m_[0m[38;2;165;1;2;48;2;187;2;4mz[48;2;190;2;3mz[38;2;164;1;2;48;2;187;2;4mz[38;2;163;1;2;48;2;186;2;4mz[38;2;162;1;2;48;2;185;2;3mz[38;2;159;1;1;48;2;181;2;3mz[0m[38;2;147;9;4m'[7m[38;2;105;87;74m`[0m[38;2;100;88;92;48;2;125;114;109mz[0m[7m[38;2;109;108;108m▀[0m[38;2;59;66;66m_[38;2;105;102;100;48;2;56;52;46m▀[38;2;88;90;93;48;2;110;113;113mz[0m[38;2;70;84;92m▌[38;2;102;101;91m_[7m[38;2;76;71;60m▌[0m[38;2;76;71;79;48;2;95;99;100m:[0m [38;2;95;91;85;48;2;107;112;110mm[0m [38;2;0;0;0m [0m
 [38;2;0;0;0m  [38;2;73;5;7m`         [0m [7m[38;2;84;83;72m▀[38;2;92;94;90m`[38;2;93;96;94m`[38;2;97;99;96m`[0m[38;2;93;96;96;48;2;108;117;117mT[0m[7m[38;2;83;91;96m_[0m[38;2;103;120;125m▀[7m[38;2;100;95;81m▌[0m[38;2;102;97;97;48;2;120;118;117mR[38;2;98;97;99;48;2;108;113;119mR[0m [38;2;114;2;5m`[38;2;147;3;5m▀[7m[38;2;144;1;3m▀[0m[38;2;108;0;1;48;2;172;2;4m~[38;2;193;3;4;48;2;174;1;2mz[38;2;190;8;11;48;2;134;2;3m:[0m[38;2;151;7;3m` [38;2;94;1;2my[38;2;195;4;4;48;2;146;2;3m:[0m[38;2;99;3;4m▀[0m [38;2;144;3;6m_[38;2;145;3;4m_[38;2;148;3;8m_[7m[38;2;84;2;2m*[0m[38;2;168;1;4m▀[7m[38;2;158;1;3m_[0m[38;2;179;2;2;48;2;162;2;3m▀[0m[38;2;165;3;3m▌[0m [38;2;117;106;101m▀[38;2;140;140;131;48;2;109;104;101m:[38;2;97;94;96;48;2;115;116;114mR[38;2;134;141;136;48;2;101;105;106m:[0m[7m[38;2;76;91;96m▀[0m[38;2;57;72;73m~[38;2;100;82;39m`[38;2;110;115;113m▀[7m[38;2;84;85;83m`[38;2;101;101;105m▀[38;2;88;93;93m~[0m[38;2;83;104;113m▀[0m [38;2;0;0;0m [0m
 [38;2;0;0;0m            [38;2;60;54;38;48;2;100;104;94m▌[0m[7m[38;2;78;90;95m_[38;2;74;75;70mm[0m[38;2;84;89;89m▀[38;2;98;100;98m▀[38;2;112;108;101;48;2;81;92;98m'[0m[7m[38;2;100;95;79m▀[38;2;100;97;92m~[0m[38;2;85;74;76;48;2;114;110;106m:[38;2;96;88;91;48;2;120;116;114mz[38;2;105;108;105;48;2;85;91;97m'[0m [38;2;114;7;11m^[7m[38;2;153;2;3m▌[0m[38;2;200;4;3;48;2;169;2;3m-[38;2;203;2;3;48;2;173;1;2m-[38;2;154;0;1;48;2;173;2;4m:[0m[38;2;126;3;4m▌ [38;2;121;5;6m4[38;2;120;3;4m▀[38;2;143;4;9m_[7m[38;2;158;2;5m▀[0m[38;2;116;1;3;48;2;147;2;3m~[0m[38;2;162;2;3m▀[38;2;160;2;2m▀[38;2;163;1;2m▀[7m[38;2;139;1;2m_[0m[38;2;89;0;0;48;2;151;2;3m`[0m[7m[38;2;96;3;4m▀[38;2;162;2;4m▌[0m[38;2;69;4;5m▌  [0m [38;2;96;94;88m▀[38;2;87;99;101m▀[7m[38;2;62;63;56mF[38;2;111;112;108m▀[38;2;68;68;66m▀[0m[38;2;125;118;104m_[38;2;125;118;101m_[7m[38;2;114;111;105m▀[0m[38;2;68;79;78m▌   [0m
 [38;2;0;0;0m        [38;2;67;3;4mr   [38;2;121;130;112m`[7m[38;2;80;77;66m▀[0m[38;2;81;83;86;48;2;111;113;107m-[38;2;123;130;130;48;2;103;105;104mz[0m[7m[38;2;80;87;89m~[0m[38;2;39;58;74m`[7m[38;2;75;80;76m=[38;2;62;68;67m\[0m[38;2;97;107;112m▀[7m[38;2;82;88;90m=[0m[38;2;115;117;118m▀[38;2;67;72;76m▌[0m [38;2;0;0;0m [38;2;138;4;6m`[7m[38;2;120;2;2m▀[38;2;115;2;2m▀[38;2;95;2;2m▀[38;2;102;2;3m▀[38;2;149;2;2m▀[38;2;142;2;3m~[38;2;135;3;4m_[0m[38;2;117;3;4m▀[7m[38;2;70;61;51m▀[38;2;100;92;90m~[0m[38;2;138;141;144;48;2;111;102;100m:[38;2;67;64;66;48;2;108;102;102m`[0m[7m[38;2;103;102;108m▀[0m[38;2;160;1;3m`[38;2;173;4;5;48;2;141;3;3m:[0m  [38;2;0;0;0m     [38;2;68;69;60m~[38;2;110;115;110m▀[7m[38;2;86;89;88m_[38;2;98;101;101m_[38;2;87;94;94m_[0m[38;2;100;113;116m▀[0m [38;2;18;37;52m   [0m
 [38;2;0;0;0m          [0m [38;2;133;124;105m_[38;2;47;43;32;48;2;116;114;108m▀[38;2;93;87;86;48;2;116;116;113mz[38;2;93;88;87;48;2;117;116;114mz[48;2;117;115;113mz[38;2;90;88;88;48;2;109;115;115mz[0m[38;2;30;48;62m▌[7m[38;2;90;91;87m_[38;2;61;72;78m_[0m[38;2;83;79;69m▀[38;2;48;62;70m▌[7m[38;2;89;89;84m_[38;2;50;57;60mj[0m[38;2;78;89;90m▀ [0m [38;2;156;1;3m▀[7m[38;2;126;2;3m_[38;2;129;3;3m_[0m[38;2;163;2;3m▀[38;2;150;3;2m▀[38;2;133;7;7m~  [7m[38;2;80;73;66m▌[0m[38;2;93;87;86;48;2;116;113;110mz[38;2;92;86;86;48;2;116;115;113mz[38;2;93;87;88;48;2;117;115;114mz[38;2;93;87;89;48;2;118;116;116mz[38;2;57;63;72;48;2;98;97;101m`[38;2;104;3;5;48;2;77;71;74m▀[0m[38;2;61;2;3mM[0m [38;2;0;0;0m               [0m
 [38;2;0;0;0m       [38;2;66;60;48m_[7m[38;2;82;79;74m▀[38;2;103;102;100m▀[38;2;100;100;94m`[0m[38;2;79;76;82;48;2;112;115;112m-[38;2;76;75;82;48;2;112;114;113m-[38;2;78;77;84m-[38;2;82;78;86;48;2;112;115;115m-[0m[7m[38;2;88;98;103m_[0m[38;2;47;65;76m▀[38;2;78;98;117m,                [0m [7m[38;2;79;86;84m▀[0m[38;2;125;127;116m`[38;2;111;116;111m▀[38;2;89;95;96;48;2;107;109;109m,[38;2;78;77;90;48;2;113;114;116m-[38;2;77;75;87;48;2;114;114;116m-[38;2;79;75;87;48;2;114;114;115m-[0m[7m[38;2;100;101;101m`[38;2;106;107;107m▀[38;2;88;88;87m▀[0m[38;2;81;81;85m_[0m [38;2;3;3;2m            [0m
 [38;2;0;0;0m   [0m [38;2;96;102;93m*[38;2;99;106;104ma[38;2;61;61;64;48;2;90;93;90m,[38;2;133;138;136;48;2;98;100;99m-[38;2;135;139;137;48;2;100;99;100m-[38;2;45;52;58;48;2;103;104;104m_[0m[7m[38;2;101;102;102m_[38;2;95;96;95m_[0m[38;2;111;109;107m▀[38;2;92;99;102m▀[38;2;64;88;104m~ [0m [38;2;109;93;86;48;2;114;109;107m:[0m[7m[38;2;101;98;101m▀[0m [38;2;111;97;76m_[38;2;100;93;95m_[7m[38;2;61;62;64m▀[0m [38;2;88;2;2m_[38;2;156;8;9m_[38;2;170;6;8m_[38;2;178;6;9m_[38;2;162;5;7m_[0m  [7m[38;2;72;66;64m▀[0m[38;2;68;83;95m_[38;2;101;85;61m_[7m[38;2;98;90;82m^[0m[38;2;101;100;102;48;2;99;112;118mL[0m [38;2;0;0;0m [0m [38;2;74;73;70m▀[38;2;110;105;102m▀[7m[38;2;93;92;90m_[38;2;107;106;102m_[0m[38;2;137;145;141;48;2;110;109;106m-[38;2;136;144;140;48;2;111;110;106m-[38;2;135;143;138;48;2;109;110;104m-[38;2;103;101;94;48;2;109;113;108mL[0m[7m[38;2;92;97;94m`[38;2;75;78;78m~[0m[38;2;115;119;117m*[38;2;40;58;69m=        [0m
 [38;2;0;0;0m          [0m [7m[38;2;111;1;3m~[0m[38;2;70;0;5;48;2;144;1;3m`[0m[38;2;89;3;3m▌  [0m [7m[38;2;107;96;93m_[38;2;112;103;105m_[0m[38;2;85;87;91m▌[7m[38;2;72;23;23m=[38;2;146;1;2m▀[38;2;135;5;6m~[38;2;148;1;2m`[0m[38;2;97;1;3;48;2;158;1;3m_[0m[7m[38;2;156;2;3m_[38;2;157;2;3m_[38;2;161;1;2m_[0m[38;2;177;2;2;48;2;157;1;2mz[38;2;109;2;4;48;2;159;1;3m`[0m[7m[38;2;145;2;3m~[38;2;157;1;2m▀[38;2;98;2;3m▀[0m[38;2;94;81;72m▀[38;2;116;106;111m▀[38;2;81;88;102m▀ [0m [38;2;64;0;0m_[38;2;171;4;5;48;2;143;1;3m:[0m[7m[38;2;125;2;4m`[0m [38;2;0;0;0m [0m [38;2;73;90;98m`[38;2;75;95;105m`[38;2;70;89;102m`[0m [38;2;27;37;43m           [0m
 [38;2;0;0;0m           [0m [7m[38;2;131;1;2m_[0m[38;2;176;2;5;48;2;163;2;4m'[0m[7m[38;2;150;2;2m`[38;2;166;3;2m▀[38;2;167;3;3m▀[38;2;169;3;3m▀[38;2;143;2;3m~[0m[38;2;181;4;5;48;2;165;3;4m,[0m[7m[38;2;150;3;3m_[0m[38;2;161;3;3m▀[38;2;107;2;3m▀[38;2;119;6;8m~[0m [38;2;0;0;0m  [38;2;62;2;2m_[38;2;117;1;3m`[38;2;108;2;3m▀[38;2;169;2;4m▀[7m[38;2;150;2;3m_[0m[38;2;186;4;3;48;2;171;2;3m'[38;2;184;4;5;48;2;172;2;3m'[0m[7m[38;2;144;2;3m`[38;2;171;2;3m▀▀[0m[38;2;102;2;3;48;2;158;2;2m~[38;2;156;2;3;48;2;167;2;3m^[0m[7m[38;2;132;3;4m_[0m[38;2;79;3;5m~                  [0m
 [38;2;0;0;0m             [38;2;107;0;0m`[38;2;119;1;2m▀[38;2;152;1;3m▀[38;2;153;1;2m▀[38;2;140;2;2m▀[7m[38;2;125;2;3m=[38;2;158;1;3m▀[38;2;116;2;3m`[0m[38;2;95;3;3m'[7m[38;2;155;1;3m▀[38;2;157;1;2m`[0m[38;2;123;0;2;48;2;171;1;3m`[0m[7m[38;2;154;2;3m`[38;2;147;1;3m~[0m[38;2;142;2;3;48;2;172;1;2m`[38;2;146;0;1;48;2;173;1;3m_[0m[7m[38;2;143;2;3m`[0m[38;2;122;2;4m,[7m[38;2;124;1;2m`[38;2;132;2;2m~[0m[38;2;73;1;1;48;2;122;1;1mY[0m[7m[38;2;130;2;3m=[0m[38;2;156;1;3m▀[38;2;141;2;3m▀[38;2;145;1;3m▀[38;2;96;1;2m~[0m [38;2;0;0;0m                   [0m
 [38;2;0;0;0m                 [0m [38;2;146;1;3m▀[38;2;140;3;3m▀[7m[38;2;157;2;4m▀[0m[38;2;190;3;5;48;2;170;2;3m,[38;2;174;2;4;48;2;183;2;4m^[38;2;197;3;5;48;2;183;2;3m'[38;2;203;2;4;48;2;188;2;3m'[38;2;181;2;2;48;2;190;2;2m^[38;2;204;4;5;48;2;189;2;3m'[38;2;203;4;4;48;2;187;2;3m'[38;2;199;4;5;48;2;184;2;3m'[38;2;197;4;4;48;2;182;3;3m'[38;2;189;1;2;48;2;166;3;4m:[0m[38;2;110;5;6my[38;2;167;2;3m▀[38;2;138;3;3m▀[0m [38;2;65;4;5m                        [0m
 [38;2;0;0;0m                   [0m [38;2;119;1;1m▀[7m[38;2;141;1;3m_[0m[38;2;83;1;3;48;2;167;1;2m_[38;2;181;2;3;48;2;168;1;2mM[38;2;181;2;2;48;2;169;1;2mM[38;2;170;0;2;48;2;155;2;3m'[38;2;169;0;1;48;2;152;1;2m'[38;2;180;2;2;48;2;168;1;2mM[38;2;177;2;3;48;2;165;1;2mM[0m[7m[38;2;163;1;3m_[0m[38;2;164;1;2m▀[38;2;100;3;3m▀                           [0m
