[0m                                                            [0m
                                         [7m[38;2;122;0;1m▀[38;2;128;1;2m'[0m[38;2;69;4;5m'            [38;2;76;5;6m\   [0m
                                    [7m[38;2;114;0;1m▀[38;2;147;1;3m▀[0m[38;2;67;0;1;48;2;145;1;3m▀[38;2;133;2;2;48;2;109;1;2m$[0m[38;2;125;1;2m▀[38;2;161;2;3m~[0m              [7m[38;2;65;0;2m▌[0m   [0m
                                   [7m[38;2;132;1;2m▌[0m[38;2;181;3;4;48;2;144;1;2m_[38;2;157;2;3;48;2;138;1;1mE[0m[38;2;129;3;3m▀[0m         [38;2;125;3;6md    [0m [7m[38;2;99;1;2m▀[38;2;133;1;1m▀[0m[38;2;175;1;5;48;2;126;1;1m_[38;2;151;1;1;48;2;82;3;4m▌[0m[38;2;151;1;1m  [0m
    [7m[38;2;93;0;1m▌[0m[38;2;78;2;3m▌                            [7m[38;2;91;0;1m▀[0m[38;2;137;1;2;48;2;159;1;2m5[38;2;144;0;1;48;2;160;1;3mE[38;2;151;1;2;48;2;90;3;4m▌[0m[38;2;151;1;2m         [7m[38;2;139;1;3m▌[0m[38;2;142;1;3m▌   [0m [38;2;103;1;2;48;2;123;1;2m"[0m[38;2;135;1;1m▀[38;2;127;1;1m▀[38;2;113;1;1m▀[38;2;114;5;8m'  [0m
    [7m[38;2;125;1;2m▌[0m                       [38;2;64;2;4m,[0m    [7m[38;2;140;0;2m▀[0m[38;2;198;5;5;48;2;150;1;1m_[38;2;199;3;4;48;2;154;1;1m_[48;2;151;1;1m_[0m[38;2;120;4;4m▌ [0m [38;2;135;4;6m,     [0m [38;2;186;2;5;48;2;142;0;2m_[0m[38;2;146;2;3m▌   [0m [38;2;101;3;4m▌      [0m
   [38;2;77;2;2m,[7m[38;2;100;1;1m▌[0m              [7m[38;2;104;2;3m▌[0m [38;2;89;2;3m![0m      [38;2;76;1;2;48;2;141;2;3m▀[0m[38;2;81;0;0m,  [7m[38;2;72;0;0m▌[0m[38;2;156;1;2;48;2;174;1;2m5[38;2;161;0;2;48;2;178;2;2m5[38;2;162;1;2;48;2;180;2;2m5[38;2;161;1;2;48;2;177;1;2m5[38;2;117;2;2;48;2;171;2;1m▀[0m[7m[38;2;167;2;1m▀[38;2;117;2;2m~[0m[38;2;116;7;8m'     [7m[38;2;113;1;2m▌[0m[38;2;153;1;1;48;2;166;2;2m5[0m[38;2;96;5;5m▌           [0m
   [38;2;125;1;2;48;2;82;0;1mh[0m[38;2;93;2;3m▌             [7m[38;2;71;0;1m▀[0m[38;2;164;2;4;48;2;124;1;1m=[0m         [38;2;173;1;2;48;2;139;1;1m=[0m[38;2;102;2;2m▌ [0m [38;2;186;1;2;48;2;155;1;1m=[38;2;182;1;2;48;2;159;1;1mz[38;2;185;2;2;48;2;162;1;1mz[48;2;161;1;1mz[38;2;181;2;2;48;2;156;1;1mz[38;2;186;2;5;48;2;141;1;1m=[0m[38;2;147;2;2m▌[0m [7m[38;2;72;0;1m▀[38;2;143;1;1m▀[0m[38;2;130;3;4mn  [7m[38;2;118;1;3m▌[0m[38;2;89;2;3m▀  [7m[38;2;90;0;2m▀[0m[38;2;61;2;3mf        [0m
    [38;2;113;1;3m\[7m[38;2;90;3;4m▀[0m            [38;2;94;1;5;48;2;125;1;2m'[38;2;142;0;1;48;2;160;2;2m5[38;2;115;2;2;48;2;155;3;4m▀[0m       [38;2;111;0;3;48;2;163;1;3m'[38;2;160;0;2;48;2;178;2;3m5[38;2;156;1;2;48;2;181;3;3m▀[0m[7m[38;2;174;3;4m▀[38;2;157;2;2m▀[0m[38;2;167;0;1;48;2;185;2;2m5[38;2;170;1;2;48;2;186;3;2m5[38;2;171;1;2;48;2;187;3;3m5[38;2;170;1;2;48;2;186;3;3m5[38;2;167;1;2;48;2;183;2;4m5[38;2;95;0;1;48;2;160;2;3m![38;2;176;2;4;48;2;162;2;2m~[0m[38;2;155;1;3m▀[38;2;166;2;4;48;2;155;1;2m~[0m[38;2;143;3;3m▌    [0m  [7m[38;2;122;2;3m'[0m[38;2;97;1;2m▀[0m [38;2;64;2;3m/       [0m
              [7m[38;2;109;2;2m▀[0m    [38;2;177;2;4;48;2;139;0;1m=[38;2;183;2;3;48;2;147;0;1m=[0m[38;2;108;2;2m▌   [7m[38;2;96;0;1m▌[0m[38;2;179;1;3;48;2;125;0;1m=[0m[38;2;129;2;3m▌[38;2;94;1;2;48;2;167;1;3m▌[38;2;204;2;4;48;2;168;0;1m=[38;2;206;2;4;48;2;171;1;2m=[38;2;206;3;4;48;2;171;1;1m=[38;2;207;3;5;48;2;172;1;2m==[38;2;207;4;5m==[38;2;206;3;4;48;2;170;1;1m=[38;2;204;3;4;48;2;168;0;1m=[38;2;200;2;3;48;2;163;0;1m=[0m[38;2;162;2;2m▌ [38;2;89;0;1;48;2;142;3;5m▌[0m[38;2;57;4;4m'  [7m[38;2;124;0;2m▀[0m[38;2;88;2;2m▌ [0m [38;2;122;2;3m▌ [38;2;70;0;2;48;2;146;1;2m▌[0m[38;2;80;3;3m▌   [0m [7m[38;2;90;1;2m▀[0m[38;2;65;2;4m^ [0m
        [38;2;77;4;3m,     [38;2;85;0;2m▀[38;2;142;1;3;48;2;87;1;3mq[0m   [38;2;89;0;2m▀[38;2;164;1;2;48;2;114;1;2m▀[38;2;163;1;3;48;2;100;4;4m▌[0m  [7m[38;2;111;0;2m▌[0m[38;2;136;0;0;48;2;178;1;3m=[38;2;142;0;0;48;2;185;1;3m=[38;2;145;0;0;48;2;187;2;2m=[38;2;147;0;1;48;2;189;2;3m=[38;2;150;0;2;48;2;193;2;2m=[38;2;153;0;1;48;2;196;2;2m=[38;2;154;0;1;48;2;197;2;2m=[38;2;156;0;1;48;2;198;2;2m==[38;2;157;0;1;48;2;199;2;2m=[38;2;155;0;1;48;2;197;2;2m=[38;2;152;0;1;48;2;194;2;2m=[38;2;147;0;0;48;2;190;2;2m=[38;2;143;0;1;48;2;185;2;2m=[0m[38;2;139;4;3m▌[7m[38;2;92;1;2m▀[0m[38;2;83;3;2m~  [0m [38;2;130;0;0;48;2;174;1;2m=[38;2;132;0;0;48;2;173;1;2m=[0m[7m[38;2;142;2;2m▀[0m   [38;2;119;1;2;48;2;158;2;2mU[0m[38;2;84;4;4m▌  [0m [38;2;94;0;1;48;2;149;1;2m5[0m[38;2;101;3;4m▌  [0m
        [38;2;129;2;3;48;2;66;0;1mt[0m[7m[38;2;117;1;2m▀[0m[38;2;88;2;3m_[0m          [38;2;195;2;6;48;2;154;0;1m=[0m[38;2;127;2;3m▌[38;2;75;1;3;48;2;99;2;4m/[0m [38;2;208;2;5;48;2;172;0;2m=[38;2;217;3;6;48;2;178;1;2m=[38;2;219;3;3;48;2;180;1;2m=[38;2;219;4;3m=[48;2;179;1;2m=[38;2;218;3;3;48;2;178;1;2m=[38;2;219;4;3;48;2;178;1;1m=[48;2;177;1;2m=[38;2;219;3;3;48;2;178;1;2m==[38;2;218;3;3;48;2;177;1;2m=[38;2;219;2;2;48;2;175;0;1m=[38;2;216;3;4;48;2;172;1;2m=[38;2;174;2;3;48;2;69;1;1m▀[0m[7m[38;2;94;1;2m/[0m[38;2;189;3;3;48;2;139;3;3mz[0m  [7m[38;2;154;1;2m▀[0m[38;2;198;2;5;48;2;146;0;1m=[38;2;207;3;5;48;2;164;1;1m=[38;2;206;3;3;48;2;161;1;1m=[38;2;200;3;4;48;2;156;1;2m=[0m  [7m[38;2;118;1;2m▌[0m[38;2;188;3;4;48;2;146;1;1m=[0m[38;2;137;1;2m▌  [0m [38;2;179;2;6;48;2;137;1;1m=[0m[38;2;63;4;4m▌  [0m
    [38;2;128;4;3m\[38;2;78;3;5m,[38;2;63;1;2ms[0m  [38;2;139;0;1m▀[38;2;131;0;0;48;2;169;1;2m=[0m[38;2;144;2;2m▌  [38;2;92;3;6m,[0m    [38;2;136;3;5m\[7m[38;2;120;0;1m▌[0m[38;2;143;0;0;48;2;184;2;3m=[38;2;111;2;2;48;2;178;2;2m▀[38;2;113;1;2;48;2;162;3;4mw[0m[7m[38;2;189;2;3m▀[0m[38;2;166;0;0;48;2;207;1;3m=[38;2;175;0;1;48;2;211;2;3m=[38;2;216;2;3;48;2;200;1;2m~[38;2;168;0;0;48;2;207;2;3m=[38;2;167;0;0;48;2;207;1;2m=[38;2;164;0;0;48;2;204;2;3m=[38;2;160;0;0;48;2;192;3;4m=[38;2;80;2;2;48;2;171;1;2m▌[38;2;157;0;0;48;2;199;2;3m=[38;2;158;0;0;48;2;200;2;3m=[38;2;184;1;1;48;2;199;2;3mw[38;2;157;0;0;48;2;198;2;3m=[38;2;92;0;0;48;2;164;3;4m=[38;2;61;0;0;48;2;171;1;3m"[38;2;157;0;0;48;2;197;2;3m=[38;2;155;0;0m=[38;2;152;0;0;48;2;192;2;3m=[38;2;154;0;0;48;2;195;2;3m=[38;2;155;0;0;48;2;197;2;3m=[38;2;204;2;1;48;2;187;1;2m~[38;2;152;0;0;48;2;195;2;3m=[38;2;147;0;0;48;2;189;2;2m=[0m[38;2;144;2;2m▌[0m  [38;2;92;1;2;48;2;159;2;3m▌[0m[38;2;163;1;3m▀[38;2;141;2;5m'[7m[38;2;67;1;3m▌[0m  [7m[38;2;105;1;2m▌[0m[38;2;92;5;5m▌  [0m
     [38;2;89;1;1;48;2;117;1;2m/[0m[38;2;133;4;4m,[7m[38;2;99;1;2m,[38;2;94;1;3m▀[0m [7m[38;2;132;1;2m▌[0m[38;2;182;5;5;48;2;144;0;0m=[0m[38;2;87;2;2m▌ [38;2;119;4;5m\ [0m [7m[38;2;144;2;3m▀[0m [7m[38;2;94;0;1m▌[0m[38;2;198;5;4;48;2;157;0;0m=[38;2;204;5;5;48;2;167;0;0m=[38;2;207;6;4;48;2;171;0;1m=[38;2;210;5;4;48;2;175;0;1m=[38;2;216;5;6;48;2;179;0;1m=[38;2;217;5;6m==[38;2;215;5;5;48;2;178;0;1m=[38;2;215;5;6;48;2;177;0;1m=[38;2;215;4;5;48;2;173;0;1m=[0m[38;2;180;1;2m▀[38;2;170;4;6m'[38;2;61;0;0;48;2;171;1;2m▌[0m[38;2;169;2;2m▀[38;2;161;1;2m~[7m[38;2;147;1;2mm[0m[38;2;190;5;5;48;2;145;2;2m:[38;2;64;1;2;48;2;119;3;3m4[38;2;210;4;4;48;2;174;0;0m=[38;2;215;4;5;48;2;177;0;1m=[38;2;214;4;4m=[38;2;214;4;5m=[48;2;174;0;1m=[0m[7m[38;2;116;2;3m][0m[38;2;208;5;6;48;2;170;0;1m=[38;2;206;5;4;48;2;167;0;0m=[38;2;202;4;4;48;2;164;0;0m=[0m[38;2;94;2;2m▌[7m[38;2;121;0;1m▀[0m[38;2;114;1;2m/[38;2;126;6;6m' [0m [38;2;160;3;5;48;2;125;0;1m=[0m   [38;2;121;7;9m\[0m  [0m
[7m[38;2;88;2;2m▀[0m    [38;2;88;0;1;48;2;159;1;2m▌[38;2;123;0;0;48;2;165;2;3m=[0m[7m[38;2;156;1;2m▀[0m[38;2;124;0;0;48;2;162;2;4m=[0m[7m[38;2;131;2;4m▀[0m [7m[38;2;160;1;3m▌[0m[38;2;164;1;2;48;2;124;4;6m▌[0m  [7m[38;2;108;2;4m▀[0m[38;2;69;0;1;48;2;167;1;3m▌[38;2;136;0;0;48;2;178;2;4m=[0m[7m[38;2;107;2;3m▀[0m[38;2;83;0;3;48;2;180;1;3m▌[38;2;148;0;0;48;2;193;2;4m=[38;2;149;0;1;48;2;196;2;4m=[38;2;153;0;0;48;2;201;2;4m=[38;2;115;2;2;48;2;183;2;4m,[38;2;213;3;7;48;2;191;1;3m-[38;2;191;1;3;48;2;131;3;4m▀[38;2;150;0;1;48;2;189;2;4m=[38;2;156;0;1;48;2;199;2;4m=[38;2;186;3;4;48;2;102;3;2mF[0m[7m[38;2;128;1;3m/[38;2;174;1;2m~[0m[38;2;158;0;0;48;2;191;3;5m=[38;2;140;2;6;48;2;64;2;2m![0m[7m[38;2;187;1;2m▀[0m[38;2;113;0;2;48;2;187;1;3m'[38;2;155;0;0;48;2;202;2;3m=[38;2;158;0;0;48;2;195;3;4m=[38;2;70;2;1;48;2;154;3;4mI[38;2;158;0;0;48;2;203;2;3m=[48;2;204;2;3m=[38;2;159;0;0m=[38;2;156;0;0;48;2;188;3;4m=[0m[38;2;122;3;3m▀[0m [38;2;188;1;6;48;2;126;0;2m~[38;2;152;0;0;48;2;194;2;3m=[38;2;145;0;0;48;2;184;2;3m=[0m[7m[38;2;114;2;4mq[0m[38;2;143;0;0;48;2;180;3;5m=[0m [7m[38;2;114;1;3m▌[0m [38;2;115;0;3;48;2;170;1;3m▌[38;2;136;0;0;48;2;176;2;3m=[0m[38;2;116;3;5m▌  [7m[38;2;105;0;2m▌[0m[38;2;144;4;5m▌ [0m
[38;2;134;1;2;48;2;72;2;2m▀[0m    [38;2;144;1;3;48;2;100;0;2m*[38;2;175;4;7;48;2;131;0;1m=[38;2;180;4;6;48;2;144;0;1m=[38;2;143;3;4;48;2;72;1;3m#[0m[7m[38;2;88;2;4m▌[0m [7m[38;2;89;0;1m▌[0m[38;2;160;2;2;48;2;119;2;3m#[0m   [38;2;187;2;4;48;2;156;0;0m=[38;2;145;0;0;48;2;173;1;1m-[38;2;151;0;2;48;2;176;1;2m-[38;2;88;1;2;48;2;179;1;2m▀[38;2;173;1;1;48;2;130;1;1m\[38;2;207;5;5;48;2;175;0;0m=[38;2;207;5;4;48;2;176;0;1m=[0m[38;2;93;2;2m▌[38;2;126;1;2m▀[38;2;134;4;4m9[7m[38;2;100;0;2mm[0m[38;2;200;5;6;48;2;164;1;1m=[38;2;71;2;1;48;2;149;1;3mf[38;2;160;0;3;48;2;187;1;2m-[38;2;213;6;7;48;2;182;0;1m=[38;2;163;0;3;48;2;190;2;3m-[38;2;113;1;2;48;2;181;1;2m▀[38;2;162;0;1;48;2;190;1;2m-[38;2;162;1;2m-[38;2;163;0;1m-[38;2;146;3;3;48;2;69;2;2m▌[38;2;89;0;0;48;2;174;1;1m'[38;2;213;4;4;48;2;171;0;1m=[38;2;210;5;4;48;2;167;0;1m=[38;2;163;0;0;48;2;192;1;2m-[38;2;164;0;0;48;2;186;1;2m-[38;2;155;1;2;48;2;190;1;2mF[38;2;172;1;2;48;2;189;2;3mE[38;2;129;1;1;48;2;190;1;2m▀[38;2;152;0;0;48;2;184;1;2m-[38;2;149;0;0;48;2;180;1;2m-[0m[38;2;160;1;2m▌[7m[38;2;152;0;1m▌[0m[38;2;162;1;2;48;2;80;2;3m▌[0m[38;2;87;0;1m~[38;2;185;5;8;48;2;140;0;1m=[38;2;140;0;0;48;2;166;1;3m-[38;2;156;2;3;48;2;69;3;3m▌[0m[38;2;156;2;3m  [0m [38;2;99;0;1m▀[38;2;154;7;10m' [0m
       [38;2;140;2;3m'[0m [7m[38;2;90;83;72m▀[38;2;59;61;63m▀[38;2;94;93;85m▀[0m[38;2;93;3;5m▀[7m[38;2;67;58;43m▌[38;2;126;117;115m▀[38;2;86;84;92m▀[0m[38;2;102;0;1;48;2;173;1;2m▌[38;2;143;0;1;48;2;184;2;3m=[38;2;149;0;1;48;2;189;2;3m=[38;2;152;0;2;48;2;195;2;3m=[38;2;151;2;3;48;2;193;1;2m▀[38;2;102;1;1;48;2;168;1;2m'[38;2;154;0;0;48;2;196;1;3m=[38;2;104;1;3;48;2;186;2;3m▀[0m[7m[38;2;135;1;2m▀[0m [38;2;135;1;2;48;2;182;1;2m▌[38;2;121;0;0;48;2;182;1;3m'[38;2;153;0;0;48;2;192;1;3m=[38;2;155;0;1;48;2;198;2;3m=[38;2;158;0;0;48;2;201;1;3m=[38;2;160;0;0;48;2;196;2;4m=[48;2;202;1;3m=[38;2;159;0;0;48;2;200;1;3m=[38;2;157;0;0;48;2;199;1;3m=[38;2;159;3;3;48;2;102;2;3m▌[38;2;169;1;4;48;2;121;2;3mr[0m[7m[38;2;129;2;4mp[0m[38;2;81;1;2;48;2;190;1;4m▀[38;2;162;0;0;48;2;195;2;3m=[38;2;163;0;1;48;2;205;2;3m=[48;2;204;2;3m=[38;2;162;0;1;48;2;201;2;2m=[38;2;160;0;0;48;2;199;2;2m=[38;2;157;0;1;48;2;196;2;2m=[38;2;154;0;1;48;2;192;1;2m=[38;2;150;0;0;48;2;189;2;2m=[38;2;149;0;0;48;2;187;2;3m=[0m[38;2;132;4;5m▌[38;2;111;1;1;48;2;171;1;3m▌[0m[38;2;115;3;4m▌[7m[38;2;101;0;1m▌[0m[38;2;134;0;0;48;2;177;2;4m=[0m[38;2;83;5;6m▌      [0m
   [38;2;131;3;4m\[0m    [7m[38;2;104;98;91m▀[0m[38;2;138;141;142;48;2;99;92;91m=[38;2;138;141;143;48;2;98;91;92m=[38;2;136;141;143;48;2;97;91;91m=[38;2;115;125;131;48;2;69;66;68m=[0m[7m[38;2;98;91;86m'[0m[38;2;139;142;143;48;2;103;92;92m=[38;2;145;142;146;48;2;105;92;96m=[38;2;56;46;59;48;2;89;15;20mc[38;2;143;0;0;48;2;176;1;1m-[38;2;181;2;2;48;2;127;2;3m'[38;2;157;0;0;48;2;188;1;2m-[38;2;208;7;7;48;2;173;1;2m=[38;2;155;0;2;48;2;197;0;2m▌[38;2;172;0;2;48;2;197;1;2m-[38;2;167;0;2;48;2;194;1;1m-[38;2;164;0;1;48;2;193;1;1m-[38;2;182;2;3;48;2;94;2;2m▌[38;2;168;1;3;48;2;188;1;2mH[38;2;161;0;0;48;2;191;1;2m-[38;2;210;6;6;48;2;182;0;1m=[38;2;162;0;0;48;2;194;1;2m-[38;2;204;6;7;48;2;148;1;2m=[38;2;89;0;3;48;2;166;1;3mf[38;2;165;0;0;48;2;195;1;2m-[38;2;162;0;0;48;2;193;1;1m-[38;2;188;1;2;48;2;110;3;3m▌[0m[38;2;91;2;4m▀[7m[38;2;169;1;2m▀[0m[38;2;171;1;1;48;2;194;1;2mF[38;2;164;0;0;48;2;195;1;2m-[38;2;165;0;0;48;2;196;2;3m-[48;2;197;1;2m-[38;2;164;0;0;48;2;199;1;2m-[38;2;167;0;0;48;2;191;1;2m-[0m[38;2;179;2;1m▀[38;2;127;3;5m▀[38;2;136;3;6m~[38;2;119;1;3m▀[38;2;119;1;2;48;2;162;1;2mj[0m[38;2;164;2;3m▌[7m[38;2;113;0;2m▌[0m[38;2;153;3;4m▌[7m[38;2;126;0;2m▌[0m[38;2;168;1;2;48;2;127;4;5m▌[0m [7m[38;2;108;2;3m▀[0m     [0m
    [38;2;133;3;4;48;2;70;1;2mb[0m  [38;2;93;89;77;48;2;38;47;47m▀[0m[38;2;75;86;92m▀[38;2;82;100;111m~[0m [38;2;89;96;98m~[7m[38;2;78;80;76mw[38;2;101;107;106mm[0m[38;2;96;96;95;48;2;62;57;55m▀[38;2;124;119;121;48;2;94;92;92m~[38;2;63;80;108;48;2;75;10;14m'[38;2;205;2;1;48;2;172;1;2m_[0m[38;2;117;4;5m▌[38;2;169;1;3;48;2;189;1;3mp[38;2;189;2;3;48;2;69;4;4m▌[38;2;145;0;1;48;2;192;1;2mM[38;2;183;0;2;48;2;206;1;3m=[48;2;207;2;3m=[38;2;184;0;3m=[38;2;182;0;2;48;2;205;2;3m=[38;2;180;0;1;48;2;204;2;2m=[38;2;203;3;3;48;2;178;2;2mE[38;2;77;1;3;48;2;192;1;2m▌[38;2;227;3;1;48;2;190;2;3m_[0m[38;2;166;5;6m'[38;2;226;1;3;48;2;188;1;4m_[38;2;180;0;1;48;2;203;1;2m=[38;2;181;0;2;48;2;205;1;2m=[38;2;193;2;4;48;2;94;1;2m▌[0m[7m[38;2;101;0;2m▌[0m[38;2;168;0;1;48;2;192;1;2m,[38;2;181;0;2;48;2;204;1;2m=[38;2;181;0;3m=[48;2;204;1;3m=[38;2;226;2;4;48;2;198;1;3m_[0m[38;2;203;2;4m▀[38;2;138;5;6m'    [7m[38;2;111;1;2m▌[0m[38;2;210;2;2;48;2;154;2;2m_[0m[38;2;87;6;6m,[38;2;125;5;6m'[38;2;180;2;3;48;2;117;1;3mj[0m[38;2;165;2;2m'[38;2;136;0;2;48;2;209;0;0m▀[0m[38;2;209;1;2m▌     [0m
    [7m[38;2;80;0;1m▌[0m[38;2;109;2;3;48;2;144;1;2m▀[0m   [7m[38;2;83;82;77m~[38;2;89;95;94m▀[38;2;92;92;79m▌[0m[38;2;126;140;146;48;2;76;78;78m=[38;2;63;67;70;48;2;78;86;87me[0m[7m[38;2;71;75;74m▀[0m[38;2;87;88;87;48;2;54;57;59m5[0m [38;2;132;0;2m▀[38;2;115;3;5m▌[7m[38;2;170;1;2m▌[0m[38;2;133;2;3;48;2;182;1;2m▀[38;2;153;0;0;48;2;186;1;3m_[38;2;156;0;0;48;2;190;1;3m_[38;2;187;1;3;48;2;149;2;3m▌[38;2;153;0;0;48;2;189;1;2m-[38;2;159;0;0;48;2;192;1;3m_[38;2;157;0;0;48;2;191;1;2m_[38;2;187;1;3;48;2;107;4;4m▌[0m [38;2;125;0;0;48;2;179;1;3m_[0m[38;2;122;2;3m▌[7m[38;2;152;0;3m,[0m[38;2;157;0;0;48;2;190;1;3m_[38;2;156;0;0;48;2;192;1;3m_[38;2;157;0;0m_[38;2;169;1;2;48;2;194;1;3mE[38;2;157;0;0;48;2;190;1;3m_[38;2;153;0;0;48;2;188;1;3m_[38;2;151;0;0;48;2;187;1;2m_[38;2;181;2;3;48;2;132;2;3mV[0m[38;2;101;3;4m▀      [7m[38;2;95;0;1m▌[0m[38;2;139;0;0;48;2;173;1;2m-[38;2;100;2;3;48;2;172;1;2m▀[38;2;116;0;2;48;2;165;1;2m'[0m[38;2;97;2;3m▌[38;2;67;0;1;48;2;167;1;2m'[38;2;204;0;0;48;2;129;3;3m▀[0m[38;2;184;8;10m'     [0m
 [38;2;125;2;4m/[7m[38;2;69;1;2m▀[38;2;74;0;2m▌[0m[38;2;192;3;5;48;2;137;0;1m_[38;2;185;2;4;48;2;146;1;2m_[0m[38;2;66;3;3m▌[0m [38;2;105;104;107m\[7m[38;2;103;105;104m▀[38;2;82;94;96mm[38;2;76;95;97m▌[0m[38;2;88;98;90;48;2;55;62;63m][0m[38;2;37;55;68m~[38;2;167;6;8m-[0m [38;2;99;97;90m▌  [7m[38;2;120;1;3m▌[0m[38;2;178;3;4;48;2;142;1;2mE[38;2;186;1;3;48;2;107;1;2m▀[0m[38;2;186;2;3m▀[7m[38;2;148;2;3m/[0m[38;2;214;5;5;48;2;182;1;2m_[38;2;186;4;6;48;2;95;2;3mF[0m[7m[38;2;187;1;3m▌[0m[38;2;217;3;4;48;2;178;2;3m_[0m  [38;2;211;3;6;48;2;147;1;2m-[0m[7m[38;2;98;1;2m4[0m[38;2;187;1;4;48;2;104;0;1m▀[38;2;192;2;3;48;2;169;1;2mE[48;2;172;1;2mEE[38;2;191;2;3;48;2;169;1;1mE[38;2;182;3;4;48;2;111;1;1mF[0m[38;2;122;3;3m▀[0m [38;2;93;3;5my      [7m[38;2;169;2;3m▌[0m[38;2;209;4;6;48;2;172;1;2m_[38;2;156;4;6;48;2;103;1;2mF[38;2;186;2;3;48;2;164;1;2mE[0m[38;2;98;2;3m▌[38;2;179;3;4;48;2;151;2;4mE[0m[38;2;86;9;6m'      [0m
 [7m[38;2;92;1;2m9[0m[38;2;102;1;1;48;2;170;1;2m▀[38;2;111;0;5;48;2;161;1;1m'[38;2;156;1;2;48;2;173;1;2mz[38;2;123;0;1;48;2;160;2;2m_[0m[38;2;109;2;2m▌[0m  [38;2;78;68;59m~[38;2;77;89;92m▀[7m[38;2;91;96;86m▌[38;2;67;71;71m-[0m[38;2;89;96;105m.[7m[38;2;85;26;24mw[38;2;59;61;53m▀[0m[38;2;56;42;39;48;2;85;87;86m,[0m[38;2;39;57;67m▌[0m   [38;2;88;2;4mi[7m[38;2;123;1;1mM[38;2;147;1;2mw[38;2;151;2;2mm[38;2;188;1;1m▀[0m[38;2;176;1;3;48;2;195;1;2m5[38;2;181;1;3;48;2;197;1;2mz[38;2;155;4;4;48;2;184;1;2m~[0m[7m[38;2;194;1;2m▀[38;2;89;0;0m▀[0m[38;2;121;2;4m~[38;2;85;2;3m▀[38;2;96;2;2m▀[38;2;125;2;3m▀[38;2;110;3;3m▀[38;2;87;5;6m' [38;2;88;1;3m▀[38;2;133;0;2m-[38;2;140;6;7m'     [7m[38;2;116;1;2m▀[0m[38;2;170;1;2;48;2;186;2;3mE[38;2;181;1;3;48;2;126;3;4m/[38;2;111;1;2;48;2;161;1;2mF[38;2;158;1;1;48;2;184;1;2m▀[0m[38;2;150;1;2m▌[38;2;146;3;5m7       [0m
 [7m[38;2;103;1;1m▌[0m[38;2;170;2;4;48;2;150;0;1mE[38;2;196;4;7;48;2;161;1;3m_[38;2;176;2;5;48;2;154;1;2mE[0m[38;2;91;3;4m▌[0m [38;2;74;65;43m_[38;2;51;58;66m,[7m[38;2;54;52;41m▌[0m[38;2;65;83;91me[7m[38;2;54;55;47m▌[38;2;80;86;86mq[0m[38;2;96;99;95;48;2;41;46;47m▀[0m[38;2;138;142;129m-[7m[38;2;63;64;60m,[0m[38;2;125;125;118;48;2;96;100;96m▀[0m[38;2;48;74;94m▌[7m[38;2;100;87;69m▌[0m[38;2;122;123;118;48;2;83;92;101mE[0m [7m[38;2;124;1;3m▀[0m[38;2;167;2;4m▀[7m[38;2;142;1;3me[0m[38;2;208;3;3;48;2;176;1;2m_[38;2;217;4;5;48;2;181;1;2m_[38;2;223;2;5;48;2;184;1;2m_[38;2;224;4;4;48;2;187;1;2m_[38;2;227;4;6;48;2;188;1;2m_[38;2;223;2;6;48;2;187;1;2m_[38;2;200;2;2;48;2;175;0;1mE[38;2;167;3;5;48;2;130;1;2m}[0m[7m[38;2;91;2;3m![0m[38;2;126;2;3m*[7m[38;2;129;1;3m▀[38;2;108;1;2m▀[0m        [7m[38;2;84;1;2m▀[38;2;135;0;2m~[0m[38;2;180;1;4;48;2;109;1;3m▀[38;2;97;1;3;48;2;148;2;4mw[38;2;210;3;5;48;2;152;1;2m_[38;2;209;4;5;48;2;175;1;2m_[38;2;210;3;5;48;2;174;1;2m_[0m[38;2;165;2;3m▌[38;2;60;4;6m`[0m       [0m
  [38;2;116;1;2m▀[38;2;167;2;2;48;2;118;1;2m~[38;2;168;2;2;48;2;122;2;3m~[0m  [38;2;104;99;92;48;2;76;70;63m*[38;2;81;75;74;48;2;108;108;110m_[0m[7m[38;2;111;111;110m▀[38;2;96;97;96m▀[0m [38;2;80;79;75m▀[38;2;93;94;91m▀[38;2;59;64;62m@[38;2;79;83;79m▀[0m  [7m[38;2;55;49;42m▀[38;2;60;60;57m▀[0m   [38;2;113;3;3m▀[38;2;114;3;5m~[38;2;92;0;1;48;2;176;1;2m▌[38;2;176;0;2;48;2;192;2;3mE[38;2;182;0;2;48;2;198;2;3mE[38;2;185;1;3;48;2;201;2;4mE[38;2;101;0;2;48;2;195;2;2m▀[0m[7m[38;2;124;2;4mm[0m[38;2;174;1;2;48;2;81;1;3m▀[38;2;135;1;3;48;2;186;1;2m▀[38;2;95;1;2;48;2;168;2;3m▀[0m[7m[38;2;104;1;2mC[38;2;124;2;3m▀[0m[38;2;180;1;3;48;2;130;1;2m~[38;2;91;1;1;48;2;148;2;3mm[38;2;77;0;0;48;2;122;2;2mJ[0m[7m[38;2;113;1;2m~[38;2;106;1;1m~[38;2;119;2;2m~[0m[38;2;68;2;3;48;2;126;1;2m~[0m[7m[38;2;139;2;3m.[0m[38;2;100;1;1;48;2;170;2;3mm[38;2;97;1;2;48;2;183;2;3m▀[38;2;116;1;3;48;2;157;2;3m'[0m[38;2;173;1;2m▀[38;2;142;2;3m▀[38;2;122;0;1;48;2;171;1;3m6[38;2;175;1;2;48;2;143;2;3m▌[0m[38;2;147;6;4m'[0m [7m[38;2;92;85;82m▌[0m[38;2;47;50;53;48;2;113;109;106m▀[0m     [0m
 [38;2;103;1;1m*[0m  [38;2;92;2;4m▀[0m [7m[38;2;61;54;41m▌[0m[38;2;137;145;142;48;2;89;87;87m-[38;2;138;145;141;48;2;81;86;89m_[0m[38;2;83;92;99mm[38;2;85;90;90;48;2;51;53;53mG[38;2;98;103;99;48;2;70;73;73m▀[38;2;113;117;114;48;2;68;69;68m▀[38;2;140;146;138;48;2;102;105;103m_[48;2;99;102;98m_[38;2;141;148;140;48;2;102;105;101m_[38;2;117;123;116;48;2;100;106;104mE[38;2;122;126;118;48;2;101;108;110mz[38;2;123;127;118;48;2;101;107;112mz[38;2;104;114;120;48;2;50;62;75m▀[0m[38;2;33;50;71m'[7m[38;2;77;71;62m▌[0m[38;2;85;93;99m▌[7m[38;2;93;3;4m▌[0m[38;2;155;3;5m'[7m[38;2;76;1;2m▌[38;2;78;1;3mq[0m[38;2;201;2;4;48;2;177;1;2mz[38;2;207;2;5;48;2;182;1;2mz[38;2;209;2;4;48;2;180;1;2mz[38;2;220;5;5;48;2;157;0;1m_[0m[7m[38;2;173;1;2m▀[0m[38;2;104;1;3m~[38;2;179;1;4m▀[38;2;189;2;3;48;2;158;1;2mz[38;2;188;3;4;48;2;114;1;2mz[0m[7m[38;2;134;2;2m▀[0m[38;2;121;1;2m▀[38;2;176;2;2m▀[38;2;188;1;2;48;2;125;1;1m^[38;2;182;1;2;48;2;142;2;2m*[38;2;208;3;4;48;2;155;1;3m-[38;2;185;1;2;48;2;94;1;2m▀[0m[38;2;184;1;3m▀[38;2;183;1;4m▀[38;2;159;3;4m▀[38;2;129;5;4m'[7m[38;2;131;1;3m~[0m[38;2;183;1;3;48;2;155;1;2mx[0m[38;2;175;2;4m▀[38;2;127;5;7m' [7m[38;2;93;88;83m▌[38;2;95;98;101m▀[0m [38;2;114;117;119;48;2;65;62;59m▀[0m[7m[38;2;88;97;103m▀[0m   [0m
  [7m[38;2;127;1;2m▀[0m[38;2;110;3;5m,  [7m[38;2;100;2;3m▌[0m[38;2;114;1;3m,[38;2;61;58;55m▀[38;2;89;90;89m▀[38;2;88;93;94mw[7m[38;2;78;80;79m'[0m[38;2;93;98;103;48;2;47;52;57mm[38;2;76;80;80;48;2;42;45;45mw[38;2;75;81;81;48;2;46;49;49mw[0m[38;2;77;85;87m~[38;2;59;67;67m~[0m    [7m[38;2;91;85;80m_[0m[38;2;94;97;102m▌  [38;2;126;2;3m*[38;2;130;7;11m'[38;2;170;1;3;48;2;188;2;4m5[38;2;179;1;3;48;2;195;1;3m5[38;2;182;0;2;48;2;198;1;2m5[48;2;198;2;3m5[38;2;180;0;3;48;2;196;2;3m5[38;2;167;2;2;48;2;183;2;3mZ[0m[7m[38;2;186;2;3m▀[0m[38;2;146;1;1m,[38;2;140;1;3m▀[38;2;144;1;2;48;2;175;1;3mp[38;2;170;1;1;48;2;184;2;3mE[38;2;78;0;1;48;2;186;2;3m▀[0m[7m[38;2;171;1;2m▀[38;2;119;0;1m▀[38;2;92;1;1m▀[0m [7m[38;2;176;2;4m▀[38;2;183;2;3m▀[38;2;157;2;3m~[0m[38;2;165;1;3m▀[38;2;126;2;3m▀[38;2;73;3;6m'[7m[38;2;107;102;90m▀[0m[38;2;101;93;87;48;2;116;115;110mE[0m[7m[38;2;80;83;84m▀[0m [38;2;73;67;62m▀[38;2;64;70;74;48;2;106;105;99m▀[0m[38;2;60;67;70m,[7m[38;2;92;87;79my[0m[38;2;94;100;102;48;2;38;48;56m▌[0m[38;2;94;100;102m  [0m
  [38;2;124;1;1m▀[38;2;129;2;3m▌  [0m [38;2;106;3;4m+          [7m[38;2;104;97;84m▌[0m[38;2;118;117;117;48;2;104;98;99mE[38;2;114;115;115;48;2;84;85;87mb[0m[38;2;34;49;61mr[38;2;130;134;126;48;2;102;95;88m_[38;2;131;137;134;48;2;94;88;88m_[0m[38;2;88;95;108me[0m [7m[38;2;160;1;3m▀[0m[38;2;190;1;3;48;2;165;1;2mz[38;2;183;2;4;48;2;133;2;2m▀[38;2;197;2;4;48;2;177;1;2mzz[38;2;195;2;3;48;2;170;1;1mz[38;2;183;1;2;48;2;95;2;3m▀[0m[38;2;179;1;1m▀[38;2;192;1;5;48;2;160;1;1m=[0m[38;2;125;2;3m▌[0m [38;2;157;1;2m▀[38;2;180;1;2;48;2;122;1;2m▀[38;2;193;2;3;48;2;171;0;2mz[38;2;194;2;3;48;2;175;1;1mz[38;2;194;2;2;48;2;173;1;2mz[38;2;192;1;3;48;2;171;0;2mz[38;2;191;1;2;48;2;169;1;1mz[38;2;187;2;2;48;2;163;1;1mz[0m[38;2;99;4;3m▌[38;2;138;135;129;48;2;90;75;65m_[38;2;123;118;117;48;2;107;99;99mE[0m[7m[38;2;98;98;98m▀[0m [38;2;112;112;105m▀[38;2;113;115;113;48;2;95;96;95mE[0m[38;2;78;95;108mr[38;2;38;37;35m,[7m[38;2;79;73;62m▌[0m[38;2;125;134;129;48;2;89;93;95m_[0m [38;2;114;115;109;48;2;94;101;97mE[0m  [0m
   [38;2;79;6;9m`         [0m [7m[38;2;93;88;73m▀[0m[38;2;84;78;72;48;2;117;115;108mE[38;2;87;80;78;48;2;117;116;113mE[38;2;87;81;79;48;2;118;118;114mE[38;2;97;97;100;48;2;117;118;117mz[0m[7m[38;2;96;96;98m_[0m[38;2;103;109;115m▀[7m[38;2;90;88;76mf[0m[38;2;111;106;102;48;2;123;124;121mE[38;2;76;76;75;48;2;112;115;118m_[0m[38;2;59;87;119m'[38;2;92;1;3m~[38;2;147;2;3m▀[7m[38;2;154;1;3m▀[0m[38;2;111;0;1;48;2;183;1;3m'[38;2;173;0;1;48;2;200;2;3mz[38;2;190;2;3;48;2;127;3;2m7[0m[38;2;116;4;4m' [7m[38;2;77;1;1m▀[0m[38;2;131;0;1;48;2;163;3;4m5[0m[38;2;101;2;3m▀[0m  [7m[38;2;84;1;1m▀[38;2;89;1;2m*[38;2;139;3;3mm[0m[38;2;171;1;2m▀[38;2;208;2;4;48;2;148;1;3m~[38;2;162;0;2;48;2;189;2;4mz[0m[38;2;172;2;3m▌[0m [38;2;113;100;96m▀[38;2;80;64;57;48;2;118;110;106m_[38;2;110;101;97;48;2;122;118;117mE[38;2;84;73;65;48;2;112;111;111m_[0m[7m[38;2;84;94;97m▀[0m[38;2;68;78;76m~[38;2;58;55;46m▀[38;2;109;106;104m▀[38;2;101;103;101;48;2;68;69;68mw[0m[7m[38;2;109;113;109m▀[0m[38;2;73;66;55;48;2;92;104;106m▀[0m[38;2;86;100;106m▀[0m  [0m
             [7m[38;2;88;88;74m~[0m[38;2;105;112;111;48;2;42;56;63m▀[0m[38;2;75;79;82m▀[38;2;92;95;96m▀[38;2;106;109;109m▀[38;2;102;117;121;48;2;59;72;84m5[0m[7m[38;2;77;73;64m~[0m[38;2;126;135;138;48;2;79;79;76m_[38;2;122;126;122;48;2;98;100;96mz[38;2;114;120;119;48;2;103;103;99mE[38;2;116;125;125;48;2;70;76;83mz[0m [38;2;85;5;7m^[7m[38;2;150;1;2m▌[0m[38;2;201;2;4;48;2;162;1;1m=[38;2;206;2;5;48;2;169;1;1m=[38;2;205;3;6;48;2;161;1;2m=[0m[38;2;129;3;4m▌ [38;2;82;1;1m▀[38;2;124;3;4m▀[0m [7m[38;2;143;1;1m▀[0m[38;2;190;2;5;48;2;125;1;1m=[0m[38;2;165;1;2m▀[38;2;163;2;2m▀[38;2;166;2;2m▀[38;2;168;1;2;48;2;84;0;1m▀[38;2;194;2;5;48;2;132;1;2m=[0m[7m[38;2;90;1;2m▀[38;2;152;1;2m▌[0m[38;2;72;4;4m▌  [0m [38;2;103;100;97m▀[38;2;93;105;111m▀[7m[38;2;70;67;56m▀[38;2;95;97;96m▀[38;2;66;69;69m▀[0m  [38;2;123;129;128;48;2;72;71;67m_[0m[38;2;90;105;107me   [0m
              [7m[38;2;82;80;66mf[0m[38;2;108;104;92;48;2;121;124;116m5[38;2;107;105;99;48;2;118;122;117m5[38;2;44;49;52;48;2;104;115;116m▀[0m [7m[38;2;88;92;89mm[38;2;79;85;83mm[0m[38;2;91;99;101m▀[7m[38;2;96;103;101mm[0m[38;2;110;110;107m▀[38;2;74;79;81m▌[0m  [7m[38;2;72;1;2m▌[38;2;122;1;2m*[38;2;111;0;1m▀[38;2;107;1;0m▀[38;2;110;0;1m▀[38;2;158;1;2m▀[38;2;149;1;2m~[0m[38;2;165;1;3;48;2;88;3;3m▀[0m[38;2;118;2;3m▀[7m[38;2;79;68;54m▀[0m[38;2;70;57;46;48;2;125;118;119m▀[38;2;109;95;87;48;2;129;120;116m5[38;2;92;83;87;48;2;121;112;108m=[0m[7m[38;2;117;116;115m▀[0m [38;2;164;1;3;48;2;136;3;4m▌[0m        [38;2;105;104;100m▀[38;2;106;105;102m▀[38;2;119;121;114;48;2;77;80;81m~[38;2;108;104;102;48;2;49;58;63m▀[0m[38;2;98;104;107m▀[38;2;47;76;102m'   [0m
            [7m[38;2;60;55;44m▀[0m[38;2;54;52;42;48;2;101;100;96m▀[38;2;122;126;122;48;2;99;98;98mz[38;2;117;120;120;48;2;102;101;102m5[38;2;116;119;118;48;2;101;100;101m5[38;2;114;116;118;48;2;93;99;104m5[0m[38;2;47;76;102m'[38;2;108;109;106;48;2;53;53;53m▀[0m[38;2;81;94;103mQ[38;2;86;85;76m▀[38;2;55;66;74m▀[38;2;105;101;91;48;2;59;60;58m▀[0m[38;2;55;69;81m▌[38;2;85;97;97m@ [0m [38;2;160;1;2m▀[38;2;165;1;2m▀[38;2;166;2;2m▀[38;2;164;2;2m▀[38;2;156;2;3m▀[38;2;145;5;5m'  [7m[38;2;80;73;68m▌[0m[38;2;126;124;122;48;2;102;96;99mz[38;2;120;118;119;48;2;104;99;100m5[38;2;120;118;118;48;2;105;100;100m5[38;2;120;118;117;48;2;104;100;99m5[38;2;134;131;122;48;2;87;86;90m=[38;2;103;110;122;48;2;82;24;26m_[0m [38;2;110;11;15m.               [0m
         [7m[38;2;85;79;70m▀[38;2;115;113;109m▀[0m[38;2;83;73;65;48;2;117;114;108m5[38;2;97;91;91;48;2;119;119;115mz[38;2;98;93;93;48;2;119;120;117mz[38;2;100;94;94;48;2;120;121;118mz[38;2;100;97;96;48;2;118;122;120mz[38;2;112;112;112;48;2;51;67;77m▀[0m[38;2;95;117;129m~[38;2;69;83;81m,                [0m [7m[38;2;86;94;89m▀[0m [38;2;112;108;103m▀[38;2;82;78;84;48;2;119;116;109m=[38;2;101;95;93;48;2;123;121;118mz[38;2;109;104;100;48;2;121;119;117m5[38;2;109;105;101;48;2;120;120;117m5[38;2;81;80;85;48;2;106;107;103m=[0m[7m[38;2;114;117;115m▀[38;2;87;89;87m▀[0m              [0m
     [7m[38;2;67;69;61m▀[0m[38;2;102;105;98mw[38;2;134;143;134;48;2;75;78;74m=[38;2;137;144;138;48;2;89;92;91m=[38;2;138;142;139;48;2;89;90;93m=[38;2;138;140;139;48;2;87;87;90m=[38;2;138;140;141;48;2;84;83;87m=[38;2;131;140;142;48;2;75;74;78m=[0m[38;2;105;104;106m▀[38;2;91;97;102m▀[38;2;50;66;81m~ [7m[38;2;57;49;30m▌[0m[38;2;142;144;135;48;2;95;94;92m=[0m[7m[38;2;94;95;95m▀[0m   [38;2;117;113;117m,[0m        [7m[38;2;71;68;66m▀[0m[38;2;43;46;51m,[0m [38;2;126;128;137;48;2;85;76;67m_[38;2;141;146;144;48;2;87;94;103m=[0m   [38;2;69;66;62m▀[38;2;105;104;102m▀[38;2;106;105;104;48;2;61;59;56m▀[38;2;142;144;139;48;2;89;89;87m=[38;2;142;145;139;48;2;97;98;96m=[38;2;142;144;139;48;2;99;99;98m=[38;2;142;145;141;48;2;100;99;100m=[38;2;141;145;142;48;2;94;94;94m=[38;2;139;143;137;48;2;75;78;77m=[0m[38;2;110;111;107mw[38;2;92;98;100mw[38;2;41;54;57me        [0m
            [7m[38;2;112;1;3m~[0m[38;2;127;0;0;48;2;157;2;4m=[0m[38;2;95;2;3m▌  [0m [38;2;133;131;121;48;2;89;84;80m~[38;2;89;84;83;48;2;112;108;105mg[0m[38;2;88;95;103mA[38;2;90;78;62m~[7m[38;2;151;2;4m▀[0m[38;2;79;10;12;48;2;173;2;2m▀[38;2;145;0;3;48;2;174;2;3m5[38;2;142;0;0;48;2;179;3;3m=[38;2;173;1;3;48;2;144;2;3m@[38;2;175;1;4;48;2;134;3;3m▀[38;2;142;1;2;48;2;170;2;3mg[38;2;136;0;0;48;2;177;2;3m=[48;2;174;2;2m=[38;2;99;1;2;48;2;169;2;2m▀[0m[7m[38;2;163;2;3m▀[38;2;101;1;2m▀[0m[38;2;96;86;71m▀[38;2;124;112;109m▀[38;2;87;93;104m▀  [0m [38;2;140;1;2;48;2;162;2;2m▀[38;2;158;2;3;48;2;108;4;4m▌[0m                  [0m
            [7m[38;2;82;0;1mA[0m[38;2;125;0;1;48;2;156;1;2m-[38;2;132;0;1;48;2;158;1;2m-[38;2;180;6;5;48;2;131;0;1m=[38;2;70;1;1;48;2;160;1;3m▀[0m[7m[38;2;154;2;2m▀[38;2;141;2;2m▀[0m[38;2;151;2;3mw[38;2;146;2;2;48;2;89;2;1mM[0m[38;2;162;1;2m▀[38;2;154;2;3m▀[38;2;112;3;3m▀[38;2;75;2;3m'[0m     [38;2;101;1;3m▀[38;2;120;0;2;48;2;150;1;2md[38;2;142;0;1;48;2;169;1;2m-[38;2;141;0;0;48;2;168;1;2m-[38;2;153;1;1mE[38;2;167;2;2;48;2;118;1;1mw[0m[7m[38;2;164;1;2m▀[38;2;145;2;3m▀[0m[38;2;155;2;2;48;2;91;1;1mw[0m[7m[38;2;129;2;2m_[0m[38;2;149;1;2m▀[38;2;125;9;10m'                  [0m
           [38;2;114;2;4m~[38;2;118;2;3m▀[38;2;155;2;3m▀[38;2;163;2;3m▀[38;2;155;2;3m▀[38;2;130;3;4m~[0m [38;2;64;1;2;48;2;132;1;3m~[0m[7m[38;2;156;3;3m▀[38;2;112;2;2m▀[0m[38;2;140;2;2m▀[7m[38;2;149;1;3m.[0m[38;2;94;1;3;48;2;181;1;2m▀[0m[7m[38;2;170;1;3m~[0m[38;2;156;0;0;48;2;184;2;3m=[38;2;154;0;0;48;2;186;2;2m=[0m[7m[38;2;182;2;2m▀[0m[38;2;80;2;4;48;2;176;3;3m▀[0m[7m[38;2;135;2;3m~[0m[38;2;94;1;4;48;2;148;2;3m▀[38;2;60;0;1;48;2;134;3;4m=[38;2;98;0;2;48;2;148;2;3m,[38;2;134;1;3;48;2;171;2;3mw[38;2;117;2;3;48;2;166;2;3mw[0m[38;2;148;3;3m▀[0m                        [0m
                   [38;2;132;2;3m▀[38;2;128;3;3m▀[7m[38;2;148;0;2m▀[0m[38;2;140;0;2;48;2;168;1;3mT[38;2;142;0;0;48;2;174;1;2m_[38;2;146;0;1;48;2;176;1;2m_[38;2;144;0;0;48;2;178;1;3m-[38;2;147;0;1m_[48;2;179;1;2m_[38;2;146;0;2;48;2;178;1;2m-[38;2;144;0;2;48;2;176;1;3m-[38;2;142;0;0;48;2;173;1;2m_[38;2;150;2;3;48;2;171;1;2m▀[0m[7m[38;2;87;1;2m\[0m[38;2;156;1;2m▀[38;2;132;2;3m▀[38;2;62;2;2m'                        [0m
                     [38;2;117;1;3m▀[38;2;171;1;2;48;2;77;0;1m▀[38;2;177;2;3;48;2;148;1;1mE[38;2;180;2;3;48;2;160;0;1mE[38;2;182;3;4;48;2;162;1;1mE[38;2;182;2;3;48;2;134;2;2mF[38;2;135;0;1;48;2;154;2;2m=[38;2;183;2;3;48;2;164;1;1mE[38;2;202;3;6;48;2;168;1;2m-[38;2;177;2;3;48;2;143;1;2mE[0m[38;2;173;1;3m▀[38;2;104;3;4m▀                           [0m
