[0m                                                            [0m
                                        [7m[38;2;70;0;1m▀[38;2;136;1;1m▀[0m[38;2;122;2;2m▀             [0m    [0m
                                    [7m[38;2;80;1;1m▀[38;2;145;3;2m▀[38;2;129;2;1m~[0m[38;2;108;0;0;48;2;143;3;3m=[0m[38;2;129;1;3m▀[38;2;96;5;5m'      [0m         [38;2;87;2;2m▌  [0m
                                   [7m[38;2;68;0;1m▌[0m[38;2;167;3;3;48;2;125;0;1m=[38;2;170;3;3;48;2;130;0;1m=[0m[38;2;126;1;2m▌[0m         [38;2;114;1;2m▌    [0m [7m[38;2;76;1;1m▀[38;2;119;0;0m▀[0m[38;2;144;1;4;48;2;104;0;0m=[38;2;160;2;3;48;2;104;2;2mz[0m[38;2;160;2;3m  [0m
                                  [7m[38;2;122;1;2m▀[0m[38;2;120;0;0;48;2;156;2;3m=[38;2;120;0;1;48;2;164;2;3m=[38;2;157;1;3;48;2;117;3;4mF[0m[38;2;75;4;4m' [0m       [7m[38;2;133;2;2m▌[0m[38;2;141;2;3m▌   [0m [38;2;157;0;1;48;2;124;2;2m_[0m[38;2;145;1;1m▀[38;2;144;2;3m▀[38;2;160;4;4m~[0m   [0m
                     [7m[38;2;82;1;2m▌[0m      [38;2;117;0;2m,[0m    [38;2;99;0;1;48;2;153;0;1m▀[38;2;182;3;4;48;2;146;0;1m=[38;2;184;4;5;48;2;147;0;1m=[38;2;183;3;3;48;2;143;1;2m=[0m[38;2;129;7;8m' [0m [38;2;85;2;4m▌      [7m[38;2;123;0;1m'[0m[38;2;149;1;2;48;2;89;3;4m▌[0m[38;2;149;1;2m   [0m [38;2;115;1;1mT      [0m
   [7m[38;2;131;2;3m▀[0m[38;2;107;3;3mf              [7m[38;2;106;1;3m▌[0m        [7m[38;2;99;2;3m▌[0m[38;2;99;3;5m,  [0m [38;2;125;0;0;48;2;168;2;3m=[38;2;129;0;0;48;2;173;2;3m=[38;2;132;0;1;48;2;175;2;3m=[38;2;132;0;0;48;2;174;2;3m=[38;2;82;1;1;48;2;170;2;3m▀[0m[7m[38;2;165;2;3m▀[0m[38;2;134;1;3mf[0m      [7m[38;2;71;0;2m▌[0m[38;2;153;2;2;48;2;102;2;2m@[0m[38;2;147;1;2m'    [0m       [0m
   [7m[38;2;130;1;2m▌[38;2;137;0;2m▀[0m             [7m[38;2;125;0;2m▀[0m[38;2;169;5;5;48;2;114;1;2m=[0m[38;2;169;5;5m [0m [38;2;66;3;6m'     [0m [38;2;115;0;0;48;2;142;0;1m-[0m[38;2;122;2;3m▌  [38;2;111;0;1;48;2;168;1;2m▌[38;2;200;4;5;48;2;165;0;1m=[38;2;200;4;4m=[38;2;200;5;3m=[38;2;200;4;4m=[38;2;191;4;6;48;2;147;0;1m=[0m[7m[38;2;137;2;2m▀[0m [7m[38;2;88;0;1m▀[38;2;144;1;2m▀[0m   [7m[38;2;112;1;2m'[0m[38;2;139;4;3m'  [7m[38;2;74;1;3mf[0m         [0m
    [38;2;95;1;1m▀[38;2;120;3;5m{           [0m [38;2;156;2;3;48;2;136;1;2mE[38;2;181;2;2;48;2;148;1;2m_[0m[38;2;104;2;2m▌    [38;2;89;3;4m_[0m   [38;2;197;2;5;48;2;155;0;1m_[38;2;201;3;4;48;2;152;1;2m_[0m[7m[38;2;166;1;2m▀[38;2;173;1;2m▀[0m[38;2;211;5;3;48;2;173;1;2m_[38;2;213;5;3;48;2;180;1;2m_[38;2;213;4;3m_[38;2;212;4;3;48;2;178;1;2m_[38;2;209;4;3;48;2;176;1;2m_[38;2;190;3;2;48;2;138;1;2m_[38;2;181;2;2;48;2;161;1;2mE[38;2;170;2;3;48;2;129;1;3mb[38;2;188;4;4;48;2;151;1;1m-[0m[38;2;135;3;3m▌  [0m    [38;2;127;7;6m_[38;2;127;2;3m'[0m         [0m
                  [7m[38;2;112;1;2m▌[0m[38;2;127;0;0;48;2;151;1;2m-[38;2;134;2;2;48;2;159;1;2m▀[0m[7m[38;2;73;1;2m▀[0m   [38;2;104;0;1;48;2;155;1;2m~[38;2;114;1;1;48;2;170;1;2m▀[38;2;82;1;2;48;2;172;1;1m▀[38;2;157;1;2;48;2;178;1;3mE[38;2;163;1;1;48;2;180;1;2mE[38;2;149;0;1;48;2;179;1;2m-[38;2;153;0;1;48;2;182;1;2m-[38;2;155;0;1;48;2;184;1;2m-[38;2;172;1;1;48;2;189;1;2mE[48;2;190;1;3mE[38;2;174;1;1;48;2;191;1;3mE[38;2;171;1;1;48;2;188;1;2mE[38;2;152;0;0;48;2;179;1;2m-[38;2;162;0;1mE[38;2;192;5;4;48;2;142;1;2m=[0m[38;2;101;6;6m'[38;2;71;0;0;48;2;156;1;2m▌[0m[38;2;77;3;2m▌  [7m[38;2;142;1;2m▌[38;2;148;1;2m▀[0m[38;2;88;1;1m,[7m[38;2;76;1;3m▌[0m[38;2;73;7;7m' [38;2;145;2;2;48;2;99;1;3m.[0m        [0m
       [7m[38;2;82;1;3m▌[38;2;116;1;2m▀[0m[38;2;78;2;4m_   [0m [38;2;98;4;3m\[0m     [38;2;166;1;2;48;2;82;0;1m▀[38;2;170;2;3;48;2;145;1;2mE[0m[38;2;79;4;3m_[0m [7m[38;2;124;0;2m▌[0m[38;2;204;3;5;48;2;168;1;1m_[38;2;209;4;3;48;2;173;1;2m_[38;2;210;4;3;48;2;178;1;2m_[38;2;214;3;4;48;2;180;1;3m_[38;2;217;4;4;48;2;182;1;2m_[38;2;221;3;4;48;2;186;1;2m-[38;2;223;3;5;48;2;188;1;3m-[38;2;221;4;5;48;2;189;1;3m_[38;2;222;4;5m__[48;2;189;1;2m_[38;2;219;4;4;48;2;186;1;2m_[38;2;217;4;4;48;2;183;1;2m_[38;2;192;2;3;48;2;159;2;3mF[0m[38;2;174;0;2m'[7m[38;2;140;1;2m▀[0m    [38;2;96;0;1;48;2;162;1;2m▌[38;2;193;4;4;48;2;158;1;2m_[38;2;192;3;3;48;2;144;2;3m_[0m[38;2;127;4;6m,[0m  [38;2;184;3;5;48;2;130;1;2m_[0m[38;2;138;2;3m▌[0m   [7m[38;2;129;1;3m▀[0m[38;2;70;2;4mm  [0m
        [38;2;108;0;1m▀[38;2;161;1;2;48;2;148;0;2m~[0m[7m[38;2;122;1;2m▀[0m    [38;2;123;1;4m▀[0m     [38;2;153;1;1;48;2;166;1;3mE[38;2;162;1;2;48;2;66;2;2m▌[0m[7m[38;2;130;2;3m▌[0m [38;2;125;1;1;48;2;169;1;1mn[38;2;186;2;1;48;2;175;1;2m~[38;2;190;2;1;48;2;179;1;2m~[38;2;195;2;2;48;2;181;1;2m~[38;2;194;2;1;48;2;182;1;2m~[38;2;195;2;1m~[38;2;196;2;1;48;2;183;1;3m~[38;2;197;2;2;48;2;179;1;2m~[48;2;182;1;2m~[38;2;197;2;1m~~[38;2;196;2;1;48;2;180;1;2m~[38;2;194;2;3;48;2;171;1;2m"[38;2;78;1;2;48;2;161;1;2m▀[38;2;157;1;2;48;2;180;1;2m5[38;2;173;1;3;48;2;71;3;3m▌[0m[38;2;173;1;3m   [7m[38;2;137;0;1m'[0m[38;2;171;1;1;48;2;161;1;2m~[38;2;170;2;2;48;2;160;1;2m~[38;2;170;2;1;48;2;157;1;2m~[0m[38;2;89;3;2m▌ [7m[38;2;128;1;3m▌[0m[38;2;164;2;3;48;2;152;1;2m~[38;2;117;0;0;48;2;150;2;3m_[0m   [7m[38;2;121;2;2m▌[0m[38;2;97;2;2m,  [0m
    [38;2;136;3;6m\[38;2;73;4;4m,[38;2;96;3;4m\[0m  [38;2;97;0;1m▀[38;2;146;2;3;48;2;156;2;1m,[0m[38;2;144;2;3m▌ [0m      [38;2;117;4;5m+[7m[38;2;101;0;2m▀[0m[38;2;207;4;2;48;2;168;0;2m_[38;2;182;5;3;48;2;127;2;2m_[0m[7m[38;2;135;2;3m▌[38;2;148;1;2m▀[0m[38;2;214;6;4;48;2;178;1;2m_[38;2;215;5;5;48;2;182;1;3m_[38;2;217;4;5;48;2;185;1;3m_[38;2;219;7;6;48;2;187;1;2m_[38;2;201;3;3;48;2;182;1;1mE[38;2;221;5;5;48;2;188;1;2m_[38;2;198;3;4;48;2;164;1;2mE[38;2;71;2;2;48;2;173;1;2m▌[38;2;218;5;1;48;2;183;1;1m_[38;2;215;6;3;48;2;182;1;1m_[38;2;195;3;3;48;2;175;0;2mE[38;2;216;5;3;48;2;181;1;2m_[38;2;197;8;7;48;2;122;2;3m_[38;2;215;4;4;48;2;179;1;2m-[38;2;215;6;4;48;2;182;1;2m_[38;2;214;7;3;48;2;177;2;3m_[0m[7m[38;2;151;2;2m~[38;2;139;2;2m▀[38;2;163;1;1m▀[0m[38;2;209;6;4;48;2;171;1;2m_[38;2;204;5;5;48;2;169;1;3m_[38;2;178;3;3;48;2;149;1;2mE[0m[38;2;138;3;3m~ [0m [38;2;179;7;7;48;2;120;1;2m_[0m[38;2;161;2;3m▀[38;2;143;2;3m'[7m[38;2;80;1;2m▀[0m   [7m[38;2;122;3;4m▌[0m  [0m
     [38;2;102;1;2;48;2;128;1;3m▀[0m[38;2;96;1;2m,[7m[38;2;112;1;2m,[38;2;132;3;3m▀[0m [7m[38;2;106;1;2m▌[0m[38;2;175;1;1;48;2;159;1;3m~[0m[38;2;127;2;3m▌ [38;2;107;3;4m\ [0m [7m[38;2;129;3;4m▀[0m [7m[38;2;133;1;3m▀[0m[38;2;166;1;1;48;2;184;2;3mE[38;2;174;0;1;48;2;189;2;3mE[38;2;177;0;1;48;2;191;1;4mE[38;2;174;0;2;48;2;193;2;4mE[38;2;179;0;1;48;2;194;1;4mE[38;2;180;1;2;48;2;194;2;4mE[38;2;181;1;2;48;2;195;2;4mE[38;2;182;0;2;48;2;197;2;4mE[38;2;183;1;1;48;2;198;2;3mE[38;2;201;2;1;48;2;184;1;3m~[0m[38;2;181;1;1m▀[7m[38;2;109;2;3m/[0m[38;2;85;0;1;48;2;183;2;3m▌[38;2;186;1;2;48;2;82;3;4m▀[0m[38;2;176;1;3m▀[7m[38;2;148;2;3mw[0m[38;2;81;2;2;48;2;182;1;4m▀[0m[7m[38;2;120;3;3m9[0m[38;2;177;1;2;48;2;194;2;3m5[38;2;182;1;2;48;2;197;2;4mE[38;2;183;1;2;48;2;197;2;3mE[38;2;181;1;1;48;2;195;2;3mE[38;2;197;2;2;48;2;180;2;2m~[0m[38;2;144;2;2m▀[38;2;124;0;0;48;2;175;1;3m_[38;2;171;1;1;48;2;186;2;3mE[38;2;177;2;2;48;2;142;3;3m▌[0m [7m[38;2;124;2;2m▀[0m[38;2;125;5;5m/[0m  [7m[38;2;106;1;1m▀[0m[38;2;154;1;2;48;2;111;4;3m▌[0m   [7m[38;2;89;0;2m▌[0m[38;2;162;3;4m▌ [0m
[7m[38;2;85;2;2m▀[0m    [38;2;183;4;5;48;2;134;0;1m_[38;2;187;3;4;48;2;138;1;1m_[0m[7m[38;2;146;1;1m▀[0m[38;2;163;2;3;48;2;134;1;1mz[38;2;150;3;4;48;2;79;2;2mn[0m [7m[38;2;156;1;2m▌[0m[38;2;175;1;3;48;2;147;1;2mz[0m  [38;2;85;2;3m{[7m[38;2;129;0;1m▌[0m[38;2;177;1;2;48;2;148;1;1mz[0m[7m[38;2;112;1;2m▀[0m[38;2;79;0;2;48;2;167;1;2m▌[38;2;191;1;4;48;2;169;1;1mz[38;2;194;2;4;48;2;171;1;1mz[38;2;196;2;4;48;2;172;0;1mz[38;2;187;1;2;48;2;157;1;2m^[38;2;195;2;3;48;2;172;1;1mz[38;2;184;1;2;48;2;157;1;2m`[38;2;186;1;2;48;2;163;1;2m▀[38;2;197;3;4;48;2;174;1;1mz[38;2;171;3;3;48;2;70;2;1m▀[0m[7m[38;2;147;1;2m▀[38;2;170;1;2m~[0m[38;2;200;2;4;48;2;170;2;2mz[0m[38;2;131;3;7m![7m[38;2;157;0;2m~[0m[38;2;202;2;4;48;2;170;0;2mz[38;2;200;1;3;48;2;176;1;2mz[38;2;190;2;3;48;2;167;2;3mE[38;2;80;2;3;48;2;170;1;2m▌[38;2;201;2;3;48;2;179;1;1mz[48;2;179;1;2mz[38;2;201;2;2;48;2;178;1;1mz[38;2;200;6;7;48;2;166;1;2m_[0m[38;2;100;2;2m▀[0m [7m[38;2;177;1;2m▌[0m[38;2;193;2;4;48;2;170;1;1mz[38;2;180;1;2;48;2;157;1;1mP[0m[7m[38;2;87;1;2m`[0m[38;2;172;2;2;48;2;139;2;3m5[0m[38;2;90;5;5m,[7m[38;2;99;2;2m▌[38;2;72;0;1mM[0m[38;2;173;1;2;48;2;150;0;1mz[38;2;174;2;4;48;2;145;1;2mz[0m   [38;2;169;3;8m_[38;2;151;4;5m▌ [0m
[38;2;143;1;2;48;2;88;4;4m▌[0m[38;2;143;1;2m   [0m [38;2;149;1;2m▀[38;2;98;0;0;48;2;149;1;2m_[38;2;69;0;0;48;2;140;2;2m_[0m[38;2;113;2;3m▌[7m[38;2;89;3;5m▌[0m [7m[38;2;96;1;3m▌[0m[38;2;141;1;1;48;2;157;2;4m_[0m   [38;2;162;1;3;48;2;157;1;2m,[38;2;164;1;1;48;2;182;2;2m5[38;2;168;1;1;48;2;185;2;2m5[38;2;103;1;1;48;2;185;2;3m▀[38;2;190;2;3;48;2;135;1;3m"[38;2;178;0;1;48;2;192;2;3mE[38;2;177;1;1;48;2;191;2;2m5[0m[38;2;91;2;2m▌[38;2;103;1;3m▀[38;2;116;2;2m▀[7m[38;2;123;2;2mM[0m[38;2;123;0;0;48;2;176;2;3m_[38;2;92;1;1;48;2;170;2;2mf[38;2;182;1;1;48;2;199;2;2m5[38;2;184;0;1;48;2;201;2;3m5[38;2;186;1;1;48;2;200;2;3mE[38;2;88;0;0;48;2;177;2;3m[[38;2;187;1;1;48;2;201;2;2m5[38;2;186;1;1;48;2;200;2;3m5[38;2;181;1;1;48;2;195;2;2m5[38;2;140;4;5;48;2;71;2;2m▌[38;2;143;0;1;48;2;191;2;4m5[38;2;202;2;1;48;2;179;2;3m~[38;2;201;2;1;48;2;171;1;3m~[38;2;185;1;2;48;2;201;2;3m5[38;2;173;1;2;48;2;200;2;3m▀[38;2;160;1;2;48;2;199;2;3m5[38;2;173;2;2;48;2;199;2;4m▀[0m[7m[38;2;175;1;2m'[0m[38;2;177;1;1;48;2;193;2;3m5[38;2;174;1;1;48;2;189;2;3m5[38;2;131;1;2;48;2;187;3;3m▀[0m[7m[38;2;83;1;2m\[0m[38;2;142;2;2;48;2;169;2;3m▀[0m[38;2;108;3;4m,[38;2;153;1;2m▀[38;2;156;1;1;48;2;173;2;2m5[38;2;169;3;4;48;2;123;3;3m~[0m[38;2;169;3;4m      [0m
[38;2;89;1;2m~ [0m    [38;2;69;1;2m▀[38;2;64;3;2m'[0m [7m[38;2;84;74;64m▀[38;2;51;52;57m▀[38;2;78;75;68m▀[0m[38;2;155;1;4m`[7m[38;2;58;50;36m▌[38;2;116;104;104m▀[38;2;75;75;82m▀[0m[38;2;102;0;1;48;2;167;1;2m▌[38;2;178;2;3;48;2;166;1;2m5[38;2;185;1;4;48;2;171;1;1m5[38;2;189;1;2;48;2;176;1;1m5[38;2;206;1;5;48;2;163;2;2m=[38;2;140;0;0;48;2;167;1;2m\[38;2;191;1;1;48;2;177;1;1m5[38;2;83;1;1;48;2;173;1;2m▀[0m[7m[38;2;74;1;1m▀[0m [38;2;137;0;3;48;2;181;1;3m▌[38;2;192;1;3;48;2;169;0;1mz[38;2;199;2;3;48;2;178;1;1mz[38;2;199;1;3;48;2;185;0;2m5[38;2;201;1;3;48;2;188;1;2m5[38;2;202;2;4;48;2;187;1;2m5[38;2;201;1;2;48;2;187;0;1m5[38;2;199;2;3;48;2;184;0;1m5[38;2;196;2;2;48;2;181;1;1m5[38;2;169;3;3;48;2;102;1;2mF[38;2;170;1;4;48;2;121;2;3mo[0m[7m[38;2;117;2;3mw[0m[38;2;86;0;2;48;2;185;1;2m▀[38;2;206;2;2;48;2;179;1;1mz[38;2;202;1;2;48;2;189;1;1m5[38;2;201;2;2;48;2;187;1;1m5[38;2;201;1;2m5[38;2;200;1;3;48;2;183;1;1m5[38;2;193;2;2;48;2;179;1;2m5[38;2;190;2;3;48;2;175;1;2m5[38;2;187;1;3;48;2;172;1;2m5[38;2;186;2;3;48;2;171;1;1m5[0m[38;2;160;3;4m▌[7m[38;2;157;1;1m▌[0m[38;2;163;2;3m▌[0m [38;2;172;1;1;48;2;159;1;1m5[0m[38;2;154;2;3m▌      [0m
   [38;2;80;2;3m\[0m    [7m[38;2;107;104;93m▀[0m[38;2;80;71;68;48;2;112;108;104m_[38;2;92;86;88;48;2;117;111;107mz[38;2;93;86;87;48;2;118;111;107mz[38;2;47;50;56;48;2;117;112;107m▀[38;2;72;63;50;48;2;118;113;108m▀[38;2;98;90;89;48;2;123;115;108mz[38;2;101;89;89;48;2;120;114;110mz[0m[7m[38;2;102;31;38m][0m[38;2;153;0;0;48;2;181;2;2mz[38;2;180;3;4;48;2;120;2;4m~[38;2;163;0;1;48;2;191;2;4mz[38;2;202;2;3;48;2;156;3;4m~[38;2;103;0;0;48;2;167;1;3m_[38;2;171;0;2;48;2;197;2;4mz[38;2;169;0;1mz[38;2;170;0;1;48;2;195;2;4mz[0m[38;2;149;3;3m▌[38;2;154;1;2;48;2;188;2;4mU[38;2;172;0;1;48;2;198;2;3mz[38;2;170;0;2;48;2;194;2;3mz[38;2;176;0;1;48;2;201;2;2mz[38;2;181;1;2;48;2;102;3;3m▀[38;2;99;0;0;48;2;164;2;3m/[38;2;178;0;0;48;2;203;2;2mz[38;2;178;0;1;48;2;204;2;3mz[38;2;192;2;3;48;2;137;3;4m7[0m[38;2;92;2;3m▀[7m[38;2;156;1;2m▀[0m[38;2;131;0;1;48;2;190;1;2m'[38;2;180;0;2;48;2;205;2;3mz[48;2;206;2;3mz[38;2;178;0;2;48;2;204;2;3mz[38;2;179;0;1;48;2;205;1;3mz[38;2;208;3;3;48;2;186;1;2m~[0m[38;2;180;1;2m▀[38;2;127;2;3m▀[38;2;182;5;4m~[38;2;133;2;3m▀[38;2;107;0;1;48;2;165;2;3m_[0m[38;2;164;3;4m▌[7m[38;2;151;1;3m▌[0m[38;2;119;3;4m▌[7m[38;2;126;1;3m▀[0m[38;2;147;0;1;48;2;165;3;3m=[0m[38;2;152;6;6m'[7m[38;2;105;2;2m▀[0m     [0m
    [7m[38;2;108;2;4m▌[0m  [38;2;88;84;73;48;2;31;39;38m▀[0m[38;2;69;83;92m▀[38;2;45;55;63m'[0m  [7m[38;2;59;60;59mw[0m[38;2;126;137;131;48;2;68;68;66m_[38;2;106;105;102;48;2;68;65;65m5[38;2;114;110;112;48;2;72;75;79m▀[38;2;55;80;108;48;2;74;9;13m'[38;2;180;2;2;48;2;157;0;1mz[0m[38;2;94;2;3m▌[38;2;192;2;7;48;2;159;1;1m=[0m[38;2;170;2;4m▌[38;2;123;0;1;48;2;182;1;2m▌[38;2;200;2;2;48;2;178;0;1mz[38;2;204;2;3;48;2;180;0;2mz[38;2;203;2;3;48;2;179;0;1mz[38;2;202;2;3;48;2;177;1;2mz[38;2;201;1;3;48;2;177;0;1mz[38;2;211;3;6;48;2;161;2;2m=[0m[7m[38;2;181;0;2m▌[0m[38;2;200;2;3;48;2;170;1;3mz[0m[7m[38;2;65;1;2m4[0m[38;2;198;2;5;48;2;176;1;2mz[38;2;204;1;3;48;2;182;0;1mz[38;2;206;2;3;48;2;183;1;1mz[38;2;182;3;3;48;2;81;1;2m▌[0m[7m[38;2;93;0;2m▌[0m[38;2;217;2;7;48;2;179;1;2m=[38;2;207;2;4;48;2;184;0;2mz[38;2;207;2;3;48;2;183;1;2mz[38;2;207;2;4;48;2;183;1;1mz[38;2;205;1;3;48;2;185;0;2mz[0m[38;2;195;2;3m▀[38;2;118;5;4m'    [7m[38;2;116;0;2m▌[0m[38;2;197;2;4;48;2;145;2;2m=[0m [7m[38;2;133;1;2m▀[0m[38;2;167;2;2m▀[7m[38;2;100;1;1m*[38;2;191;0;1m~[0m[38;2;201;2;2m▌     [0m
    [7m[38;2;141;1;2m▌[0m[38;2;111;0;0;48;2;141;3;4m=[0m  [38;2;56;51;34m~[7m[38;2;84;83;77m~[38;2;92;102;110m▀[38;2;104;101;85m▌[0m[38;2;85;86;90;48;2;99;103;102mq[38;2;67;68;69;48;2;89;103;106mw[0m[7m[38;2;73;76;74m▀[0m[38;2;46;47;49;48;2;85;88;87mm[0m [38;2;140;1;1m▀[38;2;105;3;4m▌[7m[38;2;174;1;3m▌[0m[38;2;140;2;2;48;2;178;2;3m▀[38;2;149;0;0;48;2;192;2;3m=[38;2;156;0;0;48;2;197;2;3m=[38;2;190;2;2;48;2;150;2;3m▌[38;2;154;0;0;48;2;197;2;2m=[38;2;161;0;1;48;2;198;2;3m=[38;2;160;0;0m=[38;2;190;2;3;48;2;96;4;4m▌[0m [38;2;148;0;0;48;2;180;2;3m=[0m[38;2;112;3;4m▌[38;2;111;0;3;48;2;166;2;3m,[38;2;159;0;1;48;2;200;2;3m=[38;2;159;0;0;48;2;201;2;3m=[38;2;160;0;1;48;2;203;2;3m=[38;2;164;0;1;48;2;201;2;3m=[48;2;203;2;3m=[38;2;161;0;0;48;2;202;2;2m=[38;2;158;0;0;48;2;198;2;2m=[38;2;190;1;2;48;2;118;4;4m▀[0m[38;2;176;7;9m~      [7m[38;2;108;0;1m▌[0m[38;2;145;0;1;48;2;186;2;3m=[38;2;109;2;2;48;2;178;2;4m▀[38;2;141;0;0;48;2;180;2;4m=[0m[7m[38;2;91;1;3m#[0m[38;2;151;0;0;48;2;189;2;3m=[38;2;187;3;3;48;2;95;3;3m▌[0m      [0m
 [38;2;79;3;3m▌[0m [7m[38;2;148;1;3m▀[0m[38;2;180;2;5;48;2;139;0;2m=[38;2;182;2;6;48;2;142;1;1m=[0m  [38;2;100;102;102m\[7m[38;2;97;97;98m▀[38;2;64;72;78mm[38;2;69;82;89m▌[0m[38;2;91;94;88;48;2;42;50;54mz[0m [38;2;135;4;3m-[0m [38;2;90;93;84m▌  [7m[38;2;119;0;2m▌[0m[38;2;195;2;6;48;2;133;1;1m=[38;2;198;3;7;48;2;123;1;2m=[38;2;171;1;3;48;2;62;0;0m▀[0m[7m[38;2;147;1;2m/[0m[38;2;198;2;3;48;2;169;0;1mz[38;2;171;1;3;48;2;87;3;3m▌[38;2;73;0;1;48;2;176;1;2m▌[38;2;210;2;5;48;2;161;1;2m=[0m[38;2;69;2;1m,[0m [38;2;191;2;6;48;2;128;1;1m=[0m[7m[38;2;94;1;2m\[0m[38;2;179;1;2;48;2;125;0;1m*[38;2;194;2;3;48;2;164;0;1mz[38;2;195;2;3;48;2;169;0;2mz[38;2;194;2;3;48;2;168;0;1mz[38;2;193;1;4;48;2;163;0;1mz[38;2;194;5;8;48;2;119;1;1m=[0m[38;2;106;2;2m▀[0m [38;2;89;3;4my      [7m[38;2;163;1;1m▌[0m[38;2;186;1;3;48;2;160;0;1mz[38;2;169;0;2;48;2;114;2;3m'[38;2;187;1;4;48;2;158;0;1mz[0m[38;2;113;3;4mc[38;2;194;2;4;48;2;149;1;2m=[0m[38;2;98;9;6m'      [0m
 [7m[38;2;126;1;2m▌[38;2;156;1;2m"[0m[38;2;141;0;0;48;2;182;2;3m=[38;2;164;0;2;48;2;179;3;3mz[38;2;138;0;1;48;2;180;2;4m=[0m[38;2;149;3;3m▌[0m  [38;2;89;84;73m~[38;2;80;94;97m▀[7m[38;2;94;103;90m▌[0m[38;2;45;46;44;48;2;76;84;85mx[0m[7m[38;2;62;62;59m▀[38;2;97;39;36mw[38;2;59;65;61m▀[0m[38;2;48;33;35;48;2;85;89;85m.[0m[38;2;36;59;68m▌[0m   [38;2;103;3;4mi[7m[38;2;119;1;3m*[38;2;166;3;4mw[38;2;161;3;4mw[0m[38;2;72;1;1;48;2;185;2;2m▀[38;2;158;0;0;48;2;197;2;3m=[38;2;159;0;1;48;2;201;2;3m=[38;2;154;2;3;48;2;197;2;2m▀[0m[7m[38;2;188;1;2m▀[38;2;89;1;1m▀[0m[38;2;142;4;4m~[38;2;145;6;5m~[38;2;89;1;2m▀[38;2;123;1;3m▀[38;2;189;3;3m~[38;2;97;5;5m' [38;2;96;2;3m▀[38;2;171;3;8m-[38;2;129;6;5m'     [7m[38;2;109;1;3mF[0m[38;2;144;0;0;48;2;184;3;4m=[38;2;165;3;3;48;2;103;3;4m▀[38;2;112;2;2;48;2;173;1;3m▌[38;2;144;0;2;48;2;181;3;3m=[38;2;156;2;3;48;2;68;3;3m▌[38;2;165;2;3;48;2;79;3;4m![0m[38;2;165;2;3m       [0m
  [38;2;181;3;5;48;2;137;0;1m=[38;2;192;4;5;48;2;152;0;1m=[38;2;193;5;6;48;2;151;0;1m=[0m[38;2;128;2;1m▀[0m  [38;2;41;42;52m,[7m[38;2;60;54;43m▌[0m[38;2;65;85;95mz[7m[38;2;49;51;36m▌[0m[38;2;76;80;80;48;2;40;46;42m▀[0m[38;2;84;88;90m▀[38;2;89;92;94m-[38;2;79;78;74m▀[38;2;138;139;126;48;2;94;100;97m=[0m[38;2;41;70;92m▌[7m[38;2;92;82;63m▌[0m[38;2;139;144;136;48;2;78;88;93m=[0m [7m[38;2;119;1;2m▀[0m[38;2;157;1;2m▀[7m[38;2;143;1;3me[0m[38;2;207;2;5;48;2;166;0;1m=[38;2;212;4;5;48;2;171;0;1m=[38;2;215;4;7;48;2;172;0;1m=[38;2;217;4;7;48;2;175;0;1m=[38;2;217;5;7;48;2;176;0;1m=[38;2;213;5;5;48;2;174;0;1m=[38;2;209;3;4;48;2;173;0;1m=[38;2;169;1;3;48;2;98;1;2m▀[0m[38;2;142;4;6m.[38;2;144;3;4;48;2;71;0;1m\[0m[7m[38;2;125;1;3m▀[38;2;99;1;1m▀[0m        [7m[38;2;76;0;1m▀[38;2;157;1;2m▀[0m[38;2;194;5;7;48;2;123;0;1m=[38;2;95;1;2;48;2;134;1;2mm[38;2;91;0;1;48;2;165;1;2m~[38;2;205;4;4;48;2;160;0;1m=[38;2;202;6;3m=[0m[38;2;155;2;2m▌[0m        [0m
   [38;2;163;2;1;48;2;82;1;2m▀[38;2;123;0;0;48;2;156;3;4m=[0m[38;2;63;3;4m▌[0m [38;2;65;55;51;48;2;102;92;83m=[38;2;88;78;86;48;2;121;118;118m=[0m[7m[38;2;116;115;117m▀[38;2;100;99;101m▀[0m [7m[38;2;81;81;75mw[0m[38;2;99;98;98m▀[38;2;65;69;73m@[38;2;85;89;87m▀[0m  [7m[38;2;62;60;55m▀[38;2;57;59;59m▀[0m   [38;2;182;3;4m~[38;2;136;4;6m~[38;2;99;0;1;48;2;171;2;4mw[38;2;155;0;0;48;2;197;3;4m=[38;2;212;1;2;48;2;192;2;3m-[38;2;162;0;0;48;2;203;3;5m=[38;2;118;1;2;48;2;191;3;4m▀[0m[7m[38;2;132;3;5mm[0m[38;2;182;2;3;48;2;78;1;3m▀[38;2;141;2;3;48;2;181;3;3m▀[38;2;95;2;3;48;2;150;3;3m*[0m[38;2;124;2;3mr[38;2;133;3;3;48;2;86;1;2mG[38;2;186;2;4;48;2;125;1;2m~[38;2;97;1;1;48;2;148;2;3mm[0m[7m[38;2;126;2;3m~[38;2;130;2;3m~[38;2;119;3;3m~[38;2;119;2;3m~[0m[38;2;84;1;1;48;2;142;3;4m5[38;2;133;2;4;48;2;152;3;5m5[38;2;97;1;2;48;2;169;2;4mm[38;2;108;2;3;48;2;178;2;4m▀[38;2;117;1;2;48;2;164;2;3m'[0m[38;2;180;2;3m▀[7m[38;2;124;3;4mw[38;2;157;2;2m'[0m[38;2;176;1;3;48;2;137;3;4m▀[0m[38;2;140;6;7m'[0m [38;2;56;44;32;48;2;96;89;85m▌[38;2;51;53;57;48;2;114;111;113m▀[0m     [0m
 [38;2;79;1;1;48;2;107;1;2mj[0m  [38;2;96;1;2m▀[0m [7m[38;2;60;52;35m▌[0m[38;2;143;141;129;48;2;80;78;76m=[0m[7m[38;2;93;92;90m~[0m[38;2;81;85;88mm[38;2;83;83;83;48;2;54;53;51mG[38;2;98;94;95;48;2;66;66;66m▀[0m[7m[38;2;92;91;87m,[0m[38;2;138;145;136;48;2;96;94;93m=[38;2;140;145;138;48;2;93;91;89m=[38;2;140;144;137;48;2;95;92;90m=[38;2;139;143;137;48;2;97;94;96m=[38;2;138;141;139;48;2;95;93;98m=[38;2;139;142;140;48;2;93;94;99m=[38;2;94;114;125;48;2;60;70;80mv[0m[38;2;25;40;66m'[7m[38;2;73;65;51mF[0m[38;2;81;92;94m▌[7m[38;2;82;2;3m▌[0m[38;2;154;4;5m'[7m[38;2;73;0;2m▌[38;2;73;1;3m4[0m[38;2;211;4;6;48;2;177;0;2m=[38;2;217;3;4;48;2;182;0;1m=[38;2;219;4;6;48;2;181;0;2m=[38;2;217;5;5;48;2;157;0;1m=[0m[7m[38;2;177;2;4m▀[0m[38;2;101;0;1m~[38;2;172;1;1m▀[38;2;205;4;6;48;2;152;0;1m=[38;2;93;1;2;48;2;176;1;2m▀[0m[7m[38;2;133;2;3m▀[0m[38;2;124;1;3m▀[38;2;164;1;1m▀[38;2;171;1;1;48;2;101;1;2m▀[38;2;203;5;7;48;2;135;0;1m=[38;2;173;2;2;48;2;120;1;1m#[38;2;176;2;3;48;2;116;1;1m*[38;2;187;6;7;48;2;121;0;1m=[0m[38;2;170;2;2m▀[38;2;149;2;3m▀[38;2;128;5;5m'[7m[38;2;131;1;2m~[0m[38;2;197;5;5;48;2;153;0;1m=[0m[38;2;159;1;2m▀[38;2;113;6;7m' [7m[38;2;88;84;79m▌[38;2;94;96;98m▀[0m[38;2;58;50;47m~[38;2;104;107;108;48;2;67;62;55m▀[0m[7m[38;2;87;93;98m▀[0m   [0m
  [7m[38;2;93;1;2m▀[0m   [7m[38;2;104;2;3m▌[0m[38;2;105;3;7m,[38;2;106;107;101m~[38;2;99;99;96m▀[38;2;88;87;87mm[7m[38;2;84;85;82m'[0m[38;2;94;104;108;48;2;54;56;56mb[38;2;33;39;43;48;2;72;78;78m;[38;2;131;127;113;48;2;57;65;67m-[0m[38;2;66;76;77m▀[38;2;81;96;98m~[0m    [38;2;119;115;104;48;2;56;52;45m▀[0m[38;2;96;103;108m▌[0m  [38;2;128;1;3m▀[38;2;114;5;7m'[38;2;160;0;1;48;2;190;2;3m=[38;2;169;0;1;48;2;197;2;3m=[38;2;168;0;1m=[38;2;167;0;1;48;2;196;2;3m=[38;2;165;0;1;48;2;194;2;3m=[38;2;214;4;5;48;2;166;2;2m-[0m[7m[38;2;175;2;2m▀[0m[38;2;150;2;2m,[38;2;145;2;3m▀[38;2;184;2;3;48;2;141;1;3m▀[38;2;208;5;3;48;2;171;2;3m-[0m[7m[38;2;152;1;2m~[38;2;163;1;2m▀[38;2;124;0;1m▀[38;2;100;1;2m▀[38;2;88;1;1m▀[38;2;163;2;3m▀[38;2;169;2;2m▀[38;2;153;2;3m~[0m[38;2;175;2;3m▀[38;2;126;3;3m▀[0m [7m[38;2;96;82;71m~[0m[38;2;89;72;74;48;2;116;114;110m=[0m[7m[38;2;77;84;88m▀[0m [38;2;83;80;69m▀[38;2;127;134;124;48;2;82;88;88m-[0m[38;2;62;74;79m,[7m[38;2;97;94;88my[0m[38;2;96;104;108m▌[0m  [0m
  [38;2;131;1;2m▀[38;2;88;2;3m▌  [0m [38;2;81;2;4m▌          [7m[38;2;100;97;81m▌[0m[38;2;138;149;142;48;2;96;96;95m=[38;2;141;150;142;48;2;84;84;86m=[0m[38;2;32;44;57mv[38;2;100;91;68;48;2;109;107;99m▌[38;2;145;150;138;48;2;88;85;80m=[0m[38;2;71;82;86m▌[0m [7m[38;2;131;1;2m'[0m[38;2;205;3;3;48;2;165;0;1m=[38;2;201;4;6;48;2;152;0;2m=[38;2;210;4;5;48;2;178;0;2m=[38;2;210;4;4;48;2;176;0;2m=[38;2;207;5;5;48;2;168;0;1m=[38;2;176;1;1;48;2;95;3;2m▀[0m[38;2;171;1;1m▀[38;2;195;5;6;48;2;158;0;1m=[0m[38;2;119;2;3m▌[0m [38;2;152;1;2m▀[38;2;177;1;2;48;2;130;1;1m*[38;2;203;5;3;48;2;169;0;1m=[38;2;204;5;4;48;2;171;0;1m=[48;2;169;0;1m=[38;2;202;4;2;48;2;167;0;1m=[38;2;200;5;3;48;2;165;0;1m=[38;2;198;5;5;48;2;161;1;2m=[0m[38;2;163;3;5m'[38;2;78;61;45;48;2;108;96;88m▌[38;2;148;145;138;48;2;102;93;90m=[0m[7m[38;2;100;98;99m▀[0m [38;2;102;100;99m▀[38;2;136;143;140;48;2;89;91;94m=[0m[38;2;70;92;111mr[0m [7m[38;2;72;69;58m▌[0m[38;2;134;143;138;48;2;78;84;87m=[0m [38;2;134;135;120;48;2;90;95;92m=[0m  [0m
              [7m[38;2;87;87;73m▀[0m[38;2;50;50;35;48;2;102;106;97m~[38;2;60;63;50;48;2;104;107;101m~[38;2;63;64;51;48;2;108;108;105m~[38;2;87;79;79;48;2;112;121;123m=[38;2;114;116;114;48;2;38;49;57m▀[0m[38;2;101;114;118m▀[7m[38;2;102;94;77m▌[0m[38;2;138;137;126;48;2;114;112;110m-[38;2;124;122;116;48;2;91;105;114mF[0m[38;2;51;81;110m'[38;2;76;0;2m▀[38;2;140;2;3m▀[7m[38;2;147;1;3m▀[0m[38;2;212;4;3;48;2;165;1;3m_[38;2;196;2;3;48;2;175;1;3mE[38;2;192;2;2;48;2;130;2;3m~[0m[38;2;96;3;2m' [7m[38;2;76;0;1m▀[0m[38;2;191;6;5;48;2;145;1;3m_[0m[38;2;99;2;3m▌[0m [7m[38;2;79;1;2m▀[38;2;82;1;1m▀[38;2;91;2;2m*[38;2;119;1;3mm[0m[38;2;173;2;2m▀[38;2;209;3;5;48;2;149;1;2m-[38;2;186;2;2;48;2;166;1;2mE[0m[38;2;167;3;3m▌[0m [38;2;115;104;96m▀[38;2;93;76;73;48;2;118;114;112m=[38;2;137;134;126;48;2;111;109;110m-[38;2;86;75;73;48;2;108;113;116m=[0m[7m[38;2;77;91;98m▀[0m[38;2;64;82;78m~[38;2;55;51;42m▀[38;2;110;112;111m▀[38;2;104;104;105;48;2;63;66;69mm[0m[7m[38;2;101;107;109m▀[38;2;89;97;96m~[0m[38;2;84;104;109m▀[0m  [0m
             [38;2;57;53;36;48;2;96;102;92m▌[38;2;99;111;108;48;2;40;60;68m▀[0m[38;2;79;85;84m▀[38;2;91;95;93m▀[38;2;106;106;103m▀[38;2;123;143;146;48;2;66;76;86m=[0m[7m[38;2;78;71;62m~[0m[38;2;134;140;133;48;2;76;73;72m=[38;2;137;146;142;48;2;101;96;92m=[38;2;139;147;144;48;2;103;98;97m=[38;2;98;109;114;48;2;67;72;78mA[0m [38;2;126;3;6m'[7m[38;2;151;1;2m▌[0m[38;2;195;4;6;48;2;167;0;2m=[48;2;170;0;2m=[38;2;196;5;7;48;2;163;1;2m=[0m[38;2;124;3;4m▌ [38;2;93;1;1m▀[38;2;128;3;4m▀[38;2;67;2;4m'[7m[38;2;156;1;3m▀[0m[38;2;188;4;6;48;2;136;1;1m=[0m[38;2;169;1;2m▀▀[38;2;172;1;2m▀[38;2;173;1;2;48;2;92;1;2m▀[38;2;188;4;5;48;2;137;1;2m=[0m[7m[38;2;90;2;2m▀[38;2;159;1;4m▌[0m[38;2;144;7;11m'  [0m [38;2;101;100;93m▀[38;2;90;104;107m▀[7m[38;2;74;70;54m▀[38;2;99;99;96m▀[38;2;64;64;65m▀[0m  [38;2;40;40;38;48;2;103;100;95m▀[0m[38;2;75;97;104mp   [0m
              [7m[38;2;71;68;59m/[0m[38;2;88;77;73;48;2;114;119;118m=[38;2;88;77;74;48;2;112;121;123m=[38;2;47;55;59;48;2;96;108;113m▀[0m [7m[38;2;90;94;88m*[38;2;79;84;82mq[0m[38;2;42;47;47;48;2;93;95;94mp[0m[7m[38;2;94;99;101mm[0m[38;2;117;117;116m▀[38;2;91;94;93;48;2;46;53;56m+[0m  [7m[38;2;75;1;2m▌[38;2;121;2;3m*[0m[38;2;194;2;4m_[7m[38;2;100;1;2m▀[38;2;107;1;2m▀[38;2;149;1;2m▀[0m[38;2;197;4;3;48;2;122;1;2m_[38;2;171;2;3;48;2;76;2;2m▀[0m[38;2;120;2;4m▀[7m[38;2;77;65;50m▀[38;2;111;100;93m~[0m[38;2;103;81;72;48;2;124;115;107m=[38;2;103;82;74;48;2;115;111;107m=[0m[7m[38;2;108;109;111m▀[38;2;81;16;19mq[0m[38;2;185;4;4;48;2;140;2;3m_[0m        [38;2;110;113;108m▀[38;2;111;113;112m▀[38;2;111;112;113;48;2;60;64;70m▀[48;2;42;51;59m▀[0m[38;2;100;112;114m▀[38;2;42;76;105m'   [0m
            [7m[38;2;64;57;44m▀[38;2;111;109;103m▀[0m[38;2;78;75;79;48;2;111;108;106m_[38;2;81;78;82;48;2;112;109;108m_[38;2;81;74;76;48;2;111;110;108m-[38;2;81;75;76;48;2;104;111;110m-[0m[7m[38;2;40;47;49m][0m[38;2;109;111;109;48;2;67;68;65m*[0m[38;2;79;94;103m#[38;2;94;93;79m*[38;2;52;61;67m▀[7m[38;2;89;87;81m_[0m[38;2;51;68;81m▌[38;2;75;91;97m# [0m [38;2;156;1;2m▀[38;2;159;1;1m▀[38;2;160;1;1m▀[38;2;159;1;1m▀[38;2;150;1;2m▀[38;2;121;5;4m~  [7m[38;2;81;72;63m▌[0m[38;2;83;74;75;48;2;114;107;103m_[38;2;84;78;80;48;2;116;112;106m_[38;2;85;80;81;48;2;118;114;107m_[38;2;84;80;81;48;2;117;114;108m_[38;2;79;84;87;48;2;116;114;109m▀[0m[7m[38;2;100;45;47m\[0m                 [0m
         [7m[38;2;81;78;70m▀[38;2;107;106;101m▀[0m[38;2;141;140;131;48;2;96;93;87m_[38;2;141;140;133;48;2;108;108;110m_[38;2;140;142;134;48;2;109;109;111m_[38;2;140;142;133;48;2;110;110;112m_[38;2;139;142;135;48;2;109;111;114m_[38;2;111;120;125;48;2;59;70;78mF[0m[38;2;82;111;128m~[38;2;66;83;92m,                [0m [7m[38;2;77;85;84m▀[0m [38;2;115;114;110m▀[38;2;93;78;75;48;2;114;116;116m=[38;2;140;143;137;48;2;109;110;112m-[38;2;141;143;136m-[38;2;142;145;134;48;2;109;110;110m-[38;2;140;140;130;48;2;93;93;94m_[0m[7m[38;2;106;107;108m▀[38;2;84;84;83m▀[0m              [0m
     [7m[38;2;60;64;62m▀[0m[38;2;87;92;90mw[38;2;99;103;104;48;2;69;70;65mw[38;2;107;119;125;48;2;92;91;89m=[38;2;111;120;126;48;2;94;91;91m=[38;2;111;121;128;48;2;89;86;84m=[38;2;106;105;104;48;2;71;71;70m#[38;2;112;110;109;48;2;71;71;71m*[0m[38;2;108;103;105m▀[38;2;88;96;101m▀[38;2;52;74;86m~ [7m[38;2;62;50;27m▌[0m[38;2;96;93;88;48;2;114;113;106mE[0m[7m[38;2;96;97;95m▀[0m   [7m[38;2;63;64;65m▀[0m        [7m[38;2;78;63;62m▀[0m[38;2;50;52;53m,[0m [38;2;62;53;40;48;2;122;110;101m▀[38;2;112;107;103;48;2;75;100;112m▌[0m   [38;2;71;68;63m▀[38;2;100;98;96m▀[7m[38;2;91;89;84m_[0m[38;2;115;122;125;48;2;90;85;82m=[38;2;83;70;70;48;2;108;107;105m-[38;2;81;70;70;48;2;108;108;105m-[38;2;79;69;69;48;2;107;107;104m-[38;2;91;90;88;48;2;110;112;109mE[38;2;68;70;69;48;2;101;107;108m▀[0m[38;2;98;102;102mw[38;2;84;94;94mw[38;2;37;53;59me        [0m
            [7m[38;2;122;1;2m~[0m[38;2;191;4;5;48;2;142;1;1m_[0m[38;2;149;4;5m,  [0m [38;2;122;114;110;48;2;76;67;63m▀[38;2;121;117;120;48;2;90;82;84mE[0m[38;2;85;90;95m▌[7m[38;2;87;34;30mm[38;2;152;0;2m▀[38;2;150;4;6m~[0m[38;2;206;4;3;48;2;153;0;2m_[38;2;190;1;3;48;2;158;1;3mz[38;2;177;3;2;48;2;144;1;1mB[38;2;176;3;3;48;2;142;1;2mB[38;2;178;2;3;48;2;148;1;2mE[38;2;192;1;3;48;2;165;1;2mz[38;2;191;1;3;48;2;159;1;2mz[38;2;210;2;2;48;2;135;1;1m_[0m[7m[38;2;169;1;2m▀[38;2;107;2;3m▀[0m[38;2;103;86;70m▀[38;2;125;114;111m▀[38;2;85;96;105m▀  [0m [38;2;190;2;4;48;2;143;1;2m_[38;2;168;2;4;48;2;101;2;2mz[0m                  [0m
             [38;2;153;1;1;48;2;80;1;2m▀[48;2;165;3;4mE[38;2;130;1;2;48;2;167;3;3m▀[38;2;68;1;1m▀[0m[7m[38;2;168;3;3m▀[38;2;168;2;3m▀[0m[38;2;86;0;0;48;2;172;2;3m▀[38;2;150;1;4;48;2;163;2;3m'[38;2;175;2;1;48;2;125;1;2m~[0m[38;2;148;1;2m▀[38;2;110;3;4m▀[38;2;113;6;6m~[0m     [38;2;108;2;3m▀[38;2;165;1;2m▀[38;2;183;2;1;48;2;126;1;1m~[38;2;180;2;2;48;2;164;1;3m~[38;2;161;1;1;48;2;176;2;3mE[38;2;108;1;1;48;2;175;2;3m▀[0m[7m[38;2;172;2;3m▀[38;2;171;2;2m▀[0m[38;2;98;0;1;48;2;157;1;2m'[38;2;153;0;1;48;2;167;2;3m5[38;2;155;1;2;48;2;80;3;5m▀[0m[38;2;116;8;10m'                  [0m
               [38;2;121;1;2m▀[38;2;157;2;3m▀[38;2;159;1;2m▀[38;2;143;2;3m▀[7m[38;2;133;1;2m*[0m[38;2;75;1;2;48;2;157;0;2m▀[38;2;169;3;4;48;2;84;1;1mc[0m[38;2;123;4;5m'[7m[38;2;154;1;2m▀[0m[38;2;186;2;2;48;2;136;0;1mz[38;2;187;2;3;48;2;159;0;1mz[38;2;191;2;4;48;2;134;1;2m=[38;2;167;1;2;48;2;107;0;1mw[38;2;189;2;3;48;2;162;1;1mzz[38;2;191;2;6;48;2;123;1;2m=[0m[38;2;110;2;4m,[38;2;158;0;2;48;2;97;0;2m*[38;2;168;2;4;48;2;107;1;1mn[38;2;77;0;1;48;2;151;1;1m▀[38;2;140;2;3;48;2;94;2;4m▀[0m[38;2;160;1;3m▀[38;2;142;2;3m▀[38;2;141;1;3m▀[38;2;105;1;1m~                    [0m
                   [38;2;141;1;3m▀[38;2;133;2;3m▀[7m[38;2;158;1;2m▀[0m[38;2;140;0;3;48;2;173;1;2m'[38;2;152;0;1;48;2;186;2;2m=[38;2;155;1;2;48;2;188;2;2m=[38;2;157;0;1;48;2;191;2;2m=[38;2;157;1;1m===[38;2;155;1;1;48;2;189;2;2m=[38;2;153;0;2;48;2;186;2;3m=[38;2;151;0;1;48;2;170;2;3m=[0m[7m[38;2;92;2;3m\[0m[38;2;167;1;2m▀[38;2;137;2;4m▀[38;2;69;3;6m'                        [0m
                     [38;2;113;1;1m▀[38;2;165;1;2;48;2;82;1;2m▀[38;2;191;2;4;48;2;145;0;1m=[38;2;173;2;2;48;2;155;1;1m5[38;2;179;2;2;48;2;158;1;1mz[38;2;193;3;5;48;2;134;1;2m=[38;2;168;1;2;48;2;127;1;2m▀[38;2;180;2;3;48;2;159;1;2mz[38;2;179;2;2;48;2;156;1;2mz[38;2;193;2;4;48;2;141;1;1m=[0m[38;2;164;1;1m▀[38;2;93;2;3m▀                           [0m
