[0m                                                            [0m
                                        [7m[38;2;114;1;2m▀[38;2;110;1;2m'[0m[38;2;166;3;3m'              [0m   [0m
                                     [7m[38;2;112;1;1m▀[38;2;121;1;2m~[0m[38;2;159;4;3;48;2;119;1;1m_[0m[38;2;131;3;3m▀[0m                [38;2;115;2;3mz  [0m
                                    [38;2;79;0;0;48;2;136;1;2m5[38;2;133;0;1;48;2;155;1;2mz[38;2;109;0;0;48;2;144;1;2m_[0m[38;2;130;4;5m~       [0m [38;2;110;2;3m▌    [0m [7m[38;2;115;1;1m▀[38;2;149;1;2m▀[0m[38;2;100;0;1;48;2;147;1;2m▀[38;2;142;1;2;48;2;74;2;2m@[0m[38;2;142;1;2m  [0m
    [38;2;93;1;2m▌                            [0m [7m[38;2;120;1;2m~[0m[38;2;161;2;3;48;2;138;1;2mz[38;2;157;2;3;48;2;141;1;2m5[38;2;150;2;3;48;2;71;2;3m▀[0m[38;2;136;2;3m' [0m        [38;2;150;2;4;48;2;124;2;2mz[0m    [38;2;143;2;3;48;2;111;1;2mz[0m[38;2;142;2;2m▀[38;2;84;1;1m▀[0m    [0m
   [7m[38;2;79;0;1m▌[0m[38;2;131;2;3m▌                 [38;2;73;3;4m,     [0m [38;2;66;3;5m/  [0m [38;2;131;0;0;48;2;156;2;2m=[38;2;149;0;1;48;2;164;1;2m5[38;2;151;0;1;48;2;165;2;2m5[38;2;158;2;2;48;2;69;4;4m▌[0m[38;2;158;2;2m  [7m[38;2;80;1;3m▀[0m       [7m[38;2;124;1;2m▌[0m[38;2;148;0;1;48;2;160;2;3m5[0m[38;2;142;4;5m'   [7m[38;2;127;2;5m▌[0m      [0m
   [7m[38;2;105;0;1m▌[0m[38;2;112;2;3m▌              [0m [38;2;135;5;7m. [38;2;123;1;3m▌     [7m[38;2;90;0;1m▌[0m[38;2;103;3;4m▌  [0m [38;2;107;0;1;48;2;158;1;1m▌[38;2;180;1;2;48;2;152;0;1mz[38;2;182;1;3;48;2;155;0;1mz[38;2;194;0;2;48;2;154;1;2m=[0m[7m[38;2;139;1;1m`[0m[38;2;185;0;2;48;2;128;1;2m=[0m[38;2;151;1;1m'      [0m [38;2;162;2;4;48;2;130;1;2mz[0m[38;2;118;2;3m▀    [0m       [0m
   [7m[38;2;105;1;2m▌[0m[38;2;134;2;2m▌            [0m [38;2;71;0;1;48;2;151;2;3m▀[0m[38;2;138;2;3m▌  [38;2;114;3;6m"     [0m [38;2;126;0;0;48;2;163;2;2m=[0m[38;2;113;2;3m▌  [7m[38;2;143;1;3m▌[0m[38;2;166;0;1;48;2;181;2;3m5[38;2;168;0;2;48;2;183;2;3m5[38;2;171;0;2;48;2;186;2;2m5[38;2;162;0;1;48;2;185;2;2mz[38;2;142;0;0;48;2;176;2;3m=[0m[7m[38;2;142;2;3m▀[0m [7m[38;2;102;1;2m▀[0m[38;2;129;3;4my[0m   [7m[38;2;72;1;2mM[0m[38;2;156;1;2m' [7m[38;2;71;0;1m▀[0m[38;2;122;2;5m/         [0m
    [38;2;120;1;2m▀[7m[38;2;116;1;1m▀[0m            [38;2;154;2;2;48;2;117;0;1mt[38;2;182;4;4;48;2;140;0;1m=[0m[7m[38;2;116;2;1m▀[0m       [38;2;96;0;1;48;2;160;0;2m▀[38;2;196;3;5;48;2;156;0;1m=[38;2;197;3;4;48;2;137;0;1m=[0m[7m[38;2;172;1;1m▀[38;2;168;1;1m▀[38;2;152;1;0m'[0m[38;2;210;3;3;48;2;169;0;1m=[38;2;211;3;3;48;2;171;0;1m=[48;2;170;0;1m=[38;2;209;3;3;48;2;168;0;1m=[38;2;182;2;3;48;2;156;1;1mz[38;2;99;0;1;48;2;151;1;2m[[38;2;197;3;2;48;2;147;0;1m=[38;2;180;4;5;48;2;121;0;1m=[0m[38;2;152;1;2m▌  [0m    [38;2;116;2;3;48;2;63;1;1mP[0m[38;2;116;2;3m [38;2;82;3;3mq        [0m
     [38;2;113;2;2m~[0m [7m[38;2;81;2;3m▀[0m      [7m[38;2;85;2;3m▀[0m    [38;2;103;0;1;48;2;149;1;3my[38;2;148;0;2;48;2;172;2;3mz[0m[38;2;111;5;6m▌  [0m [38;2;88;1;2;48;2;159;2;2m▀[0m[7m[38;2;173;2;3m▀[0m[38;2;143;0;0;48;2;182;2;3m=[38;2;164;0;1;48;2;189;2;2mz[38;2;168;0;1;48;2;193;2;2mz[38;2;170;0;1;48;2;196;2;3mz[38;2;174;0;1;48;2;199;2;3mz[38;2;175;0;2;48;2;200;2;3mz[38;2;175;0;1;48;2;201;2;3mz[38;2;176;0;1;48;2;202;2;3mz[38;2;177;0;1;48;2;203;2;3mz[38;2;175;0;1;48;2;200;2;3mz[38;2;172;0;1;48;2;197;2;3mz[38;2;167;0;1;48;2;191;2;3mz[38;2;146;0;0;48;2;177;2;4m=[0m[38;2;175;6;8m~[0m [38;2;165;2;4m▌  [7m[38;2;68;0;2m▌[0m[38;2;152;2;3m▌[0m  [38;2;95;9;9m` [7m[38;2;131;2;3m▌[0m[38;2;125;2;1m,   [0m    [0m
       [38;2;87;1;2;48;2;106;1;3mn[0m[7m[38;2;97;1;2m▀[0m     [38;2;91;1;2m▀[38;2;139;1;3;48;2;71;2;3mq[0m[38;2;139;1;3m   [0m [38;2;166;2;3;48;2;131;0;1mt[38;2;156;1;1;48;2;105;2;2m▌[0m   [38;2;189;3;5;48;2;149;0;1m=[38;2;205;3;2;48;2;161;0;1m=[38;2;210;3;3;48;2;166;0;1m=[38;2;216;4;4;48;2;169;1;1m=[38;2;218;4;4;48;2;173;0;1m=[38;2;222;2;4;48;2;176;0;1m=[38;2;224;3;6;48;2;177;0;2m=[48;2;178;0;1m=[38;2;224;4;6m=[38;2;224;3;4m=[38;2;222;2;3m=[38;2;222;3;3;48;2;176;0;1m=[38;2;217;4;4;48;2;171;0;1m=[38;2;171;2;2;48;2;95;1;2m▀[0m[38;2;147;5;4m'[7m[38;2;127;2;4m▀[0m [38;2;120;3;4m▌  [7m[38;2;138;1;1m▌[0m[38;2;192;3;3;48;2;146;0;1m=[38;2;191;2;3m=[0m[38;2;78;3;3m▌  [7m[38;2;119;0;2m▌[0m[38;2;187;3;5;48;2;133;1;1m=[0m[38;2;74;3;3m▌  [38;2;65;0;1;48;2;140;1;2m▌[0m   [0m
        [38;2;160;2;2;48;2;113;1;1m~[0m[38;2;152;2;3m▌[0m          [38;2;159;1;4m▀[38;2;144;0;0;48;2;176;1;3m=[38;2;197;2;6;48;2;145;2;3m-[0m[7m[38;2;90;1;2m▌[0m [38;2;83;0;1;48;2;183;1;2m▌[38;2;158;0;0;48;2;197;2;3m=[38;2;162;0;0;48;2;202;2;3m=[38;2;164;0;0;48;2;204;2;2m=[38;2;167;0;0;48;2;206;2;3m=[38;2;168;0;0;48;2;207;2;3m=[48;2;208;2;3m=[38;2;169;0;0;48;2;206;2;3m=[38;2;168;0;0;48;2;207;2;2m==[38;2;166;0;0;48;2;206;2;2m=[38;2;165;0;0;48;2;204;2;3m=[38;2;191;2;3;48;2;160;3;3m▀[38;2;107;2;3;48;2;171;1;2m▀[38;2;158;0;0;48;2;195;2;3m=[38;2;187;3;5;48;2;111;4;4mF[0m   [7m[38;2;177;1;2m▀[0m[38;2;196;1;3;48;2;162;1;2m_[38;2;142;0;0;48;2;181;2;3m=[38;2;140;0;0;48;2;169;2;3m=[0m[38;2;99;3;4m▌ [0m [38;2;132;1;4;48;2;156;1;2m"[38;2;137;0;0;48;2;173;2;3m=[0m[38;2;96;5;6m▌  [7m[38;2;76;0;2m▌[0m[38;2;181;3;5;48;2;131;2;4m-[0m  [0m
     [38;2;90;2;2m,[0m [38;2;72;0;1m,[0m [38;2;139;1;1m▀[38;2;181;4;4;48;2;125;0;1m=[38;2;78;1;1;48;2;155;1;2m▀[0m      [38;2;102;2;2mw[0m [7m[38;2;148;1;2m▀[0m[38;2;97;0;0;48;2;169;1;1m'[38;2;173;4;4;48;2;139;0;2m=[0m[7m[38;2;123;1;2mw[38;2;177;0;2m▀[0m[38;2;215;3;5;48;2;171;0;1m=[38;2;217;3;5;48;2;175;0;1m=[38;2;221;4;3;48;2;178;0;1m=[38;2;223;4;5;48;2;181;0;1m==[38;2;226;4;6;48;2;183;0;2m=[38;2;226;5;6;48;2;177;0;1m=[38;2;105;3;3;48;2;171;0;1m▌[38;2;223;4;5;48;2;179;0;1m=[38;2;221;4;4;48;2;178;0;1m=[38;2;220;4;6;48;2;177;0;1m=[38;2;221;4;5;48;2;176;0;1m=[0m[7m[38;2;159;2;3m![0m[38;2;218;4;3;48;2;173;0;1m=[38;2;167;0;1;48;2;181;1;2m~[0m[7m[38;2;182;1;2m▀[38;2;178;1;2m▀[38;2;161;1;2m~[0m[38;2;212;4;4;48;2;164;0;2m=[38;2;210;5;5;48;2;166;0;1m=[38;2;204;4;3;48;2;163;0;1m=[38;2;165;1;2;48;2;85;2;2m▌[0m  [7m[38;2;93;0;1m▀[0m[38;2;98;0;0;48;2;144;1;2m~[38;2;157;1;1;48;2;86;2;2m▀[0m[38;2;96;2;3m▀[0m    [38;2;71;0;0;48;2;164;0;2m▌[0m[38;2;126;3;4m▌ [0m
     [38;2;135;2;4;48;2;152;1;2m▀[0m[7m[38;2;81;2;2m▀[38;2;126;2;4m▌[38;2;157;2;3m▀[0m[38;2;82;5;5m,[0m [38;2;131;0;2;48;2;159;1;3mn[38;2;162;2;3;48;2;91;2;3m▌[0m   [7m[38;2;74;0;0m▌[0m[38;2;114;2;2m▌ [7m[38;2;147;1;3m'[0m[38;2;157;0;0;48;2;190;2;3m=[38;2;164;0;0;48;2;194;2;3m=[38;2;166;0;0;48;2;196;2;4m=[38;2;167;0;0;48;2;197;2;4m=[48;2;198;2;4m=[38;2;168;0;0;48;2;197;2;4m=[38;2;167;0;0;48;2;198;2;4m=[48;2;198;2;3m=[38;2;169;0;0;48;2;199;2;3m=[38;2;200;3;3;48;2;154;2;3mF[0m[38;2;185;3;4m▀[38;2;79;3;3;48;2;159;2;2m▀[38;2;85;1;2;48;2;188;1;3m▌[38;2;187;3;4;48;2;119;1;2mP[0m[38;2;179;3;4m▀[7m[38;2;164;2;4mw[0m[38;2;76;1;1;48;2;168;3;3m*[38;2;130;5;6;48;2;84;1;3m▌[38;2;164;0;0;48;2;195;2;3m=[38;2;168;0;0;48;2;198;2;3m==[38;2;166;0;0;48;2;196;2;3m=[38;2;164;0;0;48;2;191;3;3m=[0m[38;2;114;2;3m▀[38;2;153;0;0;48;2;184;2;3m=[38;2;157;0;0;48;2;188;2;2m=[38;2;177;3;3;48;2;104;2;3m▌[0m [7m[38;2;148;3;5m▀[0m[38;2;106;6;5m~[0m  [38;2;186;3;5;48;2;129;1;2m_[0m[38;2;139;4;5m▌   [7m[38;2;99;0;2m▌[0m[38;2;182;0;2;48;2;105;3;3m▌[0m[38;2;182;0;2m [0m
    [7m[38;2;124;1;1m▌[0m[38;2;181;2;2;48;2;149;0;1m=[38;2;183;2;1;48;2;147;0;1m=[38;2;162;1;2;48;2;99;0;0mw[38;2;151;0;1;48;2;109;1;1mM[0m[38;2;155;1;2m▌ [7m[38;2;163;0;1m▌[0m[38;2;191;2;3;48;2;160;0;1m=[0m[38;2;135;3;4m▌ [38;2;125;2;6m\[7m[38;2;83;0;0mQ[0m[38;2;187;1;2;48;2;158;0;2m=[0m[7m[38;2;159;1;3m▀[38;2;139;1;2m▌[0m[38;2;207;2;1;48;2;175;0;1m=[38;2;211;3;3;48;2;179;0;1m=[38;2;213;2;2;48;2;180;1;1m=[38;2;215;2;4;48;2;176;0;2m=[48;2;180;0;1m=[38;2;191;3;3;48;2;150;1;2m=[38;2;207;2;2;48;2;162;0;2m=[38;2;213;2;2;48;2;180;1;2m=[38;2;157;3;4;48;2;75;2;2m▌[0m[7m[38;2;174;1;2m▀[0m[38;2;215;3;4;48;2;178;1;1m=[38;2;215;2;3;48;2;179;1;2m=[38;2;60;0;1;48;2;107;4;4mL[0m[7m[38;2;184;0;2m▀[0m[38;2;216;3;4;48;2;178;0;1m=[38;2;215;2;3;48;2;184;0;1m=[38;2;215;2;4;48;2;178;1;2m=[38;2;59;1;1;48;2;154;2;4mI[38;2;215;3;3;48;2;183;0;2m=[38;2;216;3;3;48;2;184;0;2m=[38;2;217;2;3;48;2;184;1;1m=[38;2;214;3;3;48;2;169;2;2m=[0m[38;2;107;2;1m▀[0m [38;2;81;0;1;48;2;181;0;2m▌[38;2;209;2;3;48;2;174;0;2m=[38;2;207;2;3;48;2;172;1;2m=[38;2;143;2;3;48;2;82;1;2m▌[0m[7m[38;2;135;1;1m,[38;2;129;2;2m▀[38;2;110;1;3m▌[0m[38;2;130;5;3m,[38;2;186;1;3;48;2;156;0;2m=[38;2;187;2;3;48;2;140;2;2m=[0m   [7m[38;2;124;1;3m▀[0m[38;2;132;2;1m▀ [0m
[38;2;87;2;2m▌   [38;2;81;0;2m▀[38;2;146;2;3m▀[38;2;184;3;5;48;2;145;2;2m-[0m[38;2;164;2;3m▀[38;2;110;7;7m'[38;2;105;2;4mR[0m [7m[38;2;107;1;3m▌[0m[38;2;177;2;3;48;2;154;3;3mE[0m[38;2;144;5;6m' [0m [38;2;123;0;1;48;2;160;2;3mn[38;2;201;3;4;48;2;171;1;2m_[38;2;207;3;4;48;2;178;2;2m_[38;2;188;2;3;48;2;146;2;3mb[38;2;173;2;3;48;2;134;2;3m"[38;2;215;4;1;48;2;185;1;2m-[38;2;220;4;3;48;2;187;1;2m-[0m[38;2;120;4;3m▌[38;2;149;2;4m▀[38;2;164;5;6;48;2;74;1;3mQ[0m[7m[38;2;103;2;3m^[0m[38;2;210;3;4;48;2;168;2;3m-[38;2;81;1;2;48;2;165;2;3mI[38;2;221;2;4;48;2;192;2;2m_[38;2;222;2;5;48;2;195;1;3m_[38;2;222;3;6;48;2;193;2;3m_[38;2;100;2;2;48;2;178;2;3m▀[38;2;223;3;2;48;2;194;1;2m-[38;2;224;3;2;48;2;192;1;2m-[38;2;221;3;4;48;2;189;2;2m-[38;2;159;6;7;48;2;82;2;2mF[38;2;216;2;4;48;2;167;1;2m_[38;2;202;3;4;48;2;180;2;3mE[38;2;200;2;2;48;2;157;1;2m▀[38;2;223;3;4;48;2;193;1;2m-[48;2;185;2;3m-[38;2;224;4;4;48;2;176;1;2m-[38;2;222;3;4;48;2;183;2;2m-[38;2;134;1;1;48;2;173;1;2m7[38;2;215;3;3;48;2;186;2;2m_[38;2;217;3;4;48;2;184;2;2m-[38;2;212;2;3;48;2;181;2;3m_[0m[38;2;134;3;4m▌[38;2;95;0;1;48;2;174;2;2m▌[0m[38;2;147;3;4m▌[38;2;139;2;3m▀[38;2;195;2;7;48;2;162;1;2m_[38;2;175;2;3;48;2;152;3;3mE[0m      [0m
      [38;2;65;0;2m▀[0m  [7m[38;2;82;73;59m▀[38;2;54;53;57m▀[38;2;85;82;71m▀[0m[38;2;156;1;3m`[7m[38;2;59;50;35m▌[38;2;122;109;106m▀[38;2;81;78;83m▀[0m[38;2;78;0;0;48;2;141;0;2m_[38;2;161;0;1;48;2;180;1;2mE[38;2;166;0;1;48;2;185;1;2mE[38;2;171;0;1;48;2;190;1;2mE[38;2;164;1;1;48;2;191;1;2m▀[38;2;139;0;1;48;2;181;1;1m▀[38;2;158;0;0;48;2;188;1;2m_[38;2;81;1;2;48;2;173;1;3m▀[0m  [38;2;107;0;1;48;2;164;0;3m'[38;2;171;1;1;48;2;194;1;3mE[38;2;175;0;1;48;2;198;1;2mE[38;2;165;0;1;48;2;198;1;3m_[38;2;168;0;2;48;2;199;0;1m_[38;2;167;0;2;48;2;199;1;2m_[38;2;166;0;2;48;2;198;1;2m_[38;2;164;0;2;48;2;195;1;2m_[38;2;162;0;2;48;2;192;1;2m_[38;2;95;2;1;48;2;143;2;3mj[38;2;167;2;4;48;2;115;1;2mp[0m[7m[38;2;108;2;2m,[0m[38;2;68;0;1;48;2;195;1;3m▀[38;2;174;1;2;48;2;202;1;2mE[38;2;169;0;0;48;2;199;1;2m_[48;2;198;1;2m_[38;2;167;0;0m_[38;2;163;0;0;48;2;195;1;2m_[38;2;158;0;0;48;2;190;1;2m_[38;2;152;0;0;48;2;186;1;2m_[38;2;149;0;0;48;2;183;1;1m_[38;2;148;0;0;48;2;181;1;1m_[0m[38;2;172;1;2m▌[7m[38;2;150;0;2m▌[0m[38;2;162;2;3;48;2;107;1;2m#[0m[38;2;162;2;3m [38;2;92;0;1;48;2;164;1;2m▌[38;2;168;1;2;48;2;148;2;2mg[0m      [0m
    [38;2;127;1;4m,  [0m [7m[38;2;100;99;93m▀[0m[38;2;92;82;77;48;2;115;117;115m=[38;2;92;82;76;48;2;117;117;118m=[38;2;94;81;76;48;2;118;118;117m=[38;2;126;131;133;48;2;81;81;83m-[0m[7m[38;2;109;103;93m'[0m[38;2;98;84;78;48;2;124;120;119m=[38;2;101;84;76;48;2;124;119;120m=[38;2;43;53;79;48;2;85;24;30m,[38;2;182;1;3;48;2;169;1;2m▀[38;2;183;6;8;48;2;127;2;3m-[38;2;190;2;3;48;2;177;1;2m▀[38;2;194;3;3;48;2;148;3;4mF[38;2;192;1;2;48;2;122;0;1m▀[38;2;199;2;3;48;2;185;1;3m▀[38;2;203;1;3;48;2;188;1;3mz[38;2;203;2;3;48;2;188;2;3mz[38;2;183;3;4;48;2;94;2;2m▌[38;2;207;3;5;48;2;182;1;3m_[38;2;204;1;2;48;2;190;2;2mz[38;2;201;2;2;48;2;186;1;2m▀[38;2;204;2;2;48;2;192;1;1mE[38;2;201;2;4;48;2;116;2;3m▀[38;2;140;2;3;48;2;180;2;3mM[38;2;208;1;3;48;2;194;1;2mz[38;2;209;1;2;48;2;195;1;2mz[38;2;225;4;6;48;2;153;2;3m-[0m[38;2;90;3;4m▀[7m[38;2;166;1;2m▀[0m[38;2;229;3;5;48;2;183;1;2m-[38;2;207;2;3;48;2;195;1;1mE[48;2;195;1;2mE[48;2;195;1;1mE[38;2;206;2;3;48;2;197;1;1mE[38;2;210;0;3;48;2;190;2;3mz[0m[38;2;197;2;3m▀[38;2;131;3;4m▀[38;2;151;5;4m~[38;2;118;2;2m▀[38;2;208;5;8;48;2;142;1;2m-[0m[38;2;169;3;4m▌[38;2;89;0;1;48;2;135;3;3m▌[0m[38;2;146;4;4m'[7m[38;2;148;1;2m▀[0m[38;2;209;3;7;48;2;132;2;3m-[0m[38;2;110;4;5m▀[7m[38;2;85;1;2m▀[0m     [0m
    [7m[38;2;133;2;4m▌[0m  [38;2;99;99;78;48;2;44;46;44m![0m[38;2;72;79;86m▀[38;2;52;63;78m~[0m [38;2;51;54;57m~[7m[38;2;68;64;59mw[38;2;93;92;87mm[38;2;82;81;78m-[0m[38;2;70;70;74;48;2;99;92;92mm[38;2;61;83;108;48;2;66;7;10m'[38;2;131;0;0;48;2;170;1;2m_[0m[38;2;106;3;5m▌[38;2;115;0;1;48;2;170;1;3m_[0m[38;2;172;2;3m▌[38;2;110;0;1;48;2;182;1;3m▌[38;2;154;0;0;48;2;189;1;3m_[38;2;158;0;0;48;2;192;1;2m_[48;2;193;1;2m_[38;2;157;0;0;48;2;192;1;3m_[38;2;155;0;0m_[38;2;191;1;3;48;2;167;2;3mg[38;2;67;1;2;48;2;181;1;2m▌[38;2;152;0;0;48;2;187;2;3m_[0m[7m[38;2;64;1;2md[0m[38;2;153;0;0;48;2;188;1;4m_[38;2;159;0;1;48;2;194;1;2m_[38;2;160;0;0;48;2;196;1;2m_[38;2;185;2;4;48;2;92;1;1m▌[0m[7m[38;2;104;0;2m▌[0m[38;2;143;0;0;48;2;193;1;2m_[38;2;159;0;0;48;2;197;1;2m__[38;2;158;0;0;48;2;196;1;2m_[38;2;162;0;0m_[0m[38;2;196;1;3m▀[38;2;143;6;7m'    [7m[38;2;104;0;2m▌[0m[38;2;141;3;3;48;2;173;1;3m▀[0m [7m[38;2;155;1;3m'[0m[38;2;113;2;3m▀[7m[38;2;159;0;2m▀[0m[38;2;128;0;1;48;2;188;1;2m~[0m[38;2;123;1;3m▀     [0m
    [7m[38;2;70;0;1m▌[0m[38;2;79;1;2;48;2;131;3;4m`[0m [7m[38;2;43;46;33m▌[0m [7m[38;2;83;82;75m~[38;2;89;92;100m▀[38;2;99;94;79m▌[0m[38;2;112;117;117;48;2;76;80;87mF[38;2;97;105;105;48;2;68;76;82mE[0m[7m[38;2;77;76;73m▀[0m[38;2;136;143;142;48;2;62;66;68m_[0m [38;2;137;1;3m▀[38;2;119;4;6m▌[7m[38;2;168;1;2m▌[0m[38;2;197;5;5;48;2;145;1;2m_[38;2;188;2;3;48;2;173;0;1mE[38;2;195;2;3;48;2;178;0;2mE[48;2;157;1;3mP[38;2;196;2;4;48;2;178;0;2mE[38;2;200;2;3;48;2;181;0;1mE[38;2;197;3;3;48;2;179;1;1mE[38;2;195;8;10;48;2;139;2;3m_[0m [38;2;188;2;2;48;2;164;2;2m{[0m[38;2;94;3;3m▌[38;2;190;2;3;48;2;140;1;3m▀[38;2;199;3;3;48;2;182;1;1mE[38;2;201;2;4mE[38;2;202;2;4;48;2;185;1;2mE[38;2;206;2;3;48;2;183;1;2mz[38;2;201;2;2;48;2;184;0;1mE[38;2;200;2;2;48;2;181;0;1mE[38;2;197;2;3;48;2;177;0;1mE[38;2;188;1;2;48;2;146;2;3m=[0m[38;2;110;4;5m▀      [7m[38;2;95;0;1m▌[0m[38;2;182;2;3;48;2;167;0;1mE[38;2;199;5;5;48;2;119;1;2m_[38;2;175;2;3;48;2;153;1;2mE[0m[7m[38;2;82;0;2mT[0m[38;2;183;2;3;48;2;169;0;1mE[0m[38;2;121;5;6m▌      [0m
[7m[38;2;70;1;1m▌[38;2;82;4;4mF[38;2;81;1;2mP[0m[38;2;145;1;2;48;2;170;1;3m▀[0m [38;2;118;0;1;48;2;144;2;4m6[0m  [38;2;78;76;73mh[7m[38;2;107;105;104m▀[38;2;84;87;87mm[0m[38;2;44;37;26;48;2;74;88;88m▌[38;2;76;86;84;48;2;56;57;56mg[0m[38;2;37;64;96m'[38;2;104;0;2m-[38;2;56;21;15m/[38;2;98;99;87m▌  [7m[38;2;123;1;3m▌[0m[38;2;175;1;1;48;2;134;1;3m▀[38;2;197;1;1;48;2;134;1;2m~[38;2;183;0;2;48;2;88;1;2m▀[0m[7m[38;2;145;1;3m/[0m[38;2;154;0;2;48;2;194;1;3m_[38;2;186;2;4;48;2;108;3;3m▌[38;2;78;0;1;48;2;190;1;3m▌[38;2;158;0;0;48;2;189;2;3m_[0m[38;2;82;2;3m,[38;2;91;0;0m~[38;2;185;1;1;48;2;136;1;2m\[0m[7m[38;2;107;1;2m\[0m[38;2;188;1;2;48;2;118;0;1m▀[38;2;152;0;0;48;2;190;1;2m_[38;2;183;0;2;48;2;197;1;3mE[38;2;209;1;2;48;2;187;1;2m"[38;2;148;0;0;48;2;191;1;2m_[38;2;184;1;2;48;2;106;2;3m▀[0m[38;2;130;2;3m▀[0m [38;2;94;3;4my      [7m[38;2;175;1;2m▌[0m[38;2;169;0;1;48;2;189;1;3mz[38;2;166;1;2;48;2;114;3;4m▀[38;2;177;1;2;48;2;183;1;3m5[0m[38;2;116;3;5mn[38;2;100;0;0;48;2;160;1;2m_[0m[38;2;79;5;5m▌      [0m
 [7m[38;2;82;1;1m▌[0m[38;2;175;2;2;48;2;139;1;1mz[38;2;176;2;2;48;2;161;1;1m5[38;2;176;2;3;48;2;162;1;1m5[38;2;180;2;4;48;2;158;1;2mz[0m[7m[38;2;126;2;3m▀[0m  [38;2;78;81;76m~[38;2;86;102;105m▀[7m[38;2;89;99;86m▌[0m[38;2;77;89;91;48;2;54;59;59mj[0m[38;2;127;134;125m_[7m[38;2;72;28;30mw[0m[38;2;113;125;114m_[38;2;53;37;31;48;2;83;89;86m,[0m[38;2;40;59;69m▌ [0m  [38;2;114;4;7mi[7m[38;2;107;1;1m*[0m[38;2;165;3;4m▀[7m[38;2;146;2;2mm[38;2;177;1;2m▀[0m[38;2;201;2;3;48;2;176;1;2mz[38;2;198;2;3;48;2;183;1;2m5[38;2;211;6;7;48;2;168;1;2m_[0m[7m[38;2;183;0;2m▀[38;2;87;0;2m▀[0m[38;2;123;3;2m~[38;2;61;1;2m▀[38;2;95;2;2m▀[38;2;142;3;4m▀[38;2;110;2;2m▀[0m  [38;2;102;3;3m▀[38;2;80;2;2m▀[38;2;140;5;4m'     [7m[38;2;104;1;2m▀[0m[38;2;188;2;4;48;2;166;1;2mz[38;2;172;3;4;48;2;99;2;3m▀[38;2;199;5;5;48;2;131;1;2m_[38;2;189;2;3;48;2;163;1;1mz[38;2;178;3;4;48;2;120;3;3mz[0m[7m[38;2;127;1;2m▌[0m[38;2;100;5;6m▌      [0m
  [38;2;176;2;2;48;2;123;0;1m~[38;2;162;0;1;48;2;176;1;2m5[38;2;161;0;2m5[38;2;165;1;2;48;2;123;3;3m7[0m[38;2;97;4;4m'[0m [38;2;59;57;59m,[7m[38;2;50;46;34m▌[0m[38;2;63;77;86me[7m[38;2;58;55;37m▌[38;2;82;86;85mm[38;2;72;76;75m,[38;2;59;60;60m_[38;2;73;75;70m_[0m[38;2;76;74;64;48;2;112;116;109m_[0m[38;2;47;74;97m▌[7m[38;2;92;84;58m▌[0m[38;2;104;103;97;48;2;93;107;112mF[0m [7m[38;2;134;2;3m▀[0m[38;2;162;1;2m▀[7m[38;2;160;1;3me[0m[38;2;179;0;1;48;2;195;1;2m5[38;2;183;0;1;48;2;198;1;2m5[38;2;187;0;1;48;2;202;1;2m5[38;2;189;0;2;48;2;204;2;3m5[38;2;190;0;1;48;2;204;1;2m5[38;2;180;0;1;48;2;203;1;3mz[38;2;179;0;1;48;2;201;1;2mz[38;2;177;1;2;48;2;125;1;2m▀[0m[7m[38;2;95;2;3m![0m[38;2;129;3;4m▌[7m[38;2;133;1;3m▀[38;2;111;1;2m▀[0m        [7m[38;2;89;0;1m▀[38;2;177;1;3m▀[0m[38;2;174;1;2;48;2;120;2;3m▀[38;2;76;0;2;48;2;157;2;4mx[38;2;130;0;1;48;2;188;1;3m5[38;2;193;2;4;48;2;180;1;2m~[38;2;175;0;2;48;2;190;1;2m5[0m[38;2;174;2;3m▌[0m [38;2;100;9;9m'      [0m
  [38;2;72;1;2m▀[38;2;161;1;2;48;2;130;1;2m\[38;2;167;2;2;48;2;136;1;2m5[0m[38;2;77;4;4m▌[0m [38;2;115;102;90;48;2;66;59;54m▀[38;2;140;145;145;48;2;109;102;107m_[38;2;116;113;113;48;2;63;60;65mz[0m[7m[38;2;94;89;90m▀[0m[38;2;61;68;74m_[38;2;86;84;84m▀[38;2;102;102;102m▀[38;2;84;86;89m▀[38;2;92;100;103m▀[0m  [38;2;124;127;107m_[38;2;111;128;139m_[0m   [38;2;115;2;3m▀[38;2;117;2;1m~[38;2;92;0;1;48;2;176;1;2m▌[38;2;196;2;3;48;2;177;1;2m5[38;2;201;2;2;48;2;184;1;2m5[38;2;204;2;3;48;2;186;1;2m5[38;2;193;3;4;48;2;146;2;2mc[0m[7m[38;2;124;2;3m*[0m[38;2;183;2;3m▀[38;2;203;4;4;48;2;153;1;2m_[38;2;95;2;4;48;2;158;2;2m▀[0m[38;2;135;3;4mr[38;2;135;2;3;48;2;75;1;2mG[0m[7m[38;2;143;1;1m-[0m[38;2;180;2;4;48;2;120;1;3m=[0m[7m[38;2;126;2;3m~[38;2;113;2;2m~[38;2;98;1;1m~[38;2;101;1;2m~[38;2;106;1;1m~[0m[38;2;126;2;3;48;2;138;2;2m}[38;2;193;5;6;48;2;133;2;2m_[38;2;196;5;7;48;2;125;1;1m_[38;2;190;2;3;48;2;139;1;2mz[38;2;184;2;3;48;2;110;3;4m▀[0m[38;2;144;4;5m▀[38;2;168;1;2;48;2;123;1;1mj[38;2;179;1;2;48;2;157;2;3m'[0m[38;2;151;4;4m' [7m[38;2;99;90;86m▌[0m[38;2;113;112;112;48;2;65;64;68mz[0m     [0m
 [7m[38;2;86;2;2m▀[0m  [38;2;110;2;3m▀[0m [7m[38;2;65;55;37m▌[0m[38;2;76;71;68;48;2;102;98;96mj[38;2;55;49;46;48;2;114;113;112m▀[0m[38;2;85;83;83mm[38;2;90;89;85;48;2;57;56;54mG[38;2;50;49;51;48;2;105;101;96mm[38;2;43;36;28;48;2;100;97;92m_[38;2;104;99;94;48;2;118;117;115mE[38;2;100;96;91;48;2;117;118;116mE[38;2;101;98;93;48;2;117;119;117mE[38;2;103;100;97;48;2;116;118;119mE[38;2;102;99;100;48;2;115;117;120mE[38;2;103;99;101;48;2;111;116;121mE[38;2;120;120;118;48;2;67;78;91m~[0m[38;2;33;51;79m'[7m[38;2;82;76;59m▀[0m[38;2;87;96;98m▌[7m[38;2;91;2;5m▌[0m[38;2;159;4;4m'[7m[38;2;86;2;4mw[38;2;81;2;4mq[0m[38;2;171;0;2;48;2;197;3;4mz[38;2;179;0;1;48;2;203;2;3mz[38;2;181;0;1;48;2;201;2;2mz[38;2;142;1;1;48;2;199;2;2m▀[0m[7m[38;2;187;3;3m▀[0m[38;2;124;1;3m~[38;2;171;1;2m▀[38;2;122;0;1;48;2;173;1;2m,[38;2;92;1;1;48;2;186;2;3m▀[0m[7m[38;2;132;2;3m*[38;2;119;2;3mw[0m[38;2;165;1;3m▀[38;2;173;1;2;48;2;90;1;1m▀[38;2;172;1;2;48;2;125;1;1m▀[38;2;170;2;2;48;2;128;1;1m▀[38;2;171;1;2;48;2;91;1;0m▀[0m[38;2;173;1;2m▀[38;2;174;2;2m▀[38;2;155;2;3m▀[38;2;139;6;6m'[7m[38;2;162;2;4m▀[0m[38;2;146;0;0;48;2;170;2;4m=[0m[38;2;166;1;3m▀[38;2;134;6;8m' [7m[38;2;91;88;82m▌[38;2;106;109;109m▀[0m[38;2;77;67;52m~[38;2;120;123;122;48;2;83;81;75m~[0m[7m[38;2;95;103;105m▀[0m   [0m
  [7m[38;2;112;1;2m▀[0m   [7m[38;2;106;2;2m▌[0m[38;2;82;4;4m,[38;2;57;55;53m▀[38;2;94;93;92m▀[38;2;90;88;88mm[38;2;102;101;100;48;2;64;65;62mw[38;2;109;116;120;48;2;57;59;62mz[38;2;78;79;80;48;2;46;52;56mw[0m[38;2;66;71;73mW[38;2;53;64;73mF[38;2;56;69;80m~[0m  [38;2;112;115;101m_[0m [38;2;109;109;102;48;2;52;47;40m▀[0m[38;2;93;99;103m▌  [38;2;119;0;1m▀[38;2;126;6;6m'[38;2;204;2;2;48;2;170;1;2m=[38;2;214;1;2;48;2;178;1;2m=[38;2;214;1;4;48;2;179;1;2m=[38;2;215;1;4m=[38;2;214;1;2;48;2;176;1;2m=[38;2;210;2;1;48;2;157;1;2m=[0m[7m[38;2;174;1;2m▀[0m[38;2;143;4;4m,[38;2;138;1;2m▀[38;2;195;2;3;48;2;150;0;1m=[38;2;203;2;2;48;2;159;1;2m=[38;2;180;4;3;48;2;105;0;1mz[0m[7m[38;2;162;1;2m▀[38;2;123;1;2m▀[38;2;85;1;1m▀[38;2;67;0;0m▀[38;2;154;1;3m▀[38;2;165;1;1m▀[0m[38;2;178;2;2;48;2;116;0;1mz[0m[38;2;163;1;1m▀[38;2;131;2;3m▀[0m [7m[38;2;90;80;67m~[0m[38;2;124;122;118;48;2;94;89;86mz[0m[7m[38;2;74;78;84m▀[0m [38;2;73;73;63m▀[38;2;116;122;116;48;2;68;73;75mz[0m[38;2;63;77;89m_[38;2;100;100;93m▀[38;2;95;98;104;48;2;39;47;59m▌[0m  [0m
  [38;2;129;1;2m▀[38;2;108;2;4m▌  [0m [38;2;68;2;3m▌          [7m[38;2;107;106;85m▌[0m[38;2;102;103;98;48;2;118;122;116m5[38;2;92;91;90;48;2;107;113;113mE[0m[38;2;39;50;60me[38;2;95;90;68;48;2;120;117;101mn[38;2;93;90;84;48;2;116;116;111mE[0m[38;2;73;81;85m▌[0m [7m[38;2;140;1;3m~[0m[38;2;154;0;0;48;2;188;2;4m=[38;2;130;0;1;48;2;178;2;3mj[38;2;178;0;3;48;2;200;2;3mz[38;2;179;0;3;48;2;201;2;3mz[38;2;161;0;0;48;2;195;2;4m=[38;2;184;1;2;48;2;98;2;1m▀[0m[38;2;181;1;2m▀[38;2;140;0;1;48;2;177;2;2m_[0m[38;2;131;3;3m▌[0m [38;2;156;1;2m▀[38;2;194;2;3;48;2;145;1;2m~[38;2;168;0;1;48;2;191;2;3mz[38;2;169;0;1;48;2;193;2;3mz[38;2;168;0;1;48;2;191;2;3mz[38;2;167;0;1;48;2;190;2;3mz[38;2;165;0;1;48;2;187;2;3mz[38;2;148;0;0;48;2;183;2;4m=[0m[38;2;103;4;4m▌[38;2;88;71;55;48;2;118;105;93mM[38;2;115;102;96;48;2;126;119;118mE[0m[7m[38;2;112;111;114m▀[0m [38;2;108;102;97m▀[38;2;103;99;96;48;2;111;116;116mE[0m[38;2;69;83;96mA[0m [7m[38;2;75;71;58m▌[0m[38;2;88;79;74;48;2;100;106;108m_[0m[38;2;23;39;56m,[38;2;106;102;90;48;2;109;118;114m0[0m  [0m
              [7m[38;2;80;77;62m▀[0m[38;2;120;128;124;48;2;87;89;80m.[38;2;133;140;123;48;2;81;83;77m=[38;2;136;142;127;48;2;83;84;79m=[38;2;118;124;122;48;2;94;98;97mz[0m[7m[38;2;85;91;92m_[0m[38;2;97;109;115m▀[7m[38;2;93;89;72m▌[0m[38;2;120;124;121;48;2;101;100;97mz[38;2;139;138;126;48;2;90;97;102m=[0m[38;2;55;81;114m'[0m [38;2;141;2;3m▀[7m[38;2;141;1;2m▀[0m[38;2;110;0;1;48;2;174;1;2m~[38;2;214;2;5;48;2;171;0;2m=[38;2;167;2;3;48;2;111;2;3m▀[0m[38;2;90;0;1m' [0m [38;2;89;0;1;48;2;149;1;2m'[0m[38;2;102;2;3m▌[0m   [7m[38;2;72;0;0m*[38;2;105;0;0mm[0m[38;2;165;1;1m▀[38;2;173;0;1;48;2;125;1;3m▀[38;2;204;3;4;48;2;160;0;1m=[38;2;163;2;2;48;2;69;3;5m▌[0m [38;2;111;99;93m▀[38;2;142;133;122;48;2;99;91;92m=[38;2;114;113;115;48;2;101;96;97m5[38;2;134;133;124;48;2;89;90;94m=[0m[7m[38;2;73;83;89m▀[0m [38;2;50;49;40m▀[38;2;100;105;110m▀[38;2;109;115;117;48;2;62;63;66mz[38;2;98;98;98;48;2;52;55;58mw[38;2;109;114;109;48;2;67;71;68mz[0m[38;2;81;99;105m▀[0m  [0m
             [38;2;57;56;40;48;2;102;103;89m▀[38;2;96;106;104;48;2;49;67;79m▀[0m[7m[38;2;89;92;83mm[38;2;85;91;89mw[38;2;92;93;86my[0m[38;2;111;127;131;48;2;78;90;99m~[0m[7m[38;2;100;94;82m▀[0m[38;2;48;44;38;48;2;120;118;119m▀[38;2;96;92;90;48;2;119;120;115mz[38;2;95;92;91;48;2;120;123;120mz[38;2;103;125;134;48;2;84;91;96m"[0m [38;2;103;6;6m"[7m[38;2;152;1;3m▌[0m[38;2;167;1;2;48;2;178;3;3mM[38;2;159;1;1;48;2;179;2;3m%[38;2;141;0;0;48;2;177;3;4m=[0m[38;2;125;2;4m▌ [38;2;100;2;3m*[38;2;120;3;3m▀[38;2;77;5;7m~[7m[38;2;155;1;4m▀[0m[38;2;118;0;1;48;2;156;3;4m5[0m[38;2;164;1;2m▀[38;2;164;2;2m▀[38;2;166;1;2m▀[38;2;170;1;2;48;2;80;1;1m▀[38;2;124;1;2;48;2;168;2;3m▀[0m[7m[38;2;96;3;3m▀[38;2;157;2;3m▌[0m[38;2;142;6;6m'  [0m [38;2;96;96;91m▀[38;2;90;100;102m▀[7m[38;2;67;70;61m/[38;2;108;113;110m▀[38;2;69;69;68m▀[0m  [7m[38;2;114;112;106m▀[0m[38;2;73;93;102my   [0m
         [38;2;69;4;5mv   [0m [7m[38;2;65;62;51m/[0m[38;2;116;122;121;48;2;95;95;90mz[38;2;137;141;135;48;2;94;96;98m=[38;2;104;114;120;48;2;53;59;62mn[0m [7m[38;2;91;89;78m▀[38;2;67;67;68mq[0m[38;2;97;100;105m▀[7m[38;2;77;77;79m-[0m[38;2;108;107;111m▀[38;2;98;99;95m\[0m  [7m[38;2;71;0;1m▌[38;2;121;1;2m▀[38;2;103;0;2m▀[38;2;86;0;1m▀[38;2;95;0;1m▀[38;2;154;1;2m▀[38;2;146;1;2m~[0m[38;2;156;1;2;48;2;90;2;3m▀[0m[38;2;120;2;2m▀[7m[38;2;72;59;45m▀[0m[38;2;143;126;106;48;2;84;73;69m=[38;2;153;143;133;48;2;101;89;84m=[38;2;154;145;135;48;2;96;87;84m=[0m[7m[38;2;104;104;98m▀[38;2;77;0;1m▌[0m[38;2;190;4;6;48;2;134;1;2m=[0m        [38;2;99;102;102m▀[38;2;101;103;105;48;2;53;53;52m▀[38;2;132;137;132;48;2;74;76;80m=[38;2;127;135;135;48;2;67;70;74m=[0m[38;2;94;104;111m▀[38;2;42;76;108m'   [0m
            [7m[38;2;66;63;50m▀[0m[38;2;53;49;35;48;2;109;111;108m▀[38;2;77;74;73;48;2;118;121;119m=[38;2;102;100;98;48;2;115;120;119mz[38;2;103;100;98;48;2;115;120;118mz[38;2;78;75;75;48;2;114;124;123m=[0m[38;2;32;54;71m▌[38;2;115;118;108;48;2;47;52;53m▀[0m[38;2;83;99;105mQ[38;2;93;89;72m▀[38;2;55;67;75m▀[38;2;111;104;91;48;2;51;55;55m▀[0m[38;2;56;70;84m▌[38;2;87;99;101m@ [0m [38;2;167;2;4m▀[38;2;168;2;2m▀[38;2;171;2;2m▀▀[38;2;162;3;3m▀[38;2;146;7;8m~  [7m[38;2;82;74;66m▌[0m[38;2;84;73;76;48;2;123;119;115m=[38;2;110;101;96;48;2;122;121;119mz[38;2;111;103;97;48;2;123;124;118mz[38;2;111;105;98;48;2;123;127;119mz[38;2;84;80;80;48;2;107;112;111m=[38;2;112;6;9;48;2;79;77;81m▀[0m [38;2;63;2;4mv               [0m
         [7m[38;2;80;74;64m▀[38;2;103;99;92m▀[0m[38;2;141;140;125;48;2;84;79;76m=[38;2;140;142;132;48;2;94;90;91m=[38;2;141;143;133;48;2;94;91;93m=[38;2;141;144;134;48;2;95;92;95m=[38;2;141;143;132;48;2;93;94;97m=[38;2;124;139;137;48;2;64;71;78m=[0m[38;2;41;55;67m▀[38;2;65;82;88m,                [0m [7m[38;2;77;81;78m▀[0m [38;2;103;99;98m▀[38;2;143;144;131;48;2;91;88;89m=[38;2;141;143;132;48;2;94;91;93m=[38;2;141;143;131;48;2;94;91;92m=[48;2;95;91;92m=[38;2;141;142;131;48;2;84;81;83m=[0m[7m[38;2;104;99;98m▀[38;2;82;81;80m▀[0m              [0m
     [38;2;65;67;62mm[38;2;95;95;93mm[38;2;103;103;97;48;2;80;80;76m4[38;2;76;68;70;48;2;110;114;114m=[38;2;78;70;71;48;2;112;116;115m=[38;2;80;72;71;48;2;107;111;109m=[38;2;80;73;72;48;2;100;104;103m=[38;2;118;116;112;48;2;55;60;66m▀[0m[38;2;119;117;114m▀[38;2;95;105;109m▀[38;2;78;102;120m~ [7m[38;2;64;54;30m▌[0m[38;2;82;74;70;48;2;116;118;114m=[0m[7m[38;2;97;98;101m▀[0m   [38;2;117;113;108m, [0m       [7m[38;2;78;68;65m▀[0m[38;2;63;70;75m,[0m [38;2;74;63;49;48;2;106;99;88mC[38;2;84;76;74;48;2;107;121;127m=[0m   [38;2;120;120;116m~[38;2;115;111;105m▀[38;2;117;114;108m▀[38;2;88;83;80;48;2;113;112;108mg[38;2;81;72;71;48;2;119;122;119m=[38;2;105;103;102;48;2;116;119;117mw[38;2;78;69;73;48;2;116;121;119m=[38;2;77;70;71;48;2;112;118;116m=[38;2;68;67;63;48;2;104;110;111m▀[0m[7m[38;2;78;83;85m~[0m[38;2;83;91;93mm[38;2;88;115;123m-        [0m
            [38;2;73;1;2;48;2;127;1;2m▌[38;2;126;0;1;48;2;155;1;2mE[0m[38;2;90;2;3m▌  [0m [38;2;140;132;123;48;2;86;75;74m=[38;2;144;139;139;48;2;90;80;82m=[0m[38;2;89;94;103mA[38;2;87;69;38m`[7m[38;2;148;1;3m▀[0m[38;2;70;6;9;48;2;164;1;2m▀[38;2;132;1;2;48;2;166;1;3mE[38;2;182;4;3;48;2;152;1;2m=[38;2;166;1;1;48;2;119;1;1m#[38;2;164;2;2;48;2;113;1;2m#[48;2;120;1;2m#[38;2;182;4;3;48;2;158;0;1m=[38;2;150;0;1;48;2;169;1;2mE[38;2;108;2;2;48;2;168;1;3m▀[0m[7m[38;2;163;1;2m▀[38;2;89;1;2m▀[0m[38;2;92;77;65m▀[7m[38;2;97;87;85m_[0m[38;2;80;85;94m▀ [0m  [38;2;87;0;3;48;2;143;0;1m'[38;2;153;1;3;48;2;106;2;3mp[0m                  [0m
             [38;2;163;2;3;48;2;75;0;1m▀[38;2;190;2;6;48;2;158;2;2m-[38;2;186;4;5;48;2;136;1;1m_[0m[7m[38;2;139;2;2m~[38;2;163;2;2m▀[38;2;165;2;2m▀[38;2;151;2;2m~[0m[38;2;201;5;6;48;2;163;2;2m_[38;2;178;4;4;48;2;126;3;3mF[0m[38;2;169;4;5m▀[38;2;110;2;3m▀[38;2;138;7;7m~[0m     [38;2;107;2;2m▀[38;2;177;3;4m▀[38;2;181;3;3;48;2;101;1;2m▀[48;2;162;2;2mE[38;2;198;4;6;48;2;167;2;3m_[38;2;195;4;5;48;2;128;1;1m_[0m[7m[38;2;164;1;2m▀[38;2;135;1;2m~[0m[38;2;189;3;5;48;2;141;1;2m_[38;2;193;2;4;48;2;159;1;2m-[38;2;163;3;3;48;2;80;2;3m▀[0m[38;2;118;6;5m'                  [0m
               [38;2;122;1;3m▀[38;2;152;1;1m▀[38;2;157;1;2m▀[38;2;142;2;3m▀[7m[38;2;140;3;4m-[38;2;184;4;4m▀[0m[38;2;75;1;2;48;2;140;5;4m~[0m[38;2;159;7;6m'[7m[38;2;183;4;4m▀[0m[38;2;108;1;3;48;2;190;4;4m~[38;2;181;2;3;48;2;206;4;5mE[38;2;138;3;3;48;2;206;5;3m▀[38;2;90;1;2;48;2;204;5;3m▀[38;2;176;1;2;48;2;201;3;3mE[38;2;175;1;2;48;2;197;3;3mE[38;2;115;2;3;48;2;191;3;3m▀[0m[38;2;124;2;4m,[38;2;84;0;0;48;2;139;2;3m_[38;2;70;1;2;48;2;176;1;2m▀[38;2;87;1;1;48;2;168;2;2m▀[38;2;81;1;1;48;2;137;2;3mm[0m[38;2;152;1;1m▀[38;2;135;1;1m▀[38;2;132;1;2m▀[38;2;121;3;5m~                    [0m
                   [38;2;161;7;6m▀[38;2;163;9;7m▀[7m[38;2;175;10;5m▀[0m[38;2;163;4;5;48;2;199;10;5m~[38;2;200;8;4;48;2;209;11;6m$[38;2;206;8;4;48;2;212;11;6m$[48;2;213;10;6m$[38;2;206;8;5;48;2;212;10;6m$[38;2;204;7;4;48;2;210;9;5m$[38;2;201;6;3;48;2;207;8;5m$[38;2;195;5;4;48;2;202;6;4m$[38;2;190;3;3;48;2;196;5;4m$[38;2;219;8;5;48;2;171;4;3m_[0m[7m[38;2;102;4;3m\[0m[38;2;175;3;3m▀[38;2;146;3;4m▀[0m                         [0m
                     [38;2;157;12;6m▀[38;2;203;16;7;48;2;141;21;13m▀[38;2;222;24;16;48;2;206;22;13m=[38;2;210;19;10;48;2;223;24;15mE[38;2;212;18;9;48;2;223;23;14mE[38;2;216;24;14;48;2;198;19;10mg[38;2;171;17;4;48;2;203;17;9m_[38;2;202;13;7;48;2;215;18;11mE[38;2;179;9;3;48;2;205;13;7m_[38;2;196;10;5;48;2;172;11;7m#[38;2;181;5;4;48;2;89;8;5m▀[0m[38;2;119;6;5m▀                           [0m
