[0m                                                            [0m
                                        [7m[38;2;113;1;2m▀[0m[38;2;130;1;2;48;2;82;3;3m▌[0m                  [0m
                                      [7m[38;2;138;1;2m▀[0m[38;2;111;1;1;48;2;144;2;2mE[38;2;142;2;3;48;2;112;1;2mp[0m[38;2;135;4;5m'     [0m         [7m[38;2;118;1;2m▀[0m[38;2;104;2;3m▌  [0m
                                   [7m[38;2;101;1;2m▀[38;2;121;1;1m~[0m[38;2;174;4;4;48;2;135;1;1m_[38;2;172;5;5;48;2;132;1;2m_[0m[38;2;136;3;3m▀[0m        [38;2;120;3;3m\[0m     [7m[38;2;109;1;2m~[0m[38;2;164;4;4;48;2;128;1;2m_[0m[38;2;130;3;3m▀[0m   [0m
    [38;2;96;3;3m'                           [0m [7m[38;2;135;1;1m▀[0m[38;2;123;0;0;48;2;152;1;2m_[38;2;141;0;2;48;2;160;1;2mz[38;2;81;0;0;48;2;138;2;2m_[0m[38;2;110;2;2m▀[0m          [7m[38;2;146;1;1m▌[0m[38;2;137;2;3m▌   [7m[38;2;136;1;2m▌[0m[38;2;78;0;0;48;2;127;2;2m_[0m[38;2;130;3;4m'    [0m
                                 [38;2;175;2;3;48;2;144;1;2m_[38;2;165;2;3;48;2;148;0;1mE[38;2;191;3;5;48;2;152;1;2m_[0m[38;2;93;4;3m▌ [0m [38;2;133;3;4m/       [0m [38;2;181;2;4;48;2;134;1;2m_[0m[38;2;96;3;3m▌   [0m [38;2;132;2;4m▌     [0m
                  [7m[38;2;118;1;3m▀[0m[38;2;112;2;2m' [0m [38;2;145;1;3;48;2;90;3;2m▌[0m[38;2;145;1;3m     [7m[38;2;72;0;0m▌[0m[38;2;138;2;4m▌   [7m[38;2;143;1;2m▌[0m[38;2;153;1;2;48;2;169;1;2m5[38;2;153;0;1;48;2;171;1;3m5[38;2;133;1;2;48;2;172;2;2m▀[0m[7m[38;2;144;1;1m~[0m[38;2;140;0;2;48;2;164;1;3m5[0m        [7m[38;2;117;1;2m~[0m[38;2;107;2;3m▀ [0m    [38;2;121;1;4m'     [0m
    [7m[38;2;110;1;2m~[38;2;85;1;2m▀[0m            [38;2;167;3;3;48;2;128;1;2m_[0m[7m[38;2;87;1;1m▀[0m  [38;2;136;2;3m▀[0m     [7m[38;2;117;1;2m'[0m[38;2;184;5;4;48;2;136;1;2m_[0m   [7m[38;2;69;0;0m▌[0m[38;2;178;2;3;48;2;154;1;2mz[38;2;182;2;3;48;2;155;1;1mz[38;2;183;2;3;48;2;156;1;1mzz[38;2;181;2;2;48;2;154;1;1mz[38;2;166;2;4;48;2;95;1;1mn[0m [7m[38;2;71;0;1m▌[0m[38;2;142;1;2m▌  [7m[38;2;65;1;2m▌[0m[38;2;90;2;3m▀[38;2;140;2;2m' [7m[38;2;104;1;2m▌[0m[38;2;58;3;3m'         [0m
    [38;2;121;0;2m▀[38;2;134;2;3m▌            [7m[38;2;107;1;3m▌[0m[38;2;144;1;2;48;2;159;3;3m5[0m[38;2;86;2;3m▌[0m       [7m[38;2;162;1;2m▌[0m[38;2;157;1;2;48;2;176;2;2m▀[0m[7m[38;2;177;2;2m▀[38;2;177;3;2m▀[38;2;181;2;2m▀[0m[38;2;128;0;3;48;2;171;1;1m'[38;2;168;1;1;48;2;184;2;3m5[38;2;170;0;2;48;2;187;2;3m5[38;2;171;0;2m5[38;2;170;0;1;48;2;186;2;2m5[38;2;171;1;1;48;2;185;3;2m5[38;2;74;1;1;48;2;160;2;3m![38;2;160;0;2;48;2;174;2;3m5[38;2;135;1;1;48;2;171;2;2m▀[38;2;160;1;2;48;2;89;2;3m▌[0m      [38;2;67;0;1;48;2;120;3;4m▌[0m [38;2;73;2;3m|        [0m
     [38;2;70;5;7m`       [0m [38;2;140;2;3m,   [0m [38;2;171;3;5;48;2;140;1;2m=[38;2;178;2;4;48;2;133;1;2m=[0m    [7m[38;2;95;1;1m~[0m[38;2;158;1;2;48;2;112;1;1mc[0m[7m[38;2;163;0;2m▀[0m[38;2;196;3;6;48;2;153;0;1m=[38;2;203;2;4;48;2;167;0;2m=[38;2;204;2;5;48;2;168;0;2m=[38;2;205;3;6m=[38;2;207;3;6;48;2;169;0;2m=[38;2;206;2;5;48;2;170;0;2m=[38;2;209;3;6;48;2;172;0;2m=[38;2;210;3;6;48;2;174;0;2m=[38;2;211;3;5;48;2;173;0;2m=[38;2;210;3;5;48;2;172;0;2m=[38;2;207;3;5;48;2;169;0;1m=[38;2;202;2;3;48;2;164;0;1m=[38;2;199;2;3;48;2;161;0;1m=[38;2;163;5;6;48;2;119;1;2m=[38;2;184;3;5;48;2;149;1;2m=[0m   [7m[38;2;132;1;2m▌[38;2;82;1;1m▀[0m [38;2;119;2;3m4 [7m[38;2;116;2;2m▌[0m        [0m
              [38;2;165;1;1;48;2;152;1;2m~[0m[38;2;85;2;3m▌  [7m[38;2;93;2;3m▌[0m[38;2;171;2;3;48;2;154;2;2m~[38;2;155;2;4;48;2;130;1;2m,[38;2;138;0;1;48;2;153;2;3m=[38;2;77;1;2;48;2;157;3;3m▀[0m  [7m[38;2;163;1;3m▌[0m[38;2;162;0;2;48;2;182;1;3m5[38;2;169;0;2;48;2;189;1;3m5[38;2;175;0;2;48;2;194;2;3m5[38;2;178;0;2;48;2;196;2;3m5[38;2;178;1;1;48;2;196;2;2m5[38;2;178;0;1;48;2;197;2;3m5[38;2;179;0;1m5[38;2;181;0;1;48;2;199;1;3m5[38;2;182;1;2;48;2;200;2;3m5[48;2;199;2;3m5[38;2;180;1;2;48;2;197;2;2m5[38;2;178;1;1;48;2;192;2;3m5[0m[38;2;171;1;2m▀[38;2;190;2;4;48;2;127;1;2m~[0m[38;2;173;1;2m▀[7m[38;2;127;2;3m,[0m[38;2;145;1;2m▀[0m [7m[38;2;95;0;1m▀[38;2;139;1;2m'[0m[38;2;157;1;1;48;2;175;2;3m5[38;2;156;0;2;48;2;174;2;3m5[0m[38;2;125;4;4m▌[0m   [38;2;66;0;2;48;2;159;2;3m▀[0m[38;2;94;2;3m,  [7m[38;2;145;2;3m▌[0m   [0m
        [38;2;75;1;1m▀[38;2;125;1;2mm[7m[38;2;149;0;1m▀[0m    [38;2;139;2;4m' [0m    [38;2;174;1;3;48;2;145;0;1m=[0m[38;2;147;1;3m▌[7m[38;2;95;1;3m'[0m [38;2;69;0;0;48;2;170;1;1m▌[38;2;208;2;4;48;2;169;1;1m=[38;2;214;3;5;48;2;174;1;1m=[38;2;218;2;3;48;2;178;1;1m=[38;2;219;3;3;48;2;179;1;1m=[38;2;220;2;3m=[38;2;220;3;3m=[38;2;221;3;3m=[38;2;221;3;4;48;2;180;1;1m=[38;2;220;3;3;48;2;179;1;1m=[38;2;218;3;3;48;2;177;1;0m=[38;2;215;3;4;48;2;174;1;1m=[38;2;210;2;5;48;2;160;2;2m=[0m[7m[38;2;125;1;2m▀[38;2;98;1;2m~[0m[38;2;118;6;7m' [0m [7m[38;2;141;1;2m'[0m[38;2;201;2;5;48;2;162;1;1m=[38;2;200;3;5m=[38;2;198;3;5;48;2;153;1;2m=[0m[38;2;154;3;3m▀[38;2;95;6;6m'[0m [7m[38;2;148;0;2m▀[38;2;141;1;3m~[0m[38;2;151;1;2;48;2;91;2;3m▀[0m[38;2;151;3;3m'  [0m [38;2;131;2;3m▌  [0m
    [7m[38;2;89;1;2m▌[0m[38;2;121;3;2m,[0m [7m[38;2;117;1;2m▀[0m  [38;2;130;0;2m▀[38;2;132;2;4;48;2;150;1;2m/[0m[38;2;123;2;3m, [0m    [38;2;87;3;4m-[7m[38;2;101;1;1m▀[38;2;145;1;2m~[0m[38;2;135;0;1;48;2;171;2;3m=[0m[7m[38;2;130;2;3m'[0m[38;2;133;4;3m'[7m[38;2;171;1;2m▀[0m[38;2;149;0;1;48;2;191;1;3m=[38;2;151;0;0;48;2;195;2;4m=[38;2;156;0;0;48;2;200;2;4m=[38;2;160;0;0;48;2;203;1;3m=[38;2;161;0;0;48;2;204;2;3m=[38;2;161;0;1m=[38;2;161;0;0;48;2;194;2;4m=[38;2;94;2;3;48;2;175;1;2m▌[38;2;156;0;0;48;2;200;1;3m=[48;2;198;2;3m=[38;2;154;0;0;48;2;197;2;3m=[38;2;152;0;0;48;2;195;2;3m=[38;2;90;1;1;48;2;150;3;4m*[38;2;144;0;1;48;2;187;2;3m=[38;2;146;0;0;48;2;175;2;2m=[0m[7m[38;2;179;2;2m▀[38;2;181;2;2m▀[0m[38;2;139;0;2;48;2;185;2;3m5[38;2;147;0;2;48;2;191;2;2m=[48;2;191;2;3m=[38;2;146;0;1;48;2;189;2;3m=[0m[38;2;166;3;3m▌ [0m [38;2;136;1;3;48;2;75;2;3m▀[0m[38;2;167;2;4m~[0m [7m[38;2;96;1;2m▀[0m[38;2;86;5;7m-  [0m [7m[38;2;127;1;1m,[0m[38;2;90;2;2my [0m
    [7m[38;2;134;1;2m▌[0m[38;2;176;5;5;48;2;119;1;1m=[0m [38;2;76;0;2;48;2;157;1;2m▌[38;2;147;2;2;48;2;75;3;3m▌[0m[38;2;147;2;2m [0m [38;2;165;2;3;48;2;132;0;2mt[38;2;183;3;5;48;2;128;1;2m=[0m  [38;2;108;9;8m.[0m [7m[38;2;126;2;2m▀[0m [38;2;102;0;3;48;2;167;1;2m▌[38;2;203;3;4;48;2;162;0;2m=[38;2;205;4;5;48;2;165;0;2m=[38;2;208;4;4;48;2;158;0;1m=[38;2;211;5;5;48;2;152;0;1m=[38;2;213;4;4;48;2;172;1;1m=[38;2;215;5;5;48;2;174;0;1m=[38;2;217;5;5;48;2;176;0;1m=[38;2;221;5;4;48;2;181;1;1m=[38;2;223;5;5;48;2;184;0;2m=[38;2;223;5;3;48;2;175;1;2m=[0m[38;2;181;2;2m▀[7m[38;2;105;1;2m/[0m[38;2;77;0;1;48;2;179;1;3m▌[38;2;211;6;7;48;2;145;1;2m=[0m[38;2;165;2;3m▀[7m[38;2;135;1;2mm[0m[38;2;80;1;2;48;2;174;1;2m▀[38;2;66;1;1;48;2;111;2;3m4[38;2;211;5;8;48;2;171;0;2m=[38;2;214;5;6;48;2;174;0;2m=[38;2;214;5;5;48;2;173;0;2m=[48;2;172;0;2m=[38;2;212;4;5;48;2;168;1;2m=[0m[38;2;141;2;4m▀[38;2;211;5;7;48;2;165;0;1m=[38;2;209;5;6;48;2;169;1;1m=[38;2;208;5;6;48;2;159;1;1m=[0m[7m[38;2;116;1;1m▀[38;2;141;1;2m▌[0m   [38;2;184;3;5;48;2;133;2;3m=[0m    [7m[38;2;127;0;1m'[0m[38;2;176;0;1;48;2;92;3;3m▌[0m[38;2;176;0;1m [0m
    [38;2;86;0;1;48;2;155;1;2m▌[38;2;124;0;0;48;2;168;2;2m=[38;2;127;0;0;48;2;155;2;3m=[38;2;89;0;2;48;2;148;2;3m'[38;2;119;0;0;48;2;161;1;3mp[0m[38;2;71;3;4m▌ [38;2;92;0;3;48;2;165;1;2m▌[38;2;132;0;1;48;2;172;2;2m=[0m[38;2;120;4;5m▌ [38;2;81;1;4m^[7m[38;2;95;2;3m▀[0m[38;2;81;0;1;48;2;172;1;2m▌[38;2;114;2;3;48;2;176;2;2m▀[0m[7m[38;2;88;1;2m+[0m[38;2;167;0;2;48;2;179;1;3m.[38;2;152;0;0;48;2;196;1;4m=[38;2;153;0;0;48;2;195;2;4m=[38;2;92;1;1;48;2;172;1;3m,[38;2;155;0;1;48;2;196;2;4m=[38;2;205;2;4;48;2;139;2;3m~[38;2;93;0;2;48;2;174;1;3m,[38;2;213;1;3;48;2;196;1;3m~[38;2;181;2;4;48;2;79;2;3m▀[0m[7m[38;2;149;0;3m▀[38;2;172;1;3m~[0m[38;2;161;0;1;48;2;188;3;5m=[38;2;70;2;5;48;2;114;2;4m_[0m[7m[38;2;177;1;3m▀[0m[38;2;149;0;2;48;2;193;1;3m5[38;2;159;0;0;48;2;201;2;4m=[38;2;157;0;0;48;2;192;3;4m=[38;2;78;3;3;48;2;175;1;3m▌[38;2;158;0;0;48;2;203;1;3m=[38;2;157;0;0m=[38;2;158;0;0m=[38;2;156;0;0;48;2;186;3;3m=[0m[38;2;115;3;3m▀[0m [7m[38;2;191;1;3m▌[0m[38;2;158;0;2;48;2;200;2;3m=[38;2;154;0;1;48;2;197;2;3m=[38;2;141;0;0;48;2;179;3;3m=[0m[7m[38;2;109;1;3m:[0m[38;2;159;3;4;48;2;75;2;3m▌[0m [7m[38;2;71;1;2m#[0m[38;2;129;0;0;48;2;165;1;2m=[38;2;98;2;2;48;2;164;2;3m▀[0m  [7m[38;2;88;1;1m▌[0m[38;2;173;0;2m▀[38;2;117;2;3m▌ [0m
     [38;2;133;1;2m▀[38;2;166;3;7;48;2;126;0;1m=[0m[38;2;120;3;4mM[0m [38;2;101;4;7m\ [7m[38;2;105;0;2m▌[0m[38;2;180;5;7;48;2;124;2;2m=[0m[38;2;180;5;7m  [0m [38;2;129;0;0;48;2;156;1;2m-[38;2;191;3;5;48;2;158;0;1m=[38;2;201;4;7;48;2;165;0;1m=[38;2;205;4;6;48;2;159;0;1m=[38;2;90;1;2;48;2;141;1;2mb[38;2;208;3;7;48;2;171;0;1m=[38;2;208;5;6m=[0m[38;2;96;2;1m▌[0m [38;2;118;4;6m![7m[38;2;114;1;2m▀[0m[38;2;187;2;2;48;2;152;1;2mt[38;2;75;0;1;48;2;150;1;2mI[38;2;211;3;6;48;2;176;0;1m=[38;2;213;4;5;48;2;177;0;1m=[38;2;211;5;6;48;2;175;0;1m=[38;2;95;1;1;48;2;174;1;2m▀[38;2;215;4;5;48;2;180;0;1m=[38;2;214;4;3;48;2;177;0;0m=[38;2;210;5;3;48;2;173;0;1m=[0m[7m[38;2;115;2;2mj[0m[38;2;93;0;0;48;2;169;1;2m'[38;2;215;4;5;48;2;166;1;1m=[38;2;211;6;5;48;2;164;0;1m=[38;2;217;4;4;48;2;178;0;1m=[38;2;216;4;4;48;2;170;0;1m=[38;2;214;3;7;48;2;165;0;1m=[38;2;216;3;5;48;2;169;0;1m=[0m[7m[38;2;168;1;0m'[0m[38;2;214;4;4;48;2;176;0;1m=[38;2;213;3;3;48;2;174;0;1m=[38;2;212;3;3m=[0m[38;2;168;1;2m▌[7m[38;2;160;1;2m▌[0m[38;2;137;2;2m▌[38;2;112;1;2m▀[7m[38;2;147;1;1m'[0m[38;2;188;4;6;48;2;152;0;1m=[0m[38;2;145;2;2m▌     [0m
[38;2;96;2;3m▀[0m        [7m[38;2;84;80;68m▀[38;2;59;62;62m▀[38;2;90;89;81m▀[0m[38;2;94;3;3m▀[7m[38;2;66;59;43m▌[38;2;128;121;116m▀[38;2;86;88;91m▀[0m[38;2;92;0;1;48;2;153;1;2m,[38;2;173;1;2;48;2;185;2;3mg[38;2;149;0;0;48;2;192;2;2m=[38;2;155;0;0;48;2;196;2;4m=[48;2;185;3;4m=[38;2;125;0;0;48;2;178;2;3m=[38;2;158;0;0;48;2;198;1;3m=[38;2;114;2;3;48;2;190;1;2m▀[0m[7m[38;2;157;2;3m▀[0m[38;2;77;5;5m,[38;2;141;0;0;48;2;183;2;4m=[38;2;152;0;0;48;2;191;2;2m=[38;2;157;0;1;48;2;197;2;2m=[38;2;212;0;4;48;2;193;1;2m_[38;2;217;2;4;48;2;194;1;3m-[38;2;218;2;3;48;2;194;1;2m-[38;2;219;2;3m-[38;2;217;3;3;48;2;193;2;2m-[38;2;159;0;1;48;2;200;2;2m=[38;2;197;4;3;48;2;122;3;3m"[0m[7m[38;2;142;2;3m'[38;2;127;3;4mp[0m[38;2;79;0;3;48;2;190;1;2m▀[38;2;161;0;0;48;2;198;2;3m=[38;2;165;0;0;48;2;205;2;3m=[48;2;204;2;3m=[38;2;164;0;0m=[48;2;203;2;2m=[38;2;162;0;0;48;2;202;2;3m=[38;2;213;3;5;48;2;190;2;2m-[38;2;211;2;4;48;2;187;1;2m-[38;2;212;1;4m-[0m[38;2;157;4;4m▌[38;2;90;0;1;48;2;175;1;3m▌[38;2;170;3;4;48;2;82;1;2mF[0m[38;2;170;3;4m [38;2;69;0;1;48;2;170;1;2m▌[38;2;135;0;0;48;2;177;1;3m=[0m[38;2;129;3;3m▌     [0m
    [38;2;100;5;6m\  [0m [7m[38;2;99;96;88m▀[0m[38;2;130;141;136;48;2;94;92;89m=[38;2;131;141;137;48;2;95;93;92m=[38;2;133;142;140;48;2;98;93;91m=[38;2;114;127;130;48;2;70;68;70m=[38;2;110;112;101;48;2;87;79;73m=[38;2;143;144;141;48;2;106;96;93m=[38;2;146;144;140;48;2;106;96;94m=[38;2;54;49;58;48;2;89;15;20mc[38;2;142;0;0;48;2;172;1;1m-[38;2;175;1;2;48;2;120;1;3m'[38;2;149;0;0;48;2;181;1;3m-[38;2;181;1;2;48;2;141;3;4m▌[38;2;135;0;2;48;2;186;1;2m▌[38;2;160;0;0;48;2;191;1;2m-[38;2;162;0;0m-[38;2;161;0;2m-[38;2;177;2;3;48;2;64;1;2m▌[38;2;159;1;3;48;2;181;1;3mH[38;2;157;0;0;48;2;185;1;2m-[38;2;202;6;7;48;2;176;0;1m=[38;2;159;0;0;48;2;188;1;2m-[38;2;185;2;2;48;2;147;2;2m#[38;2;101;0;1;48;2;168;1;2m/[38;2;161;0;0;48;2;190;1;2m-[38;2;162;0;0;48;2;190;1;1m-[38;2;193;6;5;48;2;133;1;1m=[0m[38;2;85;2;4m▀[7m[38;2;164;0;1m▀[0m[38;2;170;0;1;48;2;190;1;1mE[38;2;164;0;0;48;2;190;1;2m_[38;2;166;0;1;48;2;192;1;2m_[38;2;166;0;0;48;2;193;1;2m-[48;2;196;1;2m-[38;2;211;4;4;48;2;183;0;1m=[0m[38;2;183;1;1m▀[38;2;138;3;3m▀[38;2;161;2;3m~[38;2;132;1;2m▀[38;2;186;4;5;48;2;154;0;1m=[0m[38;2;126;4;5m▌[38;2;148;2;3m▌[0m [7m[38;2;153;2;2m▀[0m[38;2;157;1;2m▀[7m[38;2;94;1;2mw[38;2;88;3;3m▀[0m     [0m
    [7m[38;2;61;1;1m▌[0m  [38;2;96;101;85;48;2;49;54;50m![0m[38;2;108;122;121m~[38;2;77;101;110m~[0m [38;2;86;94;94m~[7m[38;2;77;78;76mw[38;2;96;102;105mm[0m[38;2;120;118;125;48;2;66;62;63m~[38;2;115;113;106;48;2;86;87;90m_[38;2;52;75;100;48;2;72;9;12m'[38;2;134;0;0;48;2;174;2;3m=[0m[38;2;101;3;4m▌[38;2;140;0;0;48;2;174;2;3m=[0m[38;2;172;3;4m▌[38;2;123;0;2;48;2;189;1;3m▌[38;2;161;0;0;48;2;198;2;3m=[38;2;163;0;0;48;2;200;2;3m=[38;2;162;0;1;48;2;199;2;3m=[38;2;159;0;0;48;2;194;2;3m=[38;2;155;0;0;48;2;193;2;2m=[38;2;192;2;3;48;2;162;3;3mF[0m[7m[38;2;179;1;2m▌[0m[38;2;153;0;0;48;2;187;3;3m=[0m[38;2;136;4;3m'[38;2;155;0;0;48;2;193;2;3m=[38;2;161;0;0;48;2;199;2;3m=[38;2;162;0;0m=[38;2;183;3;4;48;2;76;1;2m▌[0m[7m[38;2;96;1;2m▌[0m[38;2;159;0;0;48;2;192;2;3m=[38;2;159;0;2;48;2;198;2;4m=[38;2;158;0;2;48;2;198;1;3m=[38;2;157;0;1;48;2;197;2;3m=[38;2;161;0;0;48;2;199;2;3m=[0m[38;2;192;2;3m▀[38;2;122;6;6m'    [7m[38;2;126;1;2m▌[0m[38;2;192;3;8;48;2;138;2;3m-[0m[38;2;74;3;4m'[38;2;134;0;0;48;2;164;2;5m=[0m[7m[38;2;80;1;2mp[0m[38;2;94;0;2;48;2;175;1;1m▀[38;2;173;2;3;48;2;83;2;3m▀[0m      [0m
    [7m[38;2;101;1;2mf[0m[38;2;136;2;3;48;2;90;2;3my[0m[38;2;136;2;3m [0m [38;2;40;39;39m/[7m[38;2;84;82;78m~[38;2;88;95;101m▀[38;2;96;91;84m▌[0m[38;2;125;140;150;48;2;79;79;88m=[38;2;106;103;94;48;2;73;78;86m:[0m[7m[38;2;76;77;78m▀[0m[38;2;86;90;90;48;2;53;57;60m5[0m [38;2;129;1;2m▀[38;2;107;3;4m▌[7m[38;2;169;1;3m▌[0m[38;2;129;2;2;48;2;181;1;2m▀[38;2;152;0;0;48;2;185;1;3m-[38;2;158;0;1;48;2;190;1;2m_[38;2;202;5;5;48;2;172;0;1m=[38;2;157;0;0;48;2;190;1;2m_[38;2;158;0;1;48;2;189;1;2m_[38;2;156;0;1;48;2;186;1;2m_[38;2;181;1;2;48;2;88;3;3m▌[0m [38;2;125;0;0;48;2;172;1;2m_[0m[38;2;83;2;2m▌[38;2;120;0;1;48;2;174;1;3m_[38;2;157;0;0;48;2;190;1;2m-[38;2;160;0;0;48;2;191;2;1m-[38;2;159;0;1;48;2;192;1;1m-[38;2;161;1;1;48;2;193;1;2mE[38;2;179;1;1;48;2;198;1;2mE[38;2;160;0;0;48;2;190;1;2m-[38;2;155;0;2;48;2;187;1;2m_[38;2;180;2;2;48;2;128;2;3mV[0m[38;2;97;3;4m▀      [7m[38;2;100;0;1m▌[0m[38;2;140;0;0;48;2;173;1;2m-[38;2;74;1;2;48;2;169;1;1m▀[38;2;148;1;2;48;2;170;1;2mH[0m[7m[38;2;78;1;2m![0m[38;2;140;0;1;48;2;172;1;2m_[0m[38;2;97;4;5m▌      [0m
 [38;2;60;3;4mc[0m [38;2;187;4;2;48;2;133;1;2m_[38;2;180;5;7;48;2;148;1;2m-[0m[38;2;148;2;3m▌ [0m [38;2;107;107;104;48;2;55;51;45m\[0m[7m[38;2;105;106;106m▀[38;2;81;93;99mm[0m[38;2;47;40;27;48;2;76;93;98m▌[38;2;90;98;90;48;2;55;62;66m][0m [38;2;167;7;9m-[0m [38;2;95;97;90m▌  [7m[38;2;121;1;3m▌[0m[38;2;180;2;3;48;2;142;2;2mP[38;2;186;2;3;48;2;108;2;2m▀[38;2;188;2;4;48;2;67;0;0m▀[38;2;197;3;6;48;2;134;1;2m_[38;2;217;4;3;48;2;183;1;2m_[38;2;188;4;5;48;2;106;2;3mF[38;2;79;0;2;48;2;183;1;2m▌[38;2;213;4;5;48;2;172;2;3m_[0m[38;2;71;3;3m,[38;2;81;0;2m▀[38;2;168;2;4;48;2;117;1;2mb[0m[7m[38;2;106;1;2m\[0m[38;2;191;2;3;48;2;110;0;1m▀[38;2;194;2;3;48;2;172;1;1mE[48;2;175;0;1mE[48;2;174;0;1mE[38;2;192;2;3;48;2;170;1;2mE[38;2;187;2;3;48;2;88;2;2m▀[0m[38;2;118;3;4m▀[0m [38;2;91;3;4my      [7m[38;2;171;1;2m▌[0m[38;2;209;5;5;48;2;175;1;2m_[38;2;90;1;2;48;2;149;3;4mq[38;2;188;2;3;48;2;166;1;2mE[0m[38;2;125;3;3m▌[7m[38;2;164;0;1m▌[0m[38;2;175;3;4m▌      [0m
 [38;2;79;3;6m`[38;2;121;3;4m\[38;2;108;1;1;48;2;153;1;2mc[38;2;149;1;1;48;2;169;1;2mE[38;2;138;1;2;48;2;166;1;1m▀[0m[7m[38;2;138;2;2m▀[0m   [38;2;76;88;91m▀[7m[38;2;88;97;85m▌[0m[38;2;37;39;37;48;2;65;70;68m-[0m[7m[38;2;54;55;55m▀[38;2;78;25;23mw[38;2;55;59;53m▀[0m[38;2;62;44;44;48;2;81;85;83m,[0m[38;2;35;56;64m▌[0m   [38;2;97;3;5mi[7m[38;2;104;1;2m\[38;2;152;1;1mw[38;2;155;1;2mm[38;2;187;1;2m▀[0m[38;2;171;1;1;48;2;193;1;2mE[38;2;175;1;1;48;2;194;2;2mE[38;2;145;2;3;48;2;194;1;2m▀[0m[7m[38;2;189;1;2m▀[38;2;86;0;1m▀[0m [38;2;81;2;3m▀[38;2;107;3;2m▀[38;2;125;2;4m▀[38;2;108;3;4m▀[38;2;68;2;3m' [38;2;88;1;3m▀[38;2;114;0;2m-[38;2;133;7;6m'     [7m[38;2;117;0;2m▀[0m[38;2;163;0;2;48;2;182;1;3mE[38;2;173;2;3;48;2;120;3;4m/[0m[7m[38;2;150;1;2m'[0m[38;2;156;1;2;48;2;181;1;2m▀[38;2;65;0;0;48;2;157;2;2m'[0m[38;2;83;5;7m'[38;2;163;0;3;48;2;82;3;4m▌[0m[38;2;163;0;3m      [0m
  [7m[38;2;142;1;3m▌[0m[38;2;190;4;4;48;2;157;1;2m_[38;2;190;4;3;48;2;158;1;2m_[38;2;161;3;3;48;2;81;1;2m▀[0m[38;2;88;2;4m~[0m [38;2;51;58;66m,[7m[38;2;57;54;44m▌[0m[38;2;65;88;97me[7m[38;2;58;61;50m▌[38;2;79;88;92mm[0m[38;2;94;96;93;48;2;41;46;48m▀[0m[38;2;138;137;126m-[7m[38;2;65;65;64m,[0m[38;2;142;146;143;48;2;106;109;106m-[0m[38;2;45;75;95m▌[7m[38;2;100;89;68m▌[0m[38;2;118;124;119;48;2;82;97;106mE[0m [7m[38;2;126;1;3m▀[0m[38;2;170;2;4m▀[38;2;79;0;2;48;2;148;2;3m*[38;2;192;3;3;48;2;174;1;2mE[38;2;213;3;2;48;2;183;1;2m_[38;2;219;4;4;48;2;185;1;2m_[38;2;220;4;2;48;2;187;1;2m_[38;2;220;4;4;48;2;186;1;2m_[38;2;198;2;3;48;2;179;0;1mE[38;2;200;1;2;48;2;175;0;1mE[38;2;185;1;3;48;2;137;2;2m`[0m[7m[38;2;91;2;3m![0m[38;2;125;2;4m*[7m[38;2;131;0;2m▀[38;2;108;1;2m▀[0m        [7m[38;2;86;1;2m▀[38;2;137;0;2m~[0m[38;2;179;1;3;48;2;103;1;2m▀[38;2;95;2;3;48;2;147;2;4m*[38;2;213;2;6;48;2;154;0;2m_[38;2;210;4;6;48;2;175;1;2m_[38;2;208;4;5;48;2;174;1;2m_[0m[38;2;165;2;3m▌[0m [38;2;132;3;8m'      [0m
  [38;2;79;0;2m~[38;2;83;0;0;48;2;148;1;2m_[38;2;154;1;2;48;2;113;2;1m▀[0m[38;2;115;7;7m'[0m [7m[38;2;96;88;75m_[0m[38;2;76;74;72;48;2;108;107;104m_[0m[7m[38;2;108;106;104m▀[38;2;91;92;90m▀[0m [38;2;79;78;74m▀[38;2;90;92;93m▀[38;2;58;63;64m@[38;2;79;81;81m▀[0m   [7m[38;2;50;52;49m▀[0m   [38;2;114;2;3m▀[7m[38;2;72;1;2mw[0m[38;2;94;0;1;48;2;173;1;3m▌[38;2;196;2;4;48;2;177;1;2m~[38;2;176;1;2;48;2;191;1;3mE[38;2;175;1;2;48;2;190;1;3mE[38;2;94;0;1;48;2;180;1;2m▀[0m[7m[38;2;117;1;2mm[0m[38;2;175;1;2;48;2;79;1;2m▀[38;2;142;1;2;48;2;167;2;2mZ[38;2;86;1;1;48;2;133;1;2m^[0m[7m[38;2;102;1;1mC[0m[38;2;123;1;1;48;2;70;0;1mw[38;2;102;2;3;48;2;158;1;3mm[0m[7m[38;2;127;1;2m-[0m[38;2;74;1;1;48;2;114;1;2mJ[0m[7m[38;2;106;1;2m~[38;2;96;1;1m~[38;2;103;1;1m~[0m[38;2;78;1;2;48;2;141;1;2mZ[38;2;154;1;4;48;2;108;1;2m▀[38;2;96;1;1;48;2;164;2;1mm[38;2;91;1;2;48;2;173;1;2m▀[38;2;128;0;0;48;2;153;1;3m_[0m[38;2;173;1;2m▀[7m[38;2;126;2;3mw[0m[38;2;131;0;1;48;2;169;1;2m▌[38;2;168;0;3;48;2;131;2;3m▀[0m[38;2;139;6;8m'[0m [38;2;54;44;29;48;2;90;87;81m▌[38;2;48;51;52;48;2;106;104;97m▀[0m[38;2;65;69;68m,    [0m
[38;2;96;1;2mm[0m   [38;2;123;4;4m▀[0m [7m[38;2;62;54;39m▌[0m[38;2;142;144;139;48;2;91;88;85m-[38;2;139;147;138;48;2;81;85;85m_[0m[38;2;83;88;94mm[38;2;93;96;98;48;2;53;55;57mG[38;2;136;147;140;48;2;78;81;81m_[38;2;113;116;115;48;2;67;69;69m▀[38;2;140;144;137;48;2;102;104;104m_[38;2;142;145;139;48;2;101;102;100m_[38;2;144;146;141;48;2;105;104;103m_[38;2;145;147;140;48;2;106;107;107m_[38;2;143;146;141;48;2;105;107;108m_[38;2;142;146;142;48;2;104;107;110m_[38;2;108;123;124;48;2;50;66;78mF[0m[38;2;31;51;68m'[7m[38;2;75;70;57m▌[0m[38;2;81;93;96m▌[7m[38;2;90;3;5m▌[0m[38;2;153;3;5m'[7m[38;2;78;1;2m▌[38;2;80;2;3mq[0m[38;2;191;3;3;48;2;172;1;1mE[38;2;196;3;4;48;2;178;1;2mE[38;2;197;2;2;48;2;177;2;2mz[38;2;216;5;5;48;2;151;0;1m_[0m[7m[38;2;174;1;2m▀[0m[38;2;122;2;2m~[38;2;179;2;3m▀[38;2;180;2;3;48;2;150;1;2m0[0m[7m[38;2;156;2;2m~[38;2;127;3;4m*[0m[38;2;117;1;2m▀[38;2;172;2;4m▀[38;2;177;2;3;48;2;91;0;2m▀[38;2;177;3;3;48;2;130;1;2m▀[38;2;179;3;3;48;2;141;1;2mP[38;2;180;2;2;48;2;99;1;2m▀[38;2;181;2;3;48;2;74;0;1m▀[0m[38;2;180;2;3m▀[38;2;158;3;5m▀[38;2;122;5;4m'[7m[38;2;130;1;3m~[0m[38;2;180;2;3;48;2;155;1;2mz[0m[38;2;168;3;3m▀[38;2;115;5;5m' [7m[38;2;97;91;84m▌[38;2;97;99;100m▀[0m[38;2;81;78;69m~[38;2;138;138;127;48;2;84;83;79m-[0m[7m[38;2;88;95;100m▀[0m   [0m
      [38;2;67;1;2;48;2;129;1;2m▀[0m [38;2;64;61;55m▀[38;2;95;92;88m▀[38;2;92;93;92mw[7m[38;2;80;83;81m'[0m[38;2;95;100;104;48;2;48;53;58mm[38;2;76;81;80;48;2;42;45;45mw[38;2;75;82;81;48;2;46;50;50mw[0m[38;2;76;84;89m~[38;2;58;65;69m~[0m    [38;2;105;102;96;48;2;63;58;51m▀[0m[38;2;93;99;103m▌  [38;2;124;0;3m▀[38;2;112;6;9m'[38;2;172;1;2;48;2;190;2;3m5[38;2;182;0;2;48;2;196;1;3m5[38;2;183;0;2;48;2;197;2;4m55[38;2;182;1;2;48;2;196;2;3m5[38;2;174;1;2;48;2;180;3;3m5[0m[7m[38;2;188;2;2m▀[0m[38;2;146;1;1m,[38;2;142;1;3m▀[38;2;106;1;1;48;2;169;1;3m,[38;2;169;1;2;48;2;182;2;2mE[38;2;76;0;0;48;2;187;1;2m▀[0m[7m[38;2;170;1;3m▀[38;2;119;0;1m▀[38;2;94;0;0m▀[0m [7m[38;2;177;2;3m▀[38;2;184;1;3m▀[0m[38;2;75;0;1;48;2;158;2;3m~[0m[38;2;168;1;2m▀[38;2;127;2;4m▀[38;2;67;3;5m'[7m[38;2;110;99;91m▀[0m[38;2;102;92;87;48;2;117;114;111mE[0m[7m[38;2;79;82;85m▀[0m [38;2;78;70;61m▀[38;2;66;71;74;48;2;110;108;100m▀[0m[38;2;60;70;73m,[38;2;53;48;39;48;2;102;97;89m▌[0m[38;2;94;103;105m▌  [0m
  [38;2;106;1;2m▀[38;2;128;3;4m\  [0m [38;2;87;3;3m'          [7m[38;2;101;98;87m▌[0m[38;2;122;121;117;48;2;101;101;106mz[38;2;141;146;136;48;2;89;90;95m_[0m[38;2;32;45;58mr[38;2;102;94;77;48;2;110;108;110m▌[38;2;146;147;140;48;2;91;87;90m_[0m[38;2;70;80;87m▌[0m [38;2;77;0;2;48;2;157;1;2m▀[38;2;192;1;4;48;2;162;0;2mz[38;2;184;1;2;48;2;121;1;2m▀[38;2;216;5;6;48;2;176;1;2m_[38;2;216;4;5;48;2;175;0;1m_[38;2;196;1;3;48;2;167;1;1mz[38;2;182;1;2;48;2;84;2;3m▀[0m[38;2;181;1;3m▀[38;2;184;1;3;48;2;161;1;2m=[0m[38;2;118;2;1m▌[0m [38;2;158;1;3m▀[38;2;179;1;2;48;2;120;0;2m▀[38;2;193;2;4;48;2;168;0;1mz[38;2;210;5;6;48;2;175;0;2m_[38;2;195;2;4;48;2;169;0;1mz[38;2;193;3;3;48;2;167;1;1mz[38;2;209;4;5;48;2;170;1;1m_[38;2;189;2;3;48;2;161;0;2mz[0m[38;2;93;3;4m▌[38;2;156;141;128;48;2;91;72;61m_[38;2;133;119;111;48;2;108;99;100mz[0m[7m[38;2;99;95;98m▀[0m [38;2;110;107;105m▀[38;2;119;117;113;48;2;94;97;102mz[0m[38;2;73;91;106mr[38;2;43;50;48m,[7m[38;2;75;72;62m▌[0m[38;2;139;144;133;48;2;86;94;97m_[0m [38;2;112;116;110;48;2;92;102;99mE[0m  [0m
              [7m[38;2;91;86;73m▀[0m[38;2;78;74;73;48;2;112;112;108mE[38;2;77;76;74;48;2;112;115;111mE[38;2;80;79;75;48;2;115;118;112mE[38;2;96;98;93;48;2;109;120;119mE[38;2;104;110;108;48;2;63;69;70m*[0m[38;2;90;99;102m▀[7m[38;2;86;81;70mf[0m[38;2;104;96;92;48;2;121;119;116mE[38;2;76;76;78;48;2;104;109;111m_[0m[38;2;49;78;111m'[38;2;85;0;3m~[38;2;133;2;3m▀[7m[38;2;151;1;2m▀[0m[38;2;112;1;2;48;2;175;1;2m'[38;2;172;1;1;48;2;190;1;2m5[38;2;180;1;2;48;2;96;2;3m▌[0m[38;2;87;4;2m' [7m[38;2;85;0;1m▀[0m[38;2;169;2;3;48;2;147;2;3m,[0m[38;2;100;2;4m▌[0m  [7m[38;2;84;0;0m▀[38;2;86;1;1m*[38;2;135;1;3mm[0m[38;2;159;1;2m▀[38;2;190;2;3;48;2;146;1;2m~[38;2;166;1;2;48;2;183;2;3m5[0m[38;2;166;3;4m▌[0m [38;2;106;93;88m▀[38;2;82;65;59;48;2;112;105;101m_[38;2;104;94;93;48;2;119;117;115mE[38;2;85;72;68;48;2;107;107;107m_[0m[7m[38;2;81;93;98m▀[0m[38;2;44;43;38m`[38;2;53;50;40m▀[38;2;99;100;95m▀[38;2;99;103;101;48;2;66;68;64mw[0m[7m[38;2;111;115;110m▀[0m[38;2;72;65;55;48;2;92;107;107m▀[0m[38;2;80;96;101m▀[0m  [0m
             [38;2;58;54;39;48;2;96;96;91m▌[38;2;101;109;112;48;2;38;56;64m▀[0m[38;2;72;77;82m▀[38;2;91;94;96m▀[38;2;108;110;110m▀[38;2;100;116;120;48;2;58;71;82mP[0m[7m[38;2;79;72;63m~[0m[38;2;120;133;138;48;2;78;76;75m_[38;2;119;122;119;48;2;99;96;96mz[38;2;113;116;119;48;2;102;99;99mE[38;2;110;121;125;48;2;67;76;85mz[0m [38;2;100;2;3m'[7m[38;2;146;1;3m▌[0m[38;2;195;2;5;48;2;157;0;2m=[38;2;198;2;4;48;2;161;1;1m=[48;2;156;1;2m=[0m[38;2;121;2;3m▌ [38;2;91;1;1m▀[38;2;121;3;5m▀[0m [7m[38;2;146;1;1m▀[0m[38;2;188;2;5;48;2;127;1;1m=[0m[38;2;167;1;3m▀[38;2;169;1;3m▀[38;2;173;1;3m▀[38;2;172;1;3;48;2;83;0;2m▀[38;2;193;2;4;48;2;131;1;2m=[0m[7m[38;2;85;1;1m▀[38;2;153;1;2m▌[0m[38;2;137;6;9m'  [0m [38;2;102;100;97m▀[38;2;91;105;112m▀[7m[38;2;72;72;66mM[38;2;98;97;96m▀[38;2;67;68;67m▀[0m  [38;2;120;131;130;48;2;73;73;69m_[0m[38;2;89;108;111me   [0m
              [7m[38;2;81;76;64mf[0m[38;2;93;90;87;48;2;119;119;109mz[48;2;118;120;113mz[38;2;40;44;46;48;2;107;114;112m▀[0m [7m[38;2;76;78;72m-[38;2;77;82;81mm[0m[38;2;34;43;49;48;2;89;91;88mw[0m[7m[38;2;93;99;100mm[0m[38;2;100;105;102m▀[7m[38;2;62;71;69mJ[0m  [7m[38;2;77;1;2m▌[38;2;117;2;2m*[38;2;98;1;0m▀[0m [7m[38;2;97;1;1m▀[38;2;161;2;3m▀[0m[38;2;82;0;1;48;2;169;3;4m▀[38;2;157;1;2;48;2;85;3;3m▀[0m[38;2;112;1;2m▀[7m[38;2;79;70;53m▀[0m[38;2;64;53;40;48;2;122;121;116m▀[38;2;110;97;88;48;2;122;120;115mE[38;2;102;92;88;48;2;118;116;112mE[0m[7m[38;2;115;115;113m▀[0m[38;2;94;0;2m~[38;2;162;1;2;48;2;137;3;4m?[0m       [38;2;86;79;64m~[38;2;97;97;93m▀[7m[38;2;84;88;85m_[0m[38;2;118;120;115;48;2;72;77;76m~[38;2;88;97;94;48;2;60;64;64m#[0m[38;2;89;101;100m▀[38;2;41;77;103m'   [0m
            [7m[38;2;59;55;45m▀[38;2;89;87;79m~[0m[38;2;119;122;118;48;2;97;97;96mz[38;2;114;117;115;48;2;100;99;99m5[38;2;115;115;115m5[38;2;115;116;114;48;2;92;100;102m5[0m[38;2;47;72;90m'[38;2;111;111;106;48;2;51;52;51m▀[0m[38;2;78;93;101mQ[38;2;84;84;77m▀[38;2;94;109;114m'[38;2;103;104;92;48;2;53;59;55m▀[0m[38;2;50;72;80m▌[38;2;81;100;96m@ [0m [38;2;159;1;3m▀[38;2;161;1;3m▀[38;2;162;1;2m▀[38;2;160;1;2m▀[38;2;154;2;3m▀[38;2;140;6;5m'  [7m[38;2;78;74;67m▌[0m[38;2;123;124;118;48;2;100;98;96mz[38;2;119;119;115;48;2;104;103;100m5[38;2;120;120;116;48;2;105;103;100m5[38;2;121;119;117;48;2;105;101;101m5[38;2;131;128;120;48;2;87;86;92m=[38;2;103;4;6;48;2;63;63;69m▀[0m [38;2;108;10;12m.               [0m
         [7m[38;2;87;80;71m▀[38;2;115;115;111m▀[0m[38;2;67;55;36;48;2;108;105;99m'[38;2;105;101;98;48;2;119;117;115m5[38;2;106;101;97;48;2;120;118;114m5[38;2;107;101;98m5[38;2;104;97;95;48;2;118;121;119mz[38;2;110;112;110;48;2;50;67;78m▀[0m[38;2;88;115;128m~[38;2;73;87;84m,                [0m [7m[38;2;88;97;91m▀[0m [38;2;114;109;100m▀[38;2;117;96;82;48;2;114;111;108m_[38;2;112;105;104;48;2;124;121;121m5[38;2;110;104;103;48;2;123;120;120m5[38;2;109;102;101;48;2;122;118;117m5[38;2;82;79;86;48;2;108;104;102m=[0m[7m[38;2;119;115;114m▀[38;2;93;87;86m▀[0m              [0m
     [7m[38;2;60;60;55m▀[0m[38;2;101;100;99mw[38;2;131;128;121;48;2;73;74;76m=[38;2;131;129;123;48;2;86;90;97m=[38;2;131;131;124;48;2;86;91;98m=[38;2;131;133;123;48;2;85;90;95m=[38;2;132;133;123;48;2;83;87;90m=[38;2;112;110;110;48;2;59;65;67m▀[0m[38;2;112;110;109m▀[38;2;92;100;107m▀[38;2;54;71;89m~ [7m[38;2;58;49;30m▌[0m[38;2;135;134;121;48;2;93;94;95m=[0m[7m[38;2;87;87;89m▀[0m   [38;2;89;105;113m_[0m        [7m[38;2;70;63;62m▀[0m[38;2;43;47;52m,[0m [38;2;124;127;130;48;2;86;75;66m_[38;2;118;125;127;48;2;79;92;103mz[0m   [38;2;68;66;65m▀[38;2;108;107;110m▀[38;2;109;109;111;48;2;52;51;49m▀[38;2;135;131;124;48;2;87;88;93m=[38;2;113;115;116;48;2;95;95;98m5[38;2;114;115;115;48;2;99;97;98m5[38;2;114;114;114;48;2;99;97;96m5[38;2;132;132;120;48;2;92;93;93m=[38;2;118;123;118;48;2;68;70;66mz[0m[38;2;112;119;106mw[38;2;90;102;97mw[38;2;74;105;124m-        [0m
            [7m[38;2;112;0;1m~[0m[38;2;124;0;0;48;2;157;2;3m=[0m[38;2;140;2;2m,  [0m [38;2;128;127;120;48;2;85;80;78m~[38;2;64;63;67;48;2;100;98;95m,[0m[38;2;82;95;100mA[38;2;88;80;60m~[7m[38;2;151;1;3m▀[0m[38;2;76;10;12;48;2;169;2;2m▀[38;2;139;1;2;48;2;169;3;3m5[38;2;136;0;0;48;2;173;3;3m=[38;2;168;2;2;48;2;138;2;3m@[38;2;174;1;3;48;2;133;2;2m▀[38;2;144;1;2;48;2;172;2;3mg[38;2;139;0;0;48;2;179;2;3m=[38;2;137;0;0;48;2;177;2;3m=[38;2;103;0;2;48;2;173;2;2m▀[0m[7m[38;2;167;2;2m▀[38;2;102;1;2m▀[0m[38;2;99;85;71m▀[38;2;121;110;110m▀[38;2;83;91;102m▀ [0m  [38;2;142;1;2;48;2;163;1;2m▌[38;2;159;1;3;48;2;116;3;5me[0m                  [0m
             [38;2;150;1;2;48;2;84;1;1m▀[38;2;184;5;4;48;2;148;0;1m=[38;2;169;2;2;48;2;122;1;1mw[38;2;72;1;1;48;2;167;1;3m▀[0m[7m[38;2;167;1;2m▀[38;2;168;1;2m▀[38;2;152;1;1m~[0m[38;2;193;4;3;48;2;148;0;1m=[38;2;162;2;2;48;2;109;1;2m#[0m[38;2;151;1;1m▀[38;2;108;3;3m▀[38;2;72;2;2m'[0m     [38;2;102;2;2m▀[38;2;158;1;3m▀[38;2;170;1;3;48;2;118;1;2m*[38;2;195;4;5;48;2;155;0;1m=[38;2;194;4;5;48;2;157;0;1m=[38;2;190;5;6;48;2;130;0;1m=[0m[7m[38;2;171;1;1m▀▀[0m[38;2;131;1;2;48;2;171;1;1m▀[38;2;174;2;3;48;2;154;0;1m%[38;2;150;1;1;48;2;83;3;4m▀[0m[38;2;115;9;10m'                  [0m
               [38;2;117;1;2m▀[38;2;162;2;3m▀[38;2;163;2;3m▀[38;2;142;2;2m▀[7m[38;2;147;1;3m*[0m[38;2;77;2;4;48;2;167;1;2m▀[38;2;163;2;4;48;2;87;2;2me[0m[38;2;135;3;5m'[7m[38;2;160;1;3m▀[0m[38;2;96;1;2;48;2;173;1;3m~[38;2;207;0;5;48;2;180;2;3m_[38;2;126;2;3;48;2;186;1;2m▀[0m[7m[38;2;163;1;3m~[0m[38;2;148;0;0;48;2;190;2;3m=[38;2;147;0;0;48;2;188;2;3m=[38;2;107;1;3;48;2;178;1;2m▀[0m[38;2;117;3;4m,[38;2;156;1;3;48;2;106;1;1m*[38;2;81;1;2;48;2;171;1;3m▀[38;2;69;0;0;48;2;147;2;2m=[38;2;75;1;1;48;2;147;2;3mm[0m[38;2;166;2;3m▀[38;2;146;2;3m▀[38;2;150;2;3m▀[38;2;146;5;6m~                    [0m
                   [38;2;133;1;3m▀[38;2;127;3;3m▀[7m[38;2;152;0;1m▀[0m[38;2;146;1;1;48;2;172;1;2mE[38;2;146;0;0;48;2;174;1;2m_[38;2;152;0;1;48;2;181;1;2m_[38;2;156;0;1;48;2;185;1;2m-[38;2;158;0;0;48;2;186;1;2m-[48;2;185;1;2m_[38;2;155;0;0;48;2;184;1;2m_[38;2;153;0;0;48;2;183;1;2m-[48;2;179;1;2m_[38;2;150;1;2;48;2;177;1;2m▀[0m[7m[38;2;88;1;2m\[0m[38;2;157;1;1m▀[38;2;131;2;3m▀[0m                         [0m
                     [38;2;118;1;1m▀[38;2;175;1;1;48;2;80;1;1m▀[38;2;179;2;2;48;2;160;2;2mE[38;2;215;1;3;48;2;175;1;1m-[38;2;219;0;3;48;2;179;1;2m-[38;2;191;1;2;48;2;143;2;2mF[38;2;140;0;0;48;2;168;2;2m=[38;2;216;3;3;48;2;176;4;1m-[38;2;217;3;6;48;2;175;3;2m-[38;2;185;2;2;48;2;152;2;2mF[0m[38;2;180;1;2m▀[38;2;104;4;4m▀                           [0m
