[0m [38;2;0;0;0m                                        [38;2;91;3;5my                  [0m
 [38;2;0;0;0m                                       [38;2;75;1;1my[38;2;148;2;1;48;2;124;2;3m:[0m[38;2;148;2;1m                  [0m
 [38;2;0;0;0m                                    [38;2;115;3;3m_[7m[38;2;111;2;2m▀[38;2;146;3;4m▀[0m[38;2;140;1;3;48;2;151;2;3m^[0m[38;2;152;3;5m▌      [0m [38;2;31;6;5m      [38;2;91;3;5m_[7m[38;2;120;3;4m▀[0m[38;2;61;4;4m▌  [0m
 [38;2;0;0;0m                                [0m [38;2;131;0;4m_[7m[38;2;138;1;3m▀[38;2;126;1;3m~[0m[38;2;125;0;1;48;2;139;2;3m'[0m[7m[38;2;135;1;2m_[0m[38;2;136;1;3m▀[38;2;72;2;3m▀[0m [38;2;0;0;0m      [7m[38;2;64;2;2m▌[0m[38;2;70;0;1m_   [0m [7m[38;2;127;1;2m▀[0m[38;2;117;0;1;48;2;127;1;2m'[0m[38;2;102;3;3m▌   [0m
 [38;2;0;0;0m  [0m  [38;2;11;1;2m                            [7m[38;2;110;1;2m'[0m[38;2;147;1;2;48;2;164;3;3mTT[0m[7m[38;2;131;3;4my[0m[38;2;123;4;4m~[0m [38;2;84;6;8m_        [7m[38;2;112;1;3m▌[0m[38;2;174;1;1;48;2;125;4;4m:[0m[38;2;174;1;1m   [0m [38;2;134;1;1;48;2;151;2;3mT[0m[38;2;134;3;3m▀[0m [38;2;0;0;0m   [0m
 [38;2;0;0;0m  [0m [7m[38;2;97;1;2m`[0m[38;2;131;6;7m,                       [0m  [38;2;0;0;0m  [7m[38;2;147;1;2m▌[0m[38;2;161;2;3;48;2;151;1;2mM[38;2;162;2;3mM[0m[38;2;95;3;4m▌ [0m [38;2;93;3;4m▌      [0m [7m[38;2;138;1;2m▀[38;2;123;2;3m_[0m[38;2;85;3;3m▀   [0m [38;2;136;0;0;48;2;118;2;3m'[0m [38;2;0;0;0m    [0m
 [38;2;0;0;0m  [0m [38;2;169;3;4;48;2;134;1;3m:[0m[38;2;156;3;5m▌           [0m [7m[38;2;111;2;2m▀[0m[38;2;58;4;6m,   [0m [38;2;0;0;0m    [7m[38;2;83;1;2m▌[0m[38;2;126;4;5mF[0m [38;2;0;0;0m  [0m [38;2;181;3;4;48;2;157;2;3mz[38;2;184;3;3;48;2;161;2;3mz[38;2;185;3;3;48;2;160;2;4mz[0m[7m[38;2;140;2;3m~[0m[38;2;88;0;2;48;2;155;2;3m~[0m[38;2;114;4;4m▌     [38;2;70;1;2m_[38;2;176;2;5;48;2;133;2;3m:[0m[38;2;115;3;4m▀[0m [38;2;0;0;0m    [0m [38;2;144;11;14m`     [0m
 [38;2;0;0;0m   [38;2;60;0;0;48;2;113;1;2mr[0m[38;2;142;2;3m▌           [0m [38;2;146;1;1;48;2;121;2;4m'[0m[38;2;118;4;5m~ [0m [38;2;120;1;3m=[0m [38;2;47;1;3m    [7m[38;2;155;1;3m▌[0m[38;2;150;2;3m▌  [0m [7m[38;2;100;1;2m▀[0m[38;2;156;1;1;48;2;173;1;3mz[38;2;161;1;1;48;2;180;2;3mg[38;2;162;1;1;48;2;181;2;2mgg[38;2;161;1;1;48;2;179;1;2mg[38;2;164;1;3;48;2;150;2;3m'[0m[38;2;79;2;2m_ [7m[38;2;95;2;3m▀[0m  [7m[38;2;126;2;3m▌[0m[38;2;97;2;3m▀  [7m[38;2;71;2;3m▌[0m [38;2;0;0;0m         [0m
 [38;2;0;0;0m   [7m[38;2;138;2;3m▌[0m[38;2;89;4;5m▌            [7m[38;2;146;3;5m▌[38;2;135;2;2m▀[0m [38;2;107;1;7m`  [0m  [38;2;0;0;0m [0m [38;2;179;3;3;48;2;156;1;3mg[38;2;200;3;3;48;2;156;2;3m:[0m[7m[38;2;167;2;3m▀[38;2;151;1;3m~[0m[38;2;193;3;3;48;2;166;2;3mz[38;2;195;3;3;48;2;171;2;3mz[38;2;198;4;4;48;2;174;2;3mz[38;2;200;3;3;48;2;177;1;3mz[38;2;199;3;3mz[38;2;198;3;3;48;2;176;2;3mz[38;2;197;3;4;48;2;174;2;3mz[38;2;162;3;4;48;2;71;2;2m▌[38;2;100;4;4;48;2;139;3;4m"[0m[38;2;89;2;6m_[38;2;187;4;5;48;2;147;2;4m:[0m[38;2;93;2;3m▌[0m   [38;2;100;4;7mr [7m[38;2;120;1;3m▌[0m[38;2;94;4;4m▌[0m  [38;2;0;0;0m       [0m
 [38;2;0;0;0m   [0m  [38;2;0;0;0m [38;2;111;4;6m_     [7m[38;2;89;2;3m▀[0m [38;2;57;5;5m   [0m [7m[38;2;128;1;2m,[0m[38;2;145;0;1;48;2;163;1;3mz[0m[7m[38;2;151;2;2m`[0m[38;2;142;3;4m_  [7m[38;2;95;2;3m▌[38;2;171;1;3m▀[0m[38;2;107;1;2;48;2;166;1;2m~[38;2;165;0;1;48;2;185;2;3mz[38;2;168;1;1;48;2;187;2;3mz[38;2;167;1;1mz[38;2;169;1;1;48;2;188;2;3mz[38;2;172;1;1;48;2;190;2;3mz[38;2;174;1;1;48;2;193;2;3mz[38;2;176;1;1;48;2;196;2;3mz[48;2;196;1;3mz[38;2;174;1;1;48;2;194;2;3mz[38;2;169;1;1;48;2;190;2;3mz[38;2;164;1;1;48;2;181;2;3mz[0m[7m[38;2;143;2;2m`[0m[38;2;161;1;2m▀[38;2;109;3;3m▀[38;2;147;0;0;48;2;161;1;2m:[0m[38;2;132;3;4m▌ [0m [7m[38;2;130;2;4m▌[0m[38;2;140;3;3m▌[0m    [38;2;122;3;3;48;2;72;1;2m%[0m[38;2;62;7;9m,  [0m  [38;2;2;0;0m  [0m
 [38;2;0;0;0m      [38;2;143;5;6m`[38;2;135;3;6ma[38;2;122;3;5m_   [38;2;91;1;1m▀[7m[38;2;108;2;4m_[0m [38;2;0;0;0m   [7m[38;2;83;1;2m▌[0m[38;2;119;3;4;48;2;157;2;3m,[38;2;187;3;2;48;2;163;1;3mz[38;2;200;3;4;48;2;156;2;3m:[0m [38;2;0;0;0m [7m[38;2;103;1;2m▌[0m[38;2;197;3;3;48;2;171;1;2mz[38;2;205;3;4;48;2;178;2;3mz[38;2;209;3;4;48;2;183;1;3mz[38;2;211;3;5;48;2;186;2;3mz[48;2;186;1;3mz[38;2;212;3;5;48;2;187;1;3mz[38;2;213;3;4;48;2;189;2;2mz[38;2;214;2;3;48;2;191;2;3mz[38;2;214;3;4;48;2;191;2;2mz[38;2;213;4;5;48;2;190;1;2mz[38;2;209;3;4;48;2;186;1;2mz[38;2;205;3;5;48;2;179;2;3mz[0m[7m[38;2;90;3;3m4[38;2;150;2;4m▀[0m [7m[38;2;117;1;2m▌[38;2;149;3;3m_[0m  [7m[38;2;145;2;3m▌[0m[38;2;186;3;3;48;2;160;1;3mz[38;2;200;4;5;48;2;160;2;3m:[0m [38;2;67;4;5m [0m [7m[38;2;113;1;3m▀[0m[38;2;93;1;1;48;2;144;1;2m~[0m[38;2;149;4;6m▌  [0m [38;2;111;4;4m▌  [0m
 [38;2;0;0;0m       [0m [7m[38;2;139;1;3m▌[38;2;154;2;4m▀[0m[38;2;119;2;4m_     [7m[38;2;79;4;5m▌[0m  [7m[38;2;127;1;3m▌[0m[38;2;154;1;1;48;2;176;2;4mz[38;2;74;1;2;48;2;143;3;3my[0m[38;2;94;4;4my[0m [38;2;113;1;4;48;2;150;1;2m~[38;2;171;1;1;48;2;190;2;4mz[38;2;174;0;1;48;2;195;2;4mz[38;2;179;0;1;48;2;199;2;3mz[38;2;179;1;1;48;2;200;2;4mz[38;2;180;1;1;48;2;200;2;3mz[38;2;178;1;1;48;2;199;2;3mz[38;2;180;1;1mz[38;2;179;1;1;48;2;200;2;3mz[38;2;177;1;1;48;2;199;2;3mz[38;2;215;3;4;48;2;188;2;2m-[38;2;213;3;5;48;2;185;2;2m-[0m[7m[38;2;161;3;4m.[38;2;140;2;3m'[0m[38;2;175;2;3;48;2;71;4;3m▌[0m[38;2;175;2;3m [38;2;95;1;3m_[38;2;188;4;5m_[38;2;190;2;7m_[7m[38;2;141;1;2m`[0m[38;2;157;1;1;48;2;177;2;3mz[38;2;177;2;3;48;2;154;2;3m'[0m[38;2;98;4;2m~ [7m[38;2;102;1;3m▀[0m[38;2;136;0;1;48;2;155;2;3m:[38;2;130;0;0;48;2;154;2;4m:[0m[38;2;153;2;3m▀[38;2;97;5;5m~   [38;2;96;0;0;48;2;133;1;3mr[0m[38;2;125;4;5m▌ [0m
 [38;2;0;0;0m   [7m[38;2;117;1;1m▀[0m  [38;2;86;2;4m▌ [0m [7m[38;2;134;1;3m_[0m[38;2;187;3;4;48;2;160;1;3m:[0m[38;2;99;2;3m▌    [7m[38;2;61;3;3m▌[0m [7m[38;2;122;1;3m▌[0m[38;2;141;0;0;48;2;176;1;3m-[38;2;97;3;2;48;2;159;2;3m=[0m[7m[38;2;109;2;3m"[38;2;120;1;3m▀[38;2;167;1;3m`[0m[38;2;159;0;0;48;2;192;1;3m-[38;2;162;0;0;48;2;196;1;4m-[38;2;166;0;0;48;2;199;2;3m-[38;2;170;0;1;48;2;202;2;3m-[38;2;171;0;1;48;2;203;2;3m-[48;2;202;2;3m-[38;2;169;0;1;48;2;200;2;3m-[0m[7m[38;2;155;3;4m;[0m[38;2;164;0;2;48;2;198;1;3m-[38;2;161;0;1;48;2;196;1;3m-[38;2;160;0;1;48;2;194;2;3m-[38;2;161;0;3;48;2;193;2;3m-[0m[7m[38;2;152;3;4m'[0m[38;2;154;0;2;48;2;185;2;2m-[38;2;223;4;4;48;2;179;2;3m.[0m[7m[38;2;152;2;2m~[0m[38;2;207;5;3;48;2;173;1;2m:[38;2;153;0;1;48;2;186;2;2m-[38;2;153;0;2;48;2;185;2;3m--[38;2;152;0;1m-[0m[38;2;172;3;4m▌ [0m [38;2;186;4;5;48;2;144;2;4m:[0m[38;2;156;3;3m▀[0m [38;2;70;3;5my[0m [38;2;0;0;0m   [7m[38;2;175;1;2m▌[0m[38;2;193;4;6;48;2;135;3;3m:[0m[38;2;193;4;6m [0m
 [38;2;0;0;0m   [38;2;160;2;3;48;2;138;1;3m'[0m[38;2;137;3;4m▌[0m [38;2;162;2;3;48;2;149;2;3m'[0m[38;2;104;5;7m_ [0m [38;2;188;3;4;48;2;160;1;2m-[38;2;171;1;2;48;2;155;2;3m'[0m [38;2;0;0;0m [38;2;56;5;7m+ [7m[38;2;87;2;3m▀[0m[38;2;130;5;4m_[7m[38;2;149;2;3m▌[0m[38;2;204;3;5;48;2;173;2;2m-[38;2;207;4;5;48;2;177;1;2m-[38;2;211;3;6;48;2;182;1;2m-[38;2;213;4;6;48;2;185;1;2m-[38;2;216;3;7;48;2;187;1;3m-[38;2;218;3;8;48;2;188;1;3m-[48;2;189;1;3m-[38;2;225;4;8;48;2;195;2;3m-[38;2;228;3;10;48;2;197;1;3m-[38;2;228;4;8;48;2;197;1;2m-[0m[7m[38;2;181;2;3m_[38;2;128;4;5mz[38;2;185;2;4m▌[38;2;164;3;4m_[0m[38;2;169;2;3m▀[7m[38;2;141;2;3mm[38;2;165;3;4mr[38;2;124;4;5m▀[0m[38;2;174;1;1;48;2;189;2;4mz[38;2;213;4;5;48;2;185;2;3m-[38;2;213;3;6m_[38;2;211;4;7;48;2;183;2;3m_[38;2;211;4;6;48;2;181;2;3m-[0m[38;2;125;2;3m▀[38;2;191;3;4;48;2;172;2;4m'[38;2;208;4;4;48;2;180;1;3m-[38;2;206;4;4;48;2;177;2;3m-[0m[38;2;145;3;4m▌[0m [38;2;141;5;6m▌ [0m [38;2;103;5;5;48;2;128;2;4m~[0m[38;2;108;5;7m_  [0m [38;2;176;2;3;48;2;160;1;2m'[0m[38;2;138;2;3m▌ [0m
 [38;2;0;0;0m   [7m[38;2;118;1;2m_[0m[38;2;124;0;0;48;2;153;2;2m_[0m[7m[38;2;135;1;2m~[0m[38;2;170;4;5;48;2;135;2;3m:[38;2;172;4;3;48;2;122;3;4m:[0m[38;2;172;4;3m [0m [38;2;132;0;2;48;2;161;2;2m_[38;2;179;3;4;48;2;148;3;3m:[0m [38;2;0;0;0m [7m[38;2;80;2;3m▌[38;2;103;2;2m▀[38;2;139;1;2m▌[0m[38;2;190;3;3;48;2;160;2;2m:[0m[7m[38;2;87;2;2m▀[0m[38;2;191;3;4;48;2;151;1;3m:[38;2;150;0;0;48;2;182;2;3m-[38;2;152;0;2;48;2;183;1;2m_[38;2;133;2;3;48;2;176;1;2m,[38;2;152;0;1;48;2;187;1;2m_[38;2;187;9;9;48;2;150;2;3m:[38;2;88;0;1;48;2;178;2;3m_[38;2;163;0;0;48;2;196;1;2m_[0m[7m[38;2;165;2;4my[38;2;139;2;3m=[38;2;153;2;3m~[0m[38;2;209;3;5;48;2;177;2;4m:[0m[7m[38;2;107;3;4my[38;2;168;1;2m▀[0m[38;2;138;1;3;48;2;176;1;2m'[38;2;155;0;0;48;2;186;1;2m_[38;2;204;2;2;48;2;178;2;3m:[0m[7m[38;2;132;3;3m[[0m[38;2;157;0;0;48;2;188;2;3m-[38;2;159;0;1;48;2;189;2;2m--[38;2;208;3;5;48;2;173;2;3m:[0m[38;2;125;3;3m▀[0m [38;2;93;2;5;48;2;134;1;2m,[38;2;156;0;1;48;2;185;2;3m-[38;2;153;0;1;48;2;183;2;2m-[38;2;136;0;0;48;2;172;3;3m-[0m[7m[38;2;93;2;3mj[0m[38;2;103;2;3;48;2;143;3;4m"[0m [38;2;87;3;3my[7m[38;2;130;1;2m▌[0m[38;2;177;3;4;48;2;151;2;3m:[0m[38;2;90;4;6mL [7m[38;2;127;3;4m▌[0m[38;2;157;6;4m`  [0m
[38;2;154;5;7m_[0m [38;2;0;0;0m  [0m [7m[38;2;109;2;3m_[38;2;137;2;3m,[38;2;115;3;3m_[0m[38;2;141;1;5m`[38;2;107;6;8m+[0m [38;2;114;1;2m▀[38;2;174;4;6;48;2;133;4;5m'[0m[38;2;174;4;6m  [7m[38;2;88;1;3m▌[0m[38;2;153;2;3;48;2;178;2;3m▀[38;2;159;0;1;48;2;177;2;3mc[38;2;165;1;1;48;2;182;2;3mz[38;2;197;3;3;48;2;174;2;4m'[0m[7m[38;2;136;2;4m\[0m[38;2;173;0;1;48;2;190;2;4mc[38;2;174;1;1;48;2;191;2;4mz[0m[38;2;138;5;6m▌[38;2;120;3;4m▀[38;2;112;4;4m▀[7m[38;2;91;2;3mM[0m[38;2;207;2;3;48;2;174;2;4m'[0m[7m[38;2;139;3;3m[[0m[38;2;177;1;1;48;2;195;2;4mzc[38;2;176;0;2;48;2;193;2;4mc[0m[7m[38;2;142;3;3m^[0m[38;2;179;1;1;48;2;197;2;4mz[38;2;175;1;1;48;2;194;2;4mz[38;2;173;1;1;48;2;190;2;3mz[0m[38;2;146;4;4m▌[38;2;189;1;1;48;2;165;1;2m,[38;2;174;1;2;48;2;186;2;4mp[38;2;81;0;0;48;2;179;2;3m,[38;2;181;1;1;48;2;198;2;4mz[38;2;203;4;8;48;2;184;2;3m'[38;2;193;2;3;48;2;177;1;3m,[38;2;169;0;0;48;2;183;2;3m:[38;2;100;1;2;48;2;165;1;3m"[38;2;172;1;1;48;2;192;2;4mc[38;2;174;1;1mz[38;2;173;1;1;48;2;190;2;4mz[0m[38;2;139;5;7m▌[38;2;84;1;1;48;2;172;2;4m▌[38;2;83;4;6;48;2;122;2;3m"[0m[7m[38;2;129;2;3m▌[38;2;132;2;3m`[0m[38;2;148;0;1;48;2;167;2;3mc[38;2;176;2;4;48;2;140;3;3m'[0m[38;2;176;2;4m [38;2;134;4;10m`   [0m
[38;2;86;2;3m▀[0m [38;2;48;3;4m    [0m [38;2;74;2;3m^[0m [7m[38;2;82;76;67m▀[38;2;53;56;57m▀[0m[38;2;101;101;93mg[38;2;146;2;3m"[7m[38;2;60;54;42m▌[38;2;120;111;108m▀[38;2;81;79;83m▀[0m[38;2;82;2;2;48;2;144;1;2m,[38;2;147;0;1;48;2;178;2;2m-[38;2;151;0;2;48;2;182;2;3m_[38;2;154;0;1;48;2;185;2;2m-[38;2;203;3;4;48;2;171;2;3m:[38;2;104;1;1;48;2;159;2;3m\[38;2;154;0;0;48;2;186;2;3m-[0m[38;2;167;3;4m▌[0m [38;2;24;0;0m [38;2;197;3;6;48;2;148;1;2m:[38;2;145;2;3;48;2;173;1;3m'[38;2;155;0;0;48;2;185;1;3m-[38;2;159;0;1;48;2;193;1;3m_[38;2;160;0;1;48;2;194;1;3m_[38;2;160;0;0;48;2;194;2;3m-[38;2;163;0;1m-[38;2;160;0;1;48;2;193;2;3m_[38;2;156;0;1;48;2;191;1;2m-[38;2;85;2;2;48;2;147;3;3my[38;2;79;0;1;48;2;141;2;3m~[0m[38;2;121;4;4m▀[38;2;83;1;3;48;2;183;1;2m▀[38;2;160;2;4;48;2;186;1;3m'[38;2;167;0;0;48;2;196;2;3m-[38;2;166;0;0;48;2;194;2;2m-[38;2;165;0;0m-[38;2;164;0;0;48;2;193;2;3m-[38;2;162;0;1;48;2;192;2;3m_[38;2;158;0;1;48;2;190;2;3m_[38;2;156;0;1;48;2;188;1;2m_[38;2;154;0;0;48;2;186;1;2m_[0m[38;2;120;5;7m▌[38;2;191;3;3;48;2;155;2;4m:[0m[38;2;122;2;3m▀[0m [38;2;172;3;4;48;2;144;1;2m:[38;2;181;3;3;48;2;155;2;3m:[0m[38;2;138;3;3m▀     [0m
 [38;2;0;0;0m   [38;2;127;4;5m\  [38;2;114;108;87m_[7m[38;2;108;107;101m▀[0m[38;2;134;140;142;48;2;107;107;103m-[38;2;135;142;142;48;2;108;109;104m-[38;2;137;143;141;48;2;110;109;105m-[0m[7m[38;2;89;90;90m`[0m[38;2;77;64;49;48;2;102;97;92m^[38;2;144;143;142;48;2;119;111;106m-[38;2;148;145;143;48;2;119;112;106m-[0m[7m[38;2;93;31;35ml[0m[38;2;189;5;6;48;2;177;2;3m'[38;2;82;2;3;48;2;148;3;5my[38;2;198;2;5;48;2;185;2;3m'[38;2;201;3;4;48;2;170;3;4m'[38;2;125;0;1;48;2;169;2;3m,[38;2;206;4;6;48;2;194;2;4m'[38;2;205;3;5;48;2;194;3;3m'[38;2;98;4;6;48;2;176;3;3m`[0m[7m[38;2;153;4;5m▀[0m[38;2;200;4;6;48;2;171;2;4m,[38;2;182;3;3;48;2;192;2;3m^[38;2;187;2;3;48;2;191;3;3m|[38;2;207;3;3;48;2;195;3;2m'[38;2;208;3;6;48;2;169;3;4m'[38;2;111;1;2;48;2;167;3;4mr[38;2;189;3;3;48;2;198;2;3m^[38;2;190;2;4;48;2;199;2;3m^[38;2;207;4;4;48;2;158;3;4m'[0m[38;2;105;2;5m▀[7m[38;2;149;2;3m▀[0m[38;2;204;4;4;48;2;180;2;2m,[38;2;210;3;4;48;2;197;2;3m'[38;2;211;3;4;48;2;198;2;2m'[38;2;213;3;5;48;2;199;2;2m'[38;2;195;2;4;48;2;202;2;2m^[38;2;212;3;4;48;2;196;2;3m,[0m[38;2;194;2;3m▀[38;2;147;3;5m▀[38;2;195;6;5m~[38;2;139;2;3m▀[38;2;87;1;4;48;2;163;2;3m,[0m[38;2;146;5;6m▌[38;2;143;6;7m▌[7m[38;2;139;2;3m▀[0m[38;2;176;4;7;48;2;142;3;4m'[0m[38;2;133;3;4m▀[7m[38;2;137;3;3m▀[0m [38;2;65;6;6m     [0m
 [38;2;0;0;0m  [0m [38;2;160;3;3;48;2;105;3;4m:[0m[38;2;117;5;7m, [38;2;85;83;72;48;2;36;41;42m▀[0m[38;2;69;81;86m▀[38;2;46;59;69m~[38;2;71;84;93m`[38;2;90;102;112m`[38;2;76;79;87m~[7m[38;2;91;88;89m=[38;2;89;87;87m_[38;2;101;99;102m-[38;2;109;1;2m▌[0m[38;2;177;2;2;48;2;157;1;2mc[0m[38;2;101;3;4m▌[38;2;192;2;4;48;2;163;1;3m:[0m[38;2;171;2;3m▌[38;2;96;0;0;48;2;153;1;2m~[38;2;200;1;3;48;2;181;1;2mc[38;2;201;2;3mc[38;2;200;3;3;48;2;180;1;2mc[38;2;199;3;3;48;2;179;1;2mc[38;2;196;3;2;48;2;176;1;2mc[38;2;199;2;1;48;2;171;2;2m:[0m[7m[38;2;174;1;2m▌[0m[38;2;193;2;2;48;2;174;2;3mz[0m[38;2;76;3;3m▌[38;2;161;0;0;48;2;186;2;3m-[38;2;205;2;2;48;2;185;1;2mc[38;2;206;2;3;48;2;186;1;3mc[38;2;81;0;1;48;2;143;2;3m"[0m[7m[38;2;104;1;4m▌[0m[38;2;154;0;0;48;2;186;1;3m_[38;2;205;2;3;48;2;183;1;3mc[38;2;204;2;3mc[38;2;202;1;2;48;2;181;1;2mc[48;2;183;1;2mz[0m[38;2;195;2;3m▀[38;2;127;8;6m`    [7m[38;2;92;1;2m▌[0m[38;2;183;4;3;48;2;148;2;3m:[0m [38;2;186;2;2;48;2;147;1;3m:[0m[38;2;74;2;4mM[38;2;87;0;0;48;2;163;1;3m~[0m[38;2;148;6;7m▌      [0m
 [38;2;44;4;6m [0m [7m[38;2;150;2;3m▀[0m[38;2;129;2;3;48;2;148;2;4mJ[0m[38;2;158;2;5m▌ [0m [38;2;98;69;37m`[7m[38;2;84;81;78m~[38;2;98;105;110m▀[38;2;105;104;94m▌[0m[38;2;125;127;125;48;2;96;99;104m'[38;2;67;63;64;48;2;87;94;98m+[0m[7m[38;2;75;76;76m▀[38;2;82;83;85m=[0m [38;2;141;1;3m▀[38;2;114;4;5m▌[7m[38;2;176;2;5m▌[0m[38;2;96;2;4;48;2;166;2;4m"[38;2;205;2;5;48;2;188;2;3m'[38;2;208;3;6;48;2;193;2;3m'[38;2;178;2;4;48;2;188;3;5mW[38;2;209;3;6;48;2;194;2;4m'[48;2;193;2;4m'[38;2;206;3;6;48;2;191;2;3m'[38;2;203;4;5;48;2;146;3;4m'[0m[38;2;89;1;4m"[38;2;204;3;5;48;2;178;2;4m'[0m[38;2;91;3;4m▌[38;2;211;3;7;48;2;175;2;5m'[38;2;210;3;5;48;2;196;2;4m'[38;2;213;3;4;48;2;198;2;3m''[38;2;185;2;4;48;2;197;2;3m^[38;2;214;3;4;48;2;198;2;3m'[38;2;213;4;5;48;2;197;2;3m'[38;2;210;3;5;48;2;194;2;4m'[0m[7m[38;2;167;3;4m_[0m[38;2;111;5;6m▀      [7m[38;2;101;1;3m▌[0m[38;2;170;2;3;48;2;179;2;3m^[38;2;84;6;6;48;2;131;3;4m"[38;2;176;4;7;48;2;144;2;3m'[0m[38;2;150;3;5m▌[38;2;108;2;4;48;2;154;1;3m_[0m[38;2;169;4;7m▌      [0m
 [38;2;111;6;9m\[38;2;69;1;3mU[38;2;133;0;1;48;2;152;1;2m,[0m[7m[38;2;133;2;3m`[0m[38;2;77;1;1;48;2;112;2;3m"[0m  [7m[38;2;69;67;63m_[38;2;103;100;98m▀[38;2;67;72;74m*[38;2;72;87;92m▌[38;2;62;68;67m`[0m [38;2;82;1;2mn[38;2;59;56;50m`[38;2;97;94;88m▌  [7m[38;2;123;1;3m▌[38;2;164;2;2m_[38;2;159;2;3m_[0m[38;2;177;1;3;48;2;78;1;3m▀[0m[7m[38;2;134;2;3m+[0m[38;2;191;2;2;48;2;179;1;2m^[0m[7m[38;2;144;3;3m_[0m[38;2;69;0;2;48;2;178;1;3m▌[38;2;160;0;2;48;2;173;2;3m,[0m[38;2;63;0;1m,[38;2;135;0;1m`[7m[38;2;144;2;3m_[38;2;84;1;2m\[38;2;162;1;2m_[0m[38;2;125;0;1;48;2;180;1;2m_[38;2;188;2;3;48;2;175;1;2mM[38;2;187;2;3;48;2;173;1;1mM[38;2;134;1;2;48;2;179;1;2m_[0m[7m[38;2;154;2;3m_[0m[38;2;123;2;4m▀[0m [38;2;83;2;2m▌      [7m[38;2;165;1;3m▌[0m[38;2;154;0;2;48;2;172;1;2m,[0m[7m[38;2;147;3;5mj[0m[38;2;181;2;4;48;2;169;1;2mM[0m[38;2;148;2;3m▌[38;2;104;5;7m,[38;2;206;0;2;48;2;190;2;4m'[0m [38;2;0;0;0m     [0m
  [7m[38;2;114;2;3m▌[0m[38;2;183;3;3;48;2;154;2;3m,[38;2;162;2;2;48;2;172;2;3m^[38;2;155;1;1;48;2;169;2;3m^[0m[7m[38;2;148;3;3m▀[0m [38;2;0;0;0m [38;2;99;95;82m~[38;2;88;98;100m▀[7m[38;2;97;106;99m▌[0m[38;2;55;54;46;48;2;74;81;82mt[0m[7m[38;2;64;65;62m▀[0m[38;2;134;146;140m_[7m[38;2;62;70;65m▀[0m[38;2;51;49;60;48;2;89;93;89mJ[0m[38;2;40;65;74mr[0m  [38;2;40;37;34m [38;2;106;5;7ms[7m[38;2;122;2;3m▀[38;2;135;3;3m-[38;2;148;3;3m=[38;2;186;3;3m▀[0m[38;2;204;3;4;48;2;188;2;3m,[38;2;182;3;2;48;2;192;2;3m^[38;2;205;3;4;48;2;175;2;4m,[0m[7m[38;2;189;2;2m▀[0m[38;2;202;6;5m_[38;2;152;5;7m~[38;2;151;8;7m~[38;2;89;1;1m▀[38;2;127;2;3m▀[38;2;112;3;3m▀[38;2;151;11;15m` [38;2;97;2;3m▀[38;2;133;9;9m=[38;2;100;6;6m~     [7m[38;2;116;2;3m▀[0m[38;2;193;3;2;48;2;178;3;4m,[38;2;84;3;4;48;2;157;4;4my[0m[7m[38;2;148;3;4m'[0m[38;2;198;4;3;48;2;179;3;3m'[38;2;75;0;2;48;2;154;3;4m^[0m[38;2;100;5;5m▌[38;2;202;1;2;48;2;156;3;5m'[0m [38;2;0;0;0m     [0m
  [38;2;77;1;1;48;2;120;1;3mk[38;2;172;2;3;48;2;159;1;2m^[38;2;169;1;3mM[38;2;151;0;1;48;2;149;2;4m'[0m[38;2;122;3;6m'[38;2;57;47;34my[38;2;51;48;49m_[7m[38;2;64;60;52m▌[0m[38;2;65;74;80m▌[7m[38;2;55;55;46m▌[38;2;73;77;79m=[0m[38;2;86;90;90m▀[38;2;82;86;85m=[38;2;83;82;79m▀[38;2;91;93;84;48;2;107;110;105m,[0m[38;2;47;72;89m▌[7m[38;2;95;83;68m▌[0m[38;2;35;43;51;48;2;101;106;108m_[0m [7m[38;2;127;2;2m▀[0m[38;2;162;1;3m▀[7m[38;2;138;2;4mr[0m[38;2;189;1;2;48;2;178;1;2m7[38;2;192;2;3;48;2;181;1;2mM[38;2;198;2;3;48;2;185;1;2m^[38;2;194;2;3;48;2;183;1;3mM[38;2;195;1;4;48;2;184;1;3mM[38;2;194;1;2;48;2;184;1;2mM[38;2;174;1;2;48;2;192;1;4mg[38;2;112;1;1;48;2;147;2;3m{[0m[38;2;125;5;8mL[7m[38;2;102;1;3mJ[38;2;130;2;4m▀[38;2;106;2;3m▀[0m[38;2;121;3;5m_      [0m [38;2;152;0;3m_[7m[38;2;163;2;3m▀[38;2;155;2;3m_[38;2;136;2;4m=[0m[38;2;97;0;2;48;2;164;1;3m~[38;2;120;2;3;48;2;177;1;3m_[38;2;186;2;3;48;2;172;1;2m^[0m[38;2;164;2;3m▌[0m [38;2;44;35;26m_[0m [38;2;0;0;0m     [0m
  [38;2;138;2;4m▀[38;2;171;2;4;48;2;155;2;4mg[38;2;172;2;5;48;2;131;2;4m'[0m[38;2;92;3;4m▌[0m [7m[38;2;96;90;80m.[0m[38;2;125;129;131;48;2;113;113;111m'[0m[7m[38;2;113;112;112m▀[38;2;96;95;93m▀[0m[38;2;129;137;133m_[38;2;87;87;85m▀[38;2;103;103;100m▀[38;2;113;125;130m=[38;2;92;96;92m▀[38;2;104;103;82m_[38;2;131;137;126m_[38;2;137;147;145m_[38;2;125;136;141m_[0m   [38;2;112;2;4m▀[38;2;132;4;5m~[38;2;95;1;2;48;2;148;2;3mw[38;2;174;1;3;48;2;190;3;4mR[38;2;178;1;2;48;2;194;3;3mR[38;2;179;2;3;48;2;195;3;4mR[38;2;85;1;2;48;2;174;3;4m7[0m[7m[38;2;123;3;5m=[0m[38;2;187;2;3;48;2;74;1;3m▀[38;2;96;4;6;48;2;163;2;4m"[38;2;96;1;2;48;2;138;3;4mM[0m[38;2;140;4;5m=[38;2;141;3;5;48;2;83;2;3ma[0m[7m[38;2;145;2;3m=[38;2;136;3;3m-[38;2;120;3;3m~[38;2;117;2;3m~[38;2;110;3;3m~[38;2;112;2;3m~[38;2;123;2;3m~[0m[38;2;109;3;5;48;2;148;3;5m>[0m[7m[38;2;151;2;3m=[0m[38;2;82;3;4;48;2;141;3;4m^[38;2;95;1;3;48;2;160;3;4m~[0m[38;2;182;2;3m▀[7m[38;2;106;3;4m*[38;2;139;2;4m'[0m[38;2;191;2;5;48;2;157;3;4m:[0m[38;2;74;4;5m^[0m [38;2;103;92;80m▀[38;2;56;58;60;48;2;110;109;105m▀[0m[38;2;101;113;121m_    [0m
[38;2;94;2;3m\[0m [38;2;0;0;0m [38;2;118;0;2m`[7m[38;2;82;2;3m_[0m [7m[38;2;65;55;44m▌[0m[38;2;43;37;33;48;2;100;96;95m_[0m[7m[38;2;94;95;94mT[38;2;65;67;69m_[38;2;74;74;74m_[38;2;89;90;92m-[38;2;89;88;86m,[0m[38;2;92;86;81;48;2;104;103;101m'[0m[7m[38;2;101;101;98m`[0m[38;2;87;81;65;48;2;104;103;101m'[38;2;95;90;87;48;2;106;106;104m'[38;2;94;93;92;48;2;105;106;106m'[38;2;115;115;112;48;2;102;106;107m^[0m[7m[38;2;81;92;99m_[0m [7m[38;2;75;68;58m▀[0m[38;2;85;93;95m▌[7m[38;2;83;3;5m▌[0m[38;2;123;7;7m'[38;2;103;0;2m_[7m[38;2;70;2;4m$[0m[38;2;172;0;2;48;2;184;2;3mg[38;2;175;0;2;48;2;189;1;3mg[38;2;176;1;2;48;2;188;1;3mz[0m[7m[38;2;172;1;3m`[38;2;181;2;3m▀[0m[38;2;102;0;2m~[38;2;169;2;2m▀[38;2;92;0;2;48;2;170;1;2m_[0m[7m[38;2;146;2;3m~[38;2;137;3;4m▀[0m[38;2;124;2;3m▀[38;2;162;1;2m▀[7m[38;2;148;2;3m_[38;2;161;1;2m_[38;2;164;1;3m_[38;2;151;2;3m_[38;2;140;2;3m_[0m[38;2;170;2;2m▀[38;2;154;2;2m▀[38;2;117;0;1m_[7m[38;2;156;1;4m▀[0m[38;2;147;0;0;48;2;161;2;3m:[0m[38;2;162;1;3m▀[38;2;64;4;5m^ [7m[38;2;94;87;81m▌[38;2;101;99;99m▀[0m[38;2;90;82;85m`[7m[38;2;94;93;88m_[38;2;90;95;97m▀[0m [38;2;0;0;0m  [0m
 [38;2;76;12;15m'[38;2;128;3;4m_[38;2;147;9;6m,[0m  [7m[38;2;108;2;4m~[0m[38;2;120;7;11m,[38;2;68;68;65m▀[38;2;104;102;99m▀[38;2;126;127;125m=[7m[38;2;89;91;88m_[38;2;85;91;92m_[38;2;78;85;85m_[38;2;75;82;82m_[0m[38;2;71;79;80m▀[38;2;134;144;142m`[38;2;110;123;138m`[0m [38;2;120;127;132m_[0m [7m[38;2;95;92;89m_[0m[38;2;98;105;112m▌[0m [38;2;0;0;0m [38;2;126;2;4m▀[0m [38;2;198;4;5;48;2;178;2;3mz[38;2;204;4;5;48;2;187;2;3mz[38;2;205;4;5;48;2;188;2;3mz[38;2;206;4;5;48;2;187;2;3mz[38;2;205;4;4;48;2;186;2;3mz[38;2;214;4;4;48;2;172;2;3m:[0m[7m[38;2;177;2;3m▀[0m[38;2;156;3;4m_[38;2;144;2;4m▀[38;2;122;5;5;48;2;165;2;3m,[38;2;208;3;3;48;2;175;2;3m:[0m[7m[38;2;146;1;3m~[38;2;159;2;3m▀[38;2;126;1;3m▀[0m[38;2;175;1;3m_[38;2;167;4;2m_[7m[38;2;162;2;3m▀[38;2;175;2;3m▀[38;2;146;2;3m`[0m[38;2;178;3;4m▀[38;2;136;3;4m▀[38;2;148;14;18m`[7m[38;2;109;99;92m▀[0m[38;2;138;132;126;48;2;116;108;107m:[0m[7m[38;2;82;85;90m▀[0m [38;2;86;81;74m▀[38;2;61;71;81;48;2;94;97;95m"[0m[38;2;66;80;89m_[7m[38;2;107;104;97m▌[0m[38;2;100;108;112m▌[0m [38;2;0;0;0m [0m
 [38;2;0;0;0m [38;2;62;0;1m`[38;2;107;2;3m▀[0m [38;2;0;0;0m [0m [38;2;81;2;3m▌          [7m[38;2;101;97;87m▌[0m[38;2;120;120;115;48;2;102;100;101mT[38;2;33;31;34;48;2;96;97;98m`[0m[38;2;35;47;57mr[38;2;89;89;91;48;2;102;97;90m:[0m[7m[38;2;101;97;96m`[0m[38;2;71;79;83m▌[0m [7m[38;2;167;1;3m▀[0m[38;2;146;0;0;48;2;172;2;2m:[0m[7m[38;2;164;2;3m,[0m[38;2;167;1;2;48;2;187;1;4mg[38;2;166;1;2;48;2;186;2;4mg[38;2;153;0;0;48;2;175;2;3m:[0m[7m[38;2;151;3;3m_[0m[38;2;173;1;2m▀[38;2;184;2;2;48;2;163;1;2m'[0m[38;2;122;3;3m▌[0m [38;2;154;1;2m▀[7m[38;2;163;1;2m_[0m[38;2;162;1;2;48;2;181;2;3mg[38;2;164;1;1;48;2;184;1;3mg[38;2;162;0;1;48;2;182;1;3mg[38;2;161;0;1;48;2;181;1;2mg[38;2;161;1;1;48;2;179;2;3mg[38;2;159;1;1;48;2;175;2;3mg[0m[38;2;100;4;5m▌[7m[38;2;99;83;72m`[0m[38;2;132;118;112;48;2;110;98;96mT[0m[7m[38;2;105;100;99m▀[0m[38;2;42;41;42m_[38;2;103;98;96m▀[38;2;117;115;113;48;2;97;96;98mT[0m[38;2;69;79;82m▌[38;2;75;67;60m_[7m[38;2;74;70;62m▌[0m[38;2;84;87;91;48;2;93;97;98m,[0m [38;2;91;89;83;48;2;103;111;105m=[0m [38;2;0;0;0m [0m
 [38;2;0;0;0m   [0m [38;2;53;3;9m        [0m [7m[38;2;88;87;78m▀[38;2;96;98;94m`[38;2;98;99;97m`[38;2;101;103;99m`[0m[38;2;124;133;128;48;2;104;112;110ms[0m[7m[38;2;86;94;95m_[0m[38;2;106;116;119m▀[7m[38;2;101;95;84m▌[0m[38;2;111;107;105;48;2;120;118;116mM[38;2;128;135;133;48;2;107;113;115m,[0m [38;2;122;3;6m`[38;2;144;3;4m▀[7m[38;2;143;2;3m▀[0m[38;2;107;1;2;48;2;174;2;4m~[38;2;202;4;5;48;2;179;2;2mz[38;2;201;8;7;48;2;140;3;3m:[0m[38;2;162;12;12m` [38;2;125;2;3m_[38;2;202;3;6;48;2;147;3;3m:[0m[38;2;104;3;5m▀[0m [38;2;151;2;5m_[38;2;153;3;5m_[38;2;156;4;6m_[7m[38;2;92;2;3m*[0m[38;2;169;2;3m▀[7m[38;2;163;2;4m_[0m[38;2;193;3;5;48;2;170;2;3mz[38;2;170;3;4;48;2;75;5;6m▌[0m [38;2;117;106;100m▀[38;2;145;140;129;48;2;114;107;106m:[38;2;110;106;104;48;2;118;117;115mM[38;2;140;140;131;48;2;107;108;109m:[0m[7m[38;2;85;94;100m▀[0m[38;2;69;82;82m~[38;2;109;92;55m`[38;2;113;117;111m▀[7m[38;2;87;88;87m`[38;2;107;111;112m▀[0m[38;2;49;43;31;48;2;92;96;95m~[0m[38;2;90;107;112m▀[0m [38;2;0;0;0m [0m
 [38;2;0;0;0m            [7m[38;2;81;80;69m`[38;2;78;88;93m_[38;2;74;72;70mm[0m[38;2;87;87;90m▀[38;2;102;99;99m▀[38;2;109;102;98;48;2;79;88;94m'[0m[7m[38;2;96;90;79m▀[38;2;95;93;91m~[0m[38;2;80;77;82;48;2;108;106;104m:[38;2;92;91;95;48;2;114;114;111mz[38;2;102;103;99;48;2;83;90;94m'[0m [38;2;112;6;9m^[7m[38;2;149;2;3m▌[0m[38;2;154;1;2;48;2;175;2;4mz[38;2;158;1;1;48;2;179;2;2mz[38;2;157;1;2;48;2;175;2;4mq[0m[38;2;131;3;4m▌ [38;2;122;4;6m4[38;2;125;3;4m▀[38;2;132;1;6m_[7m[38;2;152;1;4m▀[0m[38;2;66;0;0;48;2;145;2;4m`[0m[38;2;162;1;2m▀▀[38;2;164;1;3m▀[7m[38;2;140;2;2m_[38;2;147;2;3m`[38;2;96;3;4m▀[38;2;155;2;4m▌[0m[38;2;73;4;4m▌  [0m [38;2;96;91;89m▀[38;2;89;96;100m▀[7m[38;2;81;76;64m▀[38;2;108;108;106m▀[38;2;66;67;65m▀[0m[38;2;115;111;94m_[38;2;119;112;93m_[38;2;35;34;32;48;2;111;112;103m▀[0m[38;2;70;81;79m▌   [0m
 [38;2;0;0;0m        [38;2;72;4;7mr   [38;2;123;126;112m`[7m[38;2;86;84;73m▀[0m[38;2;92;95;90;48;2;115;116;110mT[38;2;91;94;95;48;2;114;116;113mT[38;2;49;54;52;48;2;103;109;111m▀[0m[38;2;37;54;69m`[7m[38;2;76;80;78m=[38;2;62;67;68m\[0m[38;2;89;99;106m▀[7m[38;2;78;85;88m*[0m[38;2;107;114;112m▀[38;2;70;79;78m▌[0m [38;2;0;0;0m [38;2;142;3;7m`[7m[38;2;101;1;3m=[38;2;110;2;3m▀[0m[38;2;152;1;4m_[7m[38;2;105;2;3m▀[38;2;147;2;3m▀[38;2;139;2;3m~[38;2;132;2;3m_[0m[38;2;112;2;3m▀[7m[38;2;74;68;57m▀[38;2;103;100;94m~[0m[38;2;146;150;138;48;2;112;109;101m:[38;2;53;55;54;48;2;109;105;102m`[0m[7m[38;2;109;110;112m▀[0m[38;2;164;1;2m`[38;2;189;3;6;48;2;142;2;4m:[0m  [38;2;0;0;0m     [38;2;70;70;63m~[38;2;105;106;103m▀[7m[38;2;81;85;84m_[38;2;91;97;95m_[38;2;82;90;91m_[0m[38;2;95;108;109m▀[0m [38;2;32;51;60m   [0m
 [38;2;0;0;0m          [0m [7m[38;2;64;59;47m▀[38;2;113;112;106m▀[0m[38;2;90;89;87;48;2;114;114;108mz[38;2;92;91;90;48;2;115;116;110mz[38;2;93;92;90;48;2;115;116;111mz[38;2;90;91;91;48;2;111;115;113mz[0m[38;2;54;61;63mM[7m[38;2;93;94;91m_[38;2;64;72;80m_[38;2;70;69;65m_[0m[38;2;51;61;68m▀[7m[38;2;91;93;85m_[38;2;55;65;62mj[38;2;67;80;80m_[0m[38;2;0;0;0m [0m [38;2;162;1;2m▀[7m[38;2;130;2;3m_[38;2;132;2;3m_[0m[38;2;163;1;2m▀[38;2;152;2;2m▀[38;2;128;7;9m~  [7m[38;2;82;76;69m▌[0m[38;2;95;89;89;48;2;118;115;109mz[38;2;98;92;91;48;2;120;119;114mz[38;2;97;92;90;48;2;121;118;113mz[38;2;97;92;91;48;2;120;117;112mz[38;2;46;47;48;48;2;101;99;99m`[38;2;104;3;4;48;2;78;69;73m▀[0m[38;2;67;2;4mM[0m [38;2;0;0;0m               [0m
 [38;2;0;0;0m       [38;2;71;63;60m_[7m[38;2;80;79;74m▀[38;2;103;102;101m▀[0m[38;2;52;48;38;48;2;103;102;98m~[38;2;124;127;126;48;2;103;102;101mz[38;2;125;127;126;48;2;104;101;101mz[38;2;126;127;126;48;2;105;103;103mz[38;2;86;84;91;48;2;111;115;114m-[0m[7m[38;2;90;99;104m_[0m[38;2;51;67;78m▀[38;2;80;100;122m,                [0m [7m[38;2;80;89;87m▀[0m[38;2;127;132;113m`[38;2;118;117;113m▀[38;2;91;93;92;48;2;111;108;107m,[38;2;128;129;130;48;2;109;104;107mz[38;2;127;128;130;48;2;108;103;107mz[38;2;125;127;128;48;2;106;102;106mz[0m[7m[38;2;99;97;99m`[38;2;105;101;104m▀[38;2;87;84;84m▀[0m[38;2;83;82;91m_[0m [38;2;3;3;3m            [0m
 [38;2;0;0;0m   [0m [38;2;94;93;85m*[38;2;93;94;93ma[7m[38;2;88;89;90m`[0m[38;2;114;117;118;48;2;91;92;96mR[38;2;115;119;119;48;2;92;93;97mR[38;2;30;35;41;48;2;101;102;103m_[0m[7m[38;2;99;99;100m_[38;2;96;94;94m_[0m[38;2;111;101;102m▀[38;2;94;95;98m▀[38;2;56;69;79m~ [0m [38;2;81;75;76;48;2;107;107;106m:[0m[7m[38;2;95;97;96m▀[0m [38;2;106;90;66m_[38;2;86;81;78m_[7m[38;2;62;63;63m▀[0m [38;2;99;0;3m_[38;2;172;4;9m_[38;2;182;5;7m_[38;2;185;5;8m_[38;2;175;4;7m_[0m  [7m[38;2;74;66;62m▀[0m[38;2;64;73;78m_[38;2;99;81;61m_[7m[38;2;95;87;79m`[0m[38;2;88;91;94;48;2;102;111;118mz[0m [38;2;0;0;0m [0m [38;2;75;70;68m▀[38;2;105;99;100m▀[7m[38;2;92;89;90m_[38;2;103;100;102m_[0m[38;2;92;86;86;48;2;114;112;111mz[38;2;93;86;84;48;2;117;115;111mz[38;2;93;87;83;48;2;117;116;111mz[38;2;92;87;82;48;2;111;113;107mz[0m[7m[38;2;92;96;92m`[38;2;75;81;77m~[0m[38;2;110;114;105m*[38;2;35;49;57m=        [0m
 [38;2;0;0;0m          [0m [7m[38;2;108;1;2m~[0m[38;2;83;1;2;48;2;145;2;3m`[0m[38;2;90;3;3m▌  [0m [7m[38;2;105;101;98m_[38;2;110;108;107m_[0m[38;2;86;91;94m▌[7m[38;2;74;27;26m=[38;2;143;2;3m▀[38;2;138;6;8m~[0m[38;2;83;1;1;48;2;157;2;3m~[38;2;107;0;2;48;2;166;2;3m_[0m[7m[38;2;166;2;4m_[38;2;168;2;3m_[38;2;170;2;3m_[0m[38;2;137;0;1;48;2;171;1;3m_[38;2;184;3;5;48;2;162;2;3m:[0m[7m[38;2;148;2;3m~[38;2;156;2;3m▀[38;2;97;2;3m▀[0m[38;2;100;90;80m▀[38;2;123;118;119m▀[38;2;88;97;108m▀ [0m  [38;2;176;2;3;48;2;144;1;3m:[0m[7m[38;2;128;2;4m`[0m [38;2;0;0;0m [0m [38;2;97;112;116m`[38;2;106;126;133m`[38;2;94;115;120m`[0m [38;2;14;20;21m           [0m
 [38;2;0;0;0m           [38;2;67;1;3m"[7m[38;2;125;2;2m_[0m[38;2;144;1;2;48;2;159;2;3mL[0m[7m[38;2;145;2;3m`[38;2;159;3;3m▀[38;2;160;3;4m▀[38;2;162;3;4m▀[38;2;135;2;2m~[0m[38;2;143;0;0;48;2;159;3;4m.[0m[7m[38;2;146;2;3m_[0m[38;2;158;2;4m▀[38;2;109;3;4m▀[38;2;126;7;9m~[0m  [38;2;0;0;0m [38;2;69;1;1m_[38;2;80;2;3m_[38;2;108;3;3m▀[38;2;166;2;4m▀[7m[38;2;144;2;3m_[0m[38;2;148;2;2;48;2;164;2;3m,[38;2;153;1;2;48;2;168;2;3mL[0m[7m[38;2;137;2;3m`[38;2;162;3;3m▀[38;2;161;3;3m▀[0m[38;2;101;3;3;48;2;152;2;2m~[38;2;148;1;1;48;2;164;2;3mL[0m[7m[38;2;132;3;4m_[0m[38;2;77;4;5m~                  [0m
 [38;2;0;0;0m             [38;2;147;2;4m`[38;2;125;2;2m▀[38;2;159;2;2m▀[38;2;161;2;2m▀[38;2;148;3;3m▀[7m[38;2;129;2;3m=[0m[38;2;76;2;3;48;2;157;2;2m▀[0m[7m[38;2;119;3;3m~[0m[38;2;81;4;4m^[7m[38;2;154;1;3m▀[38;2;158;1;3m`[0m[38;2;189;2;3;48;2;168;1;3mz[0m[7m[38;2;155;2;3m`[38;2;146;2;2m~[0m[38;2;147;0;2;48;2;176;2;3m-[38;2;145;0;2;48;2;175;2;3m-[0m[7m[38;2;146;2;4m"[0m[38;2;129;3;5m,[7m[38;2;121;1;3m`[38;2;139;2;4m~[0m[38;2;79;2;2;48;2;153;1;3m▀[0m[7m[38;2;134;3;4m-[0m[38;2;165;2;4m▀[38;2;151;3;3m▀[38;2;152;2;4m▀[38;2;108;1;2m~[0m [38;2;0;0;0m                   [0m
 [38;2;0;0;0m                 [0m [38;2;142;2;3m▀[38;2;138;3;3m▀[7m[38;2;151;2;3m▀[0m[38;2;181;2;3;48;2;166;2;3m,[38;2;171;2;2;48;2;181;3;3mW[38;2;199;2;3;48;2;182;2;3m'[38;2;203;2;4;48;2;186;2;3m'[38;2;205;2;4;48;2;188;2;2m'[38;2;205;2;2;48;2;189;2;3m'[38;2;203;3;4;48;2;187;2;2m'[38;2;201;4;3;48;2;184;2;3m'[38;2;198;3;3;48;2;183;2;2m'[38;2;189;5;3;48;2;170;2;3m'[0m[7m[38;2;98;4;5m▀[0m[38;2;171;1;2m▀[38;2;144;2;4m▀[0m [38;2;68;3;5m                        [0m
 [38;2;0;0;0m                   [0m [38;2;113;1;2m▀[7m[38;2;133;1;2m_[0m[38;2;66;0;2;48;2;160;2;2m_[38;2;141;0;0;48;2;166;2;2m=[38;2;145;0;1;48;2;169;2;2m=[38;2;167;2;2;48;2;147;2;3m:[38;2;167;3;2;48;2;145;2;3m:[38;2;144;0;0;48;2;169;3;2m=[38;2;143;0;0;48;2;168;2;3m=[0m[7m[38;2;161;2;2m_[0m[38;2;165;1;2m▀[38;2;105;3;4m▀                           [0m
