[0m [38;2;0;0;0m                                       [0m [38;2;76;2;5m_                  [0m
 [38;2;0;0;0m                                       [0m [38;2;76;0;1;48;2;166;2;3m▌[0m[38;2;85;4;3m▌             [38;2;73;3;3my   [0m
 [38;2;0;0;0m  [0m [38;2;43;1;2m                                [0m [38;2;87;0;0m_[7m[38;2;103;2;2m▀[38;2;130;2;1m▀[38;2;126;1;1m~[0m[38;2;175;2;2;48;2;157;2;3m:[0m[38;2;81;2;2m~     [0m [38;2;37;4;4m      [38;2;68;1;2my[38;2;94;2;2m▌   [0m
 [38;2;0;0;0m  [0m [38;2;62;3;4my                            [0m [7m[38;2;133;2;4m▀[38;2;126;1;3m`[0m[38;2;142;1;3;48;2;149;2;3mW[38;2;160;4;3;48;2;133;2;3m'[0m[38;2;146;2;3m▀[38;2;144;2;3m▀[38;2;107;2;2m▀[0m [38;2;58;4;6m      [0m [7m[38;2;88;3;3m▀[0m[38;2;13;0;1m    [38;2;97;2;4my[38;2;152;3;6;48;2;136;2;4m,[0m[38;2;125;4;5m▌   [0m
 [38;2;0;0;0m   [7m[38;2;75;1;2m▌[0m[38;2;60;5;6m,                           [7m[38;2;118;1;3m▌[0m[38;2;131;0;1;48;2;144;2;2m'[38;2;133;0;1;48;2;145;1;2m'[0m[38;2;124;3;3m▌[0m   [38;2;0;0;0m       [0m [7m[38;2;105;1;1m▀[0m[38;2;70;0;0;48;2;120;3;3m_[0m[38;2;70;0;0m    [38;2;79;0;1;48;2;119;1;2m~[38;2;152;1;3;48;2;134;2;3m,[0m [38;2;54;1;1m   [0m
 [38;2;0;0;0m  [0m [7m[38;2;84;0;1m▌[0m[38;2;75;4;5m▌                       [0m  [38;2;21;3;3m  [7m[38;2;70;1;2m▌[0m[38;2;173;2;4;48;2;155;1;3m=[38;2;147;1;2;48;2;163;2;3mM[0m[38;2;146;3;4m▌[0m  [38;2;95;4;5m▌      [0m [38;2;67;0;2;48;2;152;2;4m▀[38;2;67;3;4;48;2;130;2;3my[0m[38;2;74;9;10m`   [0m [38;2;159;2;3;48;2;124;2;3m'[0m[38;2;101;9;7m`    [0m
 [38;2;0;0;0m                 [38;2;105;1;4ma[0m [38;2;0;0;0m [0m   [38;2;0;0;0m   [0m [7m[38;2;96;2;3m▀[0m[38;2;60;4;4m^[0m [38;2;0;0;0m  [0m [38;2;147;1;1;48;2;158;1;3m'[38;2;146;0;1;48;2;163;1;2m'[38;2;144;0;1;48;2;161;1;2m'[0m[7m[38;2;144;2;2m`[38;2;138;2;2m~[0m[38;2;83;1;1;48;2;126;2;3m"[0m [38;2;0;0;0m     [0m [7m[38;2;113;3;4m_[0m   [38;2;0;0;0m  [0m  [38;2;16;1;0m     [0m
 [38;2;0;0;0m   [38;2;106;2;1m_[38;2;128;3;5m▌            [7m[38;2;90;1;3m▌[38;2;111;2;3m`[0m[38;2;53;7;6m,[0m [38;2;9;1;1m     [0m [38;2;150;1;3;48;2;160;2;3mM[0m[38;2;117;3;5m▌  [0m [7m[38;2;150;1;3m▀[0m[38;2;171;1;3;48;2;182;2;4mM[38;2;170;2;2;48;2;182;2;2mT[38;2;170;1;2mT[38;2;168;1;2;48;2;180;2;3mT[38;2;164;1;2;48;2;176;2;2mT[38;2;180;2;3;48;2;164;2;2ms[0m[38;2;127;3;4m▌ [38;2;67;1;2my[38;2;79;3;3m▌ [7m[38;2;105;2;3m▀[0m[38;2;93;3;4m▀[0m [38;2;0;0;0m [0m [38;2;85;3;4m▌         [0m
 [38;2;0;0;0m  [0m [38;2;125;0;2;48;2;114;2;3m,[0m [38;2;0;0;0m             [38;2;68;0;2;48;2;115;1;2mr[38;2;69;1;1;48;2;137;2;3m`[0m [38;2;27;1;1m     [7m[38;2;134;1;4m▌[0m[38;2;153;1;3;48;2;168;2;2m▀[38;2;139;0;3;48;2;161;2;2m'[0m[7m[38;2;142;2;2m~[38;2;155;2;3m`[0m[38;2;92;0;2;48;2;170;2;3m`[38;2;183;2;3;48;2;175;2;3m$[38;2;184;2;3;48;2;175;2;2mR[38;2;159;0;2;48;2;178;2;2m'[38;2;184;2;3;48;2;172;1;2mM[38;2;181;2;4;48;2;169;1;3mM[38;2;173;3;4;48;2;162;1;3m^[0m[7m[38;2;140;1;3m_[38;2;154;2;3m_[38;2;134;2;3m_[0m[38;2;77;0;1;48;2;141;1;2m"[0m[38;2;143;2;3m▌ [38;2;52;2;4m" [0m   [38;2;130;1;1;48;2;92;2;3m,[0m[38;2;130;1;1m [0m [38;2;31;0;1m    [0m [38;2;0;0;0m  [0m
 [38;2;0;0;0m   [38;2;94;3;6m▀       [0m [7m[38;2;145;1;3m▀[0m[38;2;84;3;4m_    [7m[38;2;150;2;4m▌[0m[38;2;149;2;3;48;2;165;2;2mT[0m[7m[38;2;128;2;4m`[0m[38;2;111;3;3m_  [0m [7m[38;2;130;1;2m~[0m[38;2;197;3;5;48;2;167;2;2m:[38;2;168;1;3;48;2;184;2;3mT[38;2;196;3;4;48;2;180;2;2mg[38;2;200;3;4;48;2;185;2;3mg[38;2;201;3;4;48;2;186;2;3mg[38;2;203;3;4;48;2;187;2;3mg[38;2;202;3;3;48;2;187;2;2mg[38;2;203;3;4mg[38;2;199;3;4;48;2;186;2;2mg[38;2;197;2;4;48;2;182;2;2mg[38;2;171;1;4;48;2;183;2;3mT[0m[38;2;148;4;4m▌[0m  [7m[38;2;112;2;3m▌[38;2;138;2;2m_[0m[38;2;99;3;5m▀  [38;2;106;1;4m_[38;2;131;2;4m▌ [0m [38;2;123;4;6m▌ [38;2;143;3;6mt[38;2;68;6;9m,   [38;2;118;3;4m1  [0m
 [38;2;0;0;0m      [0m  [38;2;25;1;0m    [38;2;115;0;0m`[7m[38;2;100;2;3m,[0m [38;2;0;0;0m   [7m[38;2;107;1;2m▌[0m[38;2;146;1;2;48;2;164;1;2mz[38;2;150;1;3;48;2;167;2;3mz[38;2;159;2;3;48;2;120;2;3m'[0m[38;2;115;3;4m,[0m [7m[38;2;156;1;2m▀[0m[38;2;146;0;2;48;2;169;1;3m:[38;2;162;1;2;48;2;181;2;3mz[38;2;166;0;1;48;2;184;2;3mg[38;2;171;1;1;48;2;189;2;3mg[38;2;172;1;2;48;2;190;2;3mg[38;2;173;1;2;48;2;191;2;3mg[38;2;174;1;2;48;2;192;2;4mg[38;2;172;1;1;48;2;191;2;3mgg[38;2;170;1;1;48;2;189;2;3mg[38;2;163;1;2;48;2;184;2;3mz[38;2;157;1;1;48;2;176;2;4mz[0m [7m[38;2;98;2;3m~[0m [38;2;87;3;4m▀ [0m [7m[38;2;146;1;2m▀[38;2;135;1;2m~[0m[38;2;131;0;0;48;2;154;1;3m:[0m[38;2;138;2;2m▌ [0m  [38;2;0;0;0m [7m[38;2;146;1;3m▌[0m[38;2;122;4;5m▌   [7m[38;2;141;2;3m▌[0m [38;2;0;0;0m [0m
 [38;2;0;0;0m  [0m  [38;2;0;0;0m   [38;2;98;8;10m'[7m[38;2;119;2;3m▀[38;2;105;1;2m▀[0m[38;2;94;3;3m_  [0m  [38;2;0;0;0m [38;2;68;7;7mi [0m [38;2;196;5;7;48;2;158;2;3m:[38;2;183;10;10;48;2;135;3;3m:[0m[7m[38;2;102;3;4mF[0m [38;2;95;1;3;48;2;160;1;3m~[38;2;210;3;5;48;2;190;2;2mz[38;2;210;3;4;48;2;191;2;2mz[38;2;212;2;3;48;2;193;2;2mz[38;2;212;3;3mz[38;2;211;3;3;48;2;192;2;2mz[38;2;210;4;3mz[38;2;208;3;4;48;2;190;2;3mz[38;2;207;3;4mz[48;2;189;2;3mz[48;2;188;2;2mz[38;2;206;3;4;48;2;188;2;3mz[38;2;203;3;5;48;2;184;2;3mz[38;2;197;3;6;48;2;175;2;4mz[0m[7m[38;2;118;3;5m|[0m[38;2;199;5;7;48;2;134;3;4m:[0m [38;2;0;0;0m [7m[38;2;108;1;2m▀[0m[38;2;96;1;2;48;2;167;2;3m~[38;2;192;3;6;48;2;172;2;3mz[38;2;189;3;5mg[38;2;200;3;7;48;2;157;3;4m:[0m [38;2;0;0;0m [7m[38;2;117;1;3m▀[38;2;158;2;3m▀[38;2;153;2;3m▀[0m[38;2;144;3;3m▀[0m [38;2;0;0;0m  [0m [38;2;190;2;4;48;2;155;1;2m:[0m[38;2;131;4;6m▌ [0m
 [38;2;0;0;0m  [0m [38;2;138;3;3m▌ [7m[38;2;77;1;3m▌[0m [38;2;23;0;1m [0m [38;2;77;0;2;48;2;162;1;3m▌[38;2;147;0;1;48;2;166;1;3m:[0m[7m[38;2;110;3;4m▀[0m[38;2;26;1;1m    [0m [38;2;61;4;5m_[7m[38;2;152;1;3m▌[0m[38;2;150;1;1;48;2;173;1;3mz[38;2;129;4;4;48;2;68;0;1m▌[38;2;164;2;4;48;2;72;2;2m▌[0m[7m[38;2;164;1;3m▌[0m[38;2;173;0;2;48;2;195;1;3mz[38;2;178;1;2;48;2;199;1;3mz[48;2;200;2;3mz[48;2;201;1;3mzz[48;2;200;2;3mz[38;2;175;1;2;48;2;198;1;3mz[38;2;158;0;1;48;2;185;2;3m:[0m[7m[38;2;143;2;3m;[0m[38;2;167;1;1;48;2;191;1;2mz[38;2;167;1;2mz[38;2;166;1;1;48;2;190;2;3mz[38;2;162;1;2;48;2;187;2;3mz[38;2;68;0;0;48;2;142;3;3m![38;2;129;0;2;48;2;171;1;3m`[38;2;163;1;2;48;2;185;2;3mz[38;2;162;3;4;48;2;78;2;3m▌[0m[7m[38;2;138;1;2m▀[0m[38;2;150;0;0;48;2;176;2;3m:[38;2;161;1;1;48;2;183;2;2mz[38;2;162;1;1;48;2;185;1;3mz[38;2;162;1;2;48;2;184;2;3mz[38;2;147;0;1;48;2;165;2;3m:[0m [38;2;27;1;1m [38;2;161;2;5;48;2;143;1;3m'[0m[38;2;148;1;3m▀[38;2;100;3;4m~[38;2;100;3;3mj   [0m [38;2;163;0;1;48;2;178;1;3mz[0m[38;2;143;4;5m▌ [0m
 [38;2;0;0;0m  [0m [38;2;172;6;4;48;2;131;3;3m:[0m[38;2;111;4;5m_[7m[38;2;143;2;4m▌[38;2;118;2;2m`[0m [38;2;46;3;4m [7m[38;2;158;2;3m▌[0m[38;2;136;0;1;48;2;166;2;3m-[38;2;180;7;6;48;2;120;3;4m:[0m[38;2;180;7;6m  [38;2;83;3;6m_ [0m [7m[38;2;93;2;4m▀[0m[38;2;150;8;9m`[38;2;196;5;6;48;2;165;2;3m:[38;2;143;0;0;48;2;174;2;3m-[38;2;149;0;0;48;2;184;3;4m-[38;2;199;4;6;48;2;182;2;2mz[38;2;157;0;0;48;2;193;3;4m-[48;2;194;2;4m-[38;2;158;0;0;48;2;194;3;4m-[38;2;197;3;5;48;2;183;2;2m▀[38;2;158;0;0;48;2;193;2;4m-[38;2;161;0;0;48;2;192;3;4m-[0m[38;2;190;4;5m▀[38;2;194;9;7m`[38;2;62;1;1;48;2;177;2;3m▌[0m[7m[38;2;163;3;3m_[0m[38;2;165;4;4m▀[7m[38;2;120;2;3m*[38;2;148;2;3m=[38;2;106;4;4m7[0m[38;2;157;0;0;48;2;186;2;4m-[48;2;190;2;3m--[38;2;155;0;0;48;2;188;2;3m-[48;2;186;3;3m-[0m[7m[38;2;145;3;4m_[0m[38;2;153;0;1;48;2;186;3;4m-[38;2;152;0;2;48;2;184;3;3m-[38;2;148;0;1;48;2;181;2;3m-[0m[38;2;160;3;3m▌[0m [7m[38;2;130;5;6m▌[0m [38;2;0;0;0m [7m[38;2;148;3;4m▌[0m[38;2;97;5;6my  [7m[38;2;94;1;2m▌[0m[38;2;185;5;7;48;2;147;2;3m:[0m [38;2;58;3;2m [0m
 [38;2;0;0;0m   [7m[38;2;129;1;2m▌[0m[38;2;125;0;0;48;2;153;1;2m:[0m[7m[38;2;135;1;2m~[0m[38;2;129;0;2;48;2;149;2;3m:[0m[38;2;137;3;4m▌[0m [7m[38;2;144;1;3m▌[0m[38;2;142;0;1;48;2;168;2;3mz[0m[38;2;152;3;4m▌  [7m[38;2;151;2;4m▌[38;2;83;2;3m▀[38;2;133;1;3m▀[0m[38;2;156;1;1;48;2;177;2;3mz[0m[38;2;98;2;3m▌[38;2;76;0;2;48;2;178;1;3m▌[38;2;161;0;1;48;2;187;2;3mz[38;2;166;1;1;48;2;190;2;3mz[0m[7m[38;2;172;2;3m.[0m[38;2;164;1;1;48;2;192;2;3mz[38;2;186;2;3;48;2;155;2;3m'[38;2;111;0;2;48;2;173;1;3m,[38;2;166;1;2;48;2;192;2;3mz[38;2;73;3;3;48;2;158;3;3my[0m[7m[38;2;111;2;2mr[0m[38;2;75;1;1;48;2;191;2;3m▀[38;2;159;0;0;48;2;174;3;4m:[38;2;54;2;3;48;2;115;3;4my[0m[7m[38;2;155;1;2m▀[38;2;167;1;3m`[0m[38;2;162;1;1;48;2;189;2;2mz[38;2;162;1;2;48;2;183;3;4mz[38;2;78;3;4;48;2;168;1;4m▌[38;2;166;1;2;48;2;192;2;3mz[38;2;168;1;2;48;2;193;2;3mz[38;2;170;1;2;48;2;195;2;3mz[38;2;160;0;1;48;2;179;2;3m:[0m[38;2;130;2;3m▀[0m [38;2;80;0;0;48;2;148;1;3mr[38;2;165;1;2;48;2;190;2;3mz[38;2;162;1;1;48;2;187;2;3mz[38;2;139;0;0;48;2;160;2;3m:[0m[38;2;101;4;6m▌[38;2;135;0;1;48;2;158;2;3m:[0m  [7m[38;2;72;0;1m▌[0m[38;2;136;0;0;48;2;162;1;3m:[0m[7m[38;2;107;2;4m▀[0m[38;2;20;1;1m [0m [38;2;100;5;6m▌  [0m
[7m[38;2;138;1;1m▀[38;2;106;2;3m▀[0m[38;2;26;2;2m  [0m [38;2;133;2;3m▀[38;2;60;0;2;48;2;151;2;3m_[38;2;179;4;7;48;2;149;2;3m:[0m[38;2;150;6;12m`[38;2;96;4;6m\[0m [38;2;121;2;3m▀[38;2;158;2;4;48;2;68;4;4m▌[0m[38;2;158;2;4m  [7m[38;2;148;2;3m▌[0m[38;2;148;1;1;48;2;169;2;2mT[38;2;148;0;0;48;2;178;2;3m-[38;2;153;0;1;48;2;182;2;3m-[38;2;203;5;6;48;2;163;2;3m:[0m[7m[38;2;158;2;3m▌[0m[38;2;153;0;0;48;2;184;2;3m--[0m[38;2;94;3;3m▌[38;2;104;2;2m▀[38;2;115;4;5m▀[7m[38;2;93;2;2m▀[0m[38;2;199;8;9;48;2;163;3;4m:[0m[7m[38;2;126;2;3m([0m[38;2;160;0;0;48;2;188;2;3m-[38;2;162;0;1;48;2;190;3;3m-[38;2;157;0;0;48;2;187;3;3m-[0m[7m[38;2;134;2;2m"[0m[38;2;160;0;1;48;2;189;2;2m--[38;2;156;0;1;48;2;187;2;2m-[0m[7m[38;2;115;3;4mj[0m[38;2;208;6;7;48;2;169;1;2m:[38;2;133;1;4;48;2;190;2;3m_[38;2;106;0;1;48;2;183;2;3m_[38;2;166;0;1;48;2;196;2;3m-[38;2;216;4;5;48;2;186;2;2m:[38;2;215;4;5;48;2;178;1;2m:[48;2;182;2;2m:[38;2;91;1;1;48;2;172;2;2m~[38;2;156;0;0;48;2;188;2;3m-[38;2;153;0;0;48;2;186;2;3m-[38;2;152;0;0;48;2;176;3;4m-[0m [38;2;140;0;0;48;2;170;2;4m-[0m[38;2;146;4;5m▌[7m[38;2;142;2;4m▌[38;2;138;2;3m`[0m[38;2;183;5;4;48;2;153;2;2m:[38;2;134;0;0;48;2;159;2;3m-[0m   [38;2;0;0;0m  [0m
[38;2;136;5;8m~[38;2;112;0;0m`[0m   [38;2;0;0;0m [38;2;74;2;8m'[38;2;91;2;3m▀[0m [7m[38;2;87;76;63m▀[38;2;58;57;59m▀[38;2;92;87;77m▀[0m[38;2;169;3;9m'[38;2;74;59;43m_[7m[38;2;125;115;108m▀[38;2;82;82;84m▀[0m[38;2;60;0;1;48;2;144;1;2m,[38;2;157;1;1;48;2;183;2;3mz[38;2;162;1;2;48;2;188;2;4mz[38;2;165;1;2;48;2;190;2;4mz[38;2;56;1;2;48;2;163;2;4m`[38;2;139;1;1;48;2;171;2;3m<[38;2;167;0;2;48;2;190;1;3mz[0m[7m[38;2;174;2;4m▀[38;2;123;1;2m▀[0m[38;2;83;5;5m_[38;2;189;3;7;48;2;167;1;3m'[38;2;163;1;2;48;2;196;1;3m▀[38;2;173;1;2;48;2;196;2;4m▀[38;2;172;1;2;48;2;196;2;3mz[38;2;173;1;2;48;2;197;2;4mz[38;2;172;1;2mz[38;2;171;1;1;48;2;196;2;3mz[38;2;170;1;1;48;2;195;2;3mz[38;2;168;1;2;48;2;193;2;3mz[38;2;81;1;2;48;2;144;3;4my[38;2;87;0;2;48;2;136;2;4m^[0m[7m[38;2;115;2;4m*[38;2;198;2;5m▀[0m[38;2;178;1;1;48;2;197;2;3mc[38;2;181;1;1;48;2;204;2;3mz[38;2;178;1;2;48;2;202;2;3mz[38;2;174;1;1;48;2;199;2;4mz[38;2;173;1;2;48;2;196;1;3mz[38;2;168;1;2;48;2;193;2;3mz[38;2;167;1;1;48;2;191;2;3mz[38;2;162;1;1;48;2;187;2;3mz[38;2;159;1;1;48;2;181;2;4mz[0m[7m[38;2;100;2;3mI[0m[38;2;82;5;4;48;2;136;2;3m_[0m [7m[38;2;124;1;3m▀[0m[38;2;145;1;1;48;2;165;2;4mr[0m[38;2;156;2;3m▀[38;2;99;2;3m▀     [0m
 [38;2;0;0;0m  [0m [38;2;95;4;4m▌  [38;2;75;64;56m_[7m[38;2;101;98;96m▀[0m[38;2;128;129;130;48;2;106;103;103mz[38;2;128;130;131;48;2;106;104;107mz[38;2;127;131;132;48;2;105;105;105mz[38;2;43;53;62;48;2;86;90;91m~[38;2;54;48;41;48;2;102;100;93m~[38;2;133;134;132;48;2;113;108;107mz[38;2;136;133;133;48;2;111;106;108mz[38;2;44;51;64;48;2;122;1;2m▌[38;2;146;0;0;48;2;177;2;3m-[0m[7m[38;2;140;3;5m_[0m[38;2;158;0;0;48;2;187;2;3m-[38;2;208;5;8;48;2;176;2;4m:[38;2;209;5;8;48;2;184;2;3m:[38;2;168;0;0;48;2;196;2;3m-[38;2;169;0;2;48;2;197;2;3m-[38;2;168;0;1;48;2;196;2;3m-[38;2;105;3;4;48;2;145;3;4mJ[38;2;202;4;6;48;2;178;1;2mz[38;2;164;0;0;48;2;195;2;3m-[38;2;163;0;1;48;2;194;2;3m_[38;2;166;0;1;48;2;195;2;3m-[38;2;210;5;7;48;2;176;2;3m:[38;2;196;6;9;48;2;151;2;3m.[38;2;164;0;0;48;2;195;3;3m-[38;2;164;0;1;48;2;194;2;3m-[38;2;199;11;12;48;2;147;3;4m:[0m[38;2;96;4;5m▀[7m[38;2;170;1;3m▀[0m[38;2;214;5;6;48;2;188;1;3m:[38;2;170;0;1;48;2;198;2;3m-[38;2;173;0;1;48;2;199;2;3m-[38;2;174;0;1;48;2;201;2;3m-[38;2;176;0;0;48;2;203;2;3m-[38;2;218;4;5;48;2;193;2;3m:[0m[38;2;192;2;3m▀[38;2;139;5;6m▀[38;2;122;4;3m~[38;2;114;3;3m▀[38;2;92;4;5;48;2;152;2;3m,[0m[38;2;130;5;6m▌[38;2;123;6;6m▌[7m[38;2;150;2;3m▌[0m[38;2;184;7;9;48;2;141;3;4m:[0m[38;2;156;12;11m`[38;2;127;5;5ms      [0m
 [38;2;0;0;0m  [7m[38;2;117;1;4m▌[0m[38;2;142;3;4m▌[38;2;131;3;5m, [7m[38;2;71;72;66mW[0m[38;2;77;85;91m▀[38;2;60;78;87m~[38;2;54;59;68m`[38;2;71;77;76m~[38;2;114;115;109m~[7m[38;2;92;92;85m=[38;2;85;83;81m_[38;2;96;95;95m-[38;2;121;1;2m▌[0m[38;2;198;5;5;48;2;169;1;2m-[0m[38;2;107;4;5m▌[38;2;201;3;5;48;2;174;2;4m'[0m[38;2;182;3;5m▌[38;2;198;3;4;48;2;158;1;3m,[38;2;226;2;4;48;2;196;1;2m-[38;2;230;4;5;48;2;199;2;3m--[38;2;228;3;6;48;2;198;1;3m-[38;2;226;4;6;48;2;195;2;2m-[38;2;208;2;4;48;2;184;3;4m'[38;2;75;1;2;48;2;186;1;3m▌[38;2;181;0;2;48;2;195;3;4mc[0m[7m[38;2;84;2;3ms[0m[38;2;210;2;5;48;2;189;2;4m'[38;2;229;3;6;48;2;195;1;3m-[38;2;228;2;5m-[38;2;189;3;4;48;2;89;2;2m▌[0m[7m[38;2;107;1;3m▌[0m[38;2;167;1;1;48;2;190;2;3m,[38;2;228;4;5;48;2;197;2;3m-[48;2;198;1;3m-[38;2;228;4;6m-[38;2;227;3;4;48;2;200;2;3m-[0m[38;2;203;2;4m▀[38;2;115;6;5m`    [7m[38;2;112;1;3m▌[0m[38;2;102;4;4;48;2;145;3;3m"[0m[38;2;144;15;16m'[7m[38;2;163;2;3m▌[0m[38;2;149;3;5m▌[38;2;118;2;2;48;2;141;1;3m~[0m[38;2;168;6;6m▌      [0m
  [38;2;0;0;0m [38;2;74;0;0;48;2;113;1;3m"[38;2;171;7;8;48;2;139;2;3m:[0m[38;2;119;2;3m▌ [0m [38;2;72;70;48m`[7m[38;2;83;80;75m~[38;2;89;93;98m▀[38;2;95;91;79m▌[38;2;92;97;99m_[38;2;84;94;96m-[0m[38;2;82;85;83mw[7m[38;2;72;79;80m-[0m [38;2;131;2;3m▀[38;2;112;5;6m▌[7m[38;2;169;1;2m▌[0m[38;2;75;2;1;48;2;159;2;3m"[38;2;197;4;6;48;2;175;1;2mc[38;2;199;4;6;48;2;179;1;2mc[38;2;137;0;0;48;2;180;2;4m_[38;2;162;0;1;48;2;191;2;3m-[38;2;157;0;0;48;2;191;2;2m_[38;2;156;0;1;48;2;187;2;3m_[38;2;200;7;10;48;2;137;3;4m:[0m[7m[38;2;74;0;2m▌[0m[38;2;203;6;10;48;2;169;2;4m:[0m[38;2;94;3;4m▌[38;2;199;7;11;48;2;160;2;3m:[38;2;201;4;6;48;2;181;1;2mz[38;2;204;5;6;48;2;183;1;3mz[38;2;204;5;5;48;2;183;1;2mz[38;2;150;1;1;48;2;189;2;3m~[38;2;204;4;5;48;2;181;1;2mz[48;2;182;1;2mc[38;2;201;4;4;48;2;179;1;2mc[0m[7m[38;2;160;3;3m_[0m[38;2;99;4;5m▀      [7m[38;2;97;1;2m▌[0m[38;2;180;4;4;48;2;160;1;2mz[38;2;72;1;1;48;2;129;2;3m"[0m[7m[38;2;142;1;3m▀[0m[38;2;197;5;9;48;2;153;2;4m:[0m[7m[38;2;135;1;2m▌[0m[38;2;215;2;4;48;2;164;3;4m:[0m [38;2;0;0;0m     [0m
 [38;2;88;8;8m'[0m [7m[38;2;157;2;3m▌[0m[38;2;157;1;3;48;2;165;2;2mL[38;2;168;4;5;48;2;137;2;4m'[0m  [38;2;122;109;93;48;2;49;48;48m=[0m[7m[38;2;115;114;112m▀[38;2;72;79;78m*[0m[38;2;48;40;27;48;2;74;92;95m▌[38;2;51;56;61;48;2;67;76;73mM[0m [38;2;110;2;4m=[0m [38;2;98;100;93m▌  [7m[38;2;123;2;4m▌[0m[38;2;191;3;6;48;2;156;2;4m'[0m[7m[38;2;155;1;2m_[0m[38;2;182;2;3;48;2;94;2;4m▀[0m[7m[38;2;151;2;4m*[0m[38;2;183;1;3;48;2;193;2;3mW[0m[7m[38;2;145;3;4m_[0m[38;2;84;1;2;48;2;189;2;3m▌[38;2;202;7;5;48;2;183;3;3m'[0m[38;2;88;5;6m_[38;2;158;1;5m`[38;2;103;2;6;48;2;149;2;4m_[0m[7m[38;2;99;2;3m\[38;2;164;2;2m_[0m[38;2;178;1;2;48;2;189;2;3mL[38;2;183;0;3;48;2;194;2;3mc[38;2;184;1;3mz[38;2;178;1;3;48;2;188;3;4mz[0m[7m[38;2;155;2;4m_[0m[38;2;120;4;5m▀[0m [38;2;99;5;7my      [7m[38;2;174;2;4m▌[0m[38;2;172;0;3;48;2;181;2;4mc[38;2;76;2;4;48;2;147;3;6mj[38;2;173;1;2;48;2;185;2;3mL[0m[7m[38;2;157;3;4my[0m[38;2;141;11;14m,[38;2;219;0;2;48;2;207;0;2m'[0m[38;2;139;6;6m▌     [0m
   [7m[38;2;91;2;3m~[0m[38;2;122;0;1;48;2;155;2;2m_[38;2;166;2;3;48;2;153;1;2m%[0m[38;2;129;2;4m▌[0m  [38;2;68;66;63m~[38;2;84;98;103m▀[7m[38;2;88;95;90m▌[38;2;66;73;73mk[38;2;56;61;59m▀[0m[38;2;73;75;75m_[7m[38;2;59;65;59m▀[0m[38;2;56;58;65;48;2;84;90;85m7[0m[38;2;38;68;79mr[0m  [38;2;15;10;8m [38;2;112;7;9mi[7m[38;2;107;2;3m▀[0m[38;2;156;3;5m▀[7m[38;2;132;2;4m=[38;2;176;1;2m▀[0m[38;2;168;1;2;48;2;181;2;3m,[38;2;167;1;2;48;2;184;2;2m,[38;2;154;3;5;48;2;171;1;3m'[0m[7m[38;2;184;1;2m▀[0m[38;2;179;1;4m_[38;2;96;2;3m~[38;2;109;1;2m~[38;2;105;2;3m▀[38;2;141;3;4m▀[38;2;107;3;5m▀[38;2;146;6;5m` [38;2;94;2;4m▀[38;2;94;4;2mr[38;2;73;5;6m^    [0m [7m[38;2;108;1;2m▀[0m[38;2;138;0;0;48;2;174;2;3m_[0m[7m[38;2;148;3;4my[38;2;142;2;3m^[0m[38;2;143;0;0;48;2;172;2;3m_[0m[7m[38;2;138;2;4m`[0m [7m[38;2;149;3;5m_[0m [38;2;69;4;5m     [0m
 [38;2;0;0;0m [7m[38;2;115;2;4m▌[0m[38;2;100;1;3;48;2;145;2;3m^[38;2;157;0;3;48;2;167;2;3mc[38;2;149;3;4;48;2;72;3;3m▌[0m [38;2;119;104;78m_[38;2;82;91;96m_[38;2;59;48;37m=[38;2;72;100;115m+[38;2;59;53;37m~[7m[38;2;75;81;79ma[0m[38;2;85;91;91;48;2;56;59;53m▀[0m[38;2;113;115;103m=[7m[38;2;72;73;67m`[0m[38;2;134;133;119;48;2;111;114;109m'[0m[38;2;46;74;93m▌[7m[38;2;99;86;69m▌[0m[38;2;138;146;139;48;2;97;102;106m-[0m [7m[38;2;132;3;4m▀[0m[38;2;161;2;4m▀[7m[38;2;141;3;4mr[0m[38;2;175;0;2;48;2;186;2;3mc[38;2;181;0;3;48;2;193;2;3mc[38;2;184;1;3;48;2;195;3;3mc[38;2;186;1;3;48;2;197;3;3mc[38;2;185;0;3;48;2;196;2;3mc[38;2;185;0;4;48;2;197;2;3mc[38;2;184;2;3;48;2;196;2;3mW[38;2;200;3;5;48;2;148;2;4m'[38;2;121;5;7;48;2;69;2;3mL[0m[38;2;127;4;5m▌[7m[38;2;132;3;4m▀[38;2;111;2;3m▀[0m[38;2;133;6;7m_      [0m [38;2;200;6;7m_[7m[38;2;175;3;4m▀[0m[38;2;87;2;3;48;2;165;2;4my[38;2;65;2;3;48;2;145;3;5m*[38;2;112;2;4;48;2;172;2;3m~[38;2;179;0;3;48;2;188;2;3mc[38;2;177;0;3;48;2;186;2;4mc[0m[38;2;172;3;5m▌[38;2;97;5;9m"[38;2;90;77;59m_[0m [38;2;0;0;0m     [0m
  [38;2;144;2;2m▀[38;2;102;1;3;48;2;137;2;3m,[0m[38;2;123;3;3m▀[0m  [7m[38;2;92;86;79m_[0m[38;2;112;123;130;48;2;101;104;105m:[0m[7m[38;2;82;85;85m~[38;2;90;93;92m▀[0m[38;2;77;70;66m_[38;2;82;82;77m▀[38;2;96;102;98m▀[38;2;80;89;85m▀[38;2;90;102;99m▀[0m [38;2;84;66;55m_[7m[38;2;56;52;46m▀[38;2;58;62;63m▀[0m   [38;2;113;2;5m▀[38;2;87;2;2m~[38;2;92;1;2;48;2;140;1;2mx[38;2;154;3;4;48;2;179;2;3m,[38;2;194;2;4;48;2;183;2;2m^[38;2;196;2;4;48;2;184;1;3m^[38;2;82;1;2;48;2;160;2;3m7[0m[7m[38;2;107;2;3m=[0m[38;2;177;2;3m▀[7m[38;2;164;2;3m`[0m[38;2;90;2;3;48;2;135;2;3mh[0m[7m[38;2;88;2;2m~[38;2;125;3;3m▀[38;2;151;2;2m=[38;2;142;2;3m-[38;2;119;2;3m-[38;2;101;2;2m~[38;2;91;2;2m~[38;2;99;1;2m~[38;2;103;1;1m`[38;2;137;2;3m-[0m[38;2;70;1;1;48;2;156;3;3m=[38;2;71;1;2;48;2;141;1;2m~[38;2;81;0;2;48;2;153;2;3m`[0m[38;2;177;1;3m▀[38;2;145;4;5m▀[38;2;159;1;1;48;2;149;1;2m,[38;2;163;0;2;48;2;155;2;3m'[0m [38;2;66;3;5m [7m[38;2;83;74;65m_[38;2;86;88;88m~[0m[38;2;70;71;73m_    [0m
[38;2;81;0;2m*[38;2;79;3;6my [38;2;93;4;10m`[38;2;91;3;5m=[0m [38;2;60;55;32m"[38;2;82;75;62;48;2;93;93;93m_[38;2;62;61;57;48;2;104;110;110m▀[0m[38;2;120;127;123m=[7m[38;2;72;77;78m_[38;2;89;89;88m-[38;2;95;97;93m.[0m[38;2;100;95;92;48;2;111;116;112mL[38;2;123;130;122;48;2;104;107;102m=[38;2;99;96;90;48;2;111;117;110mL[48;2;112;118;112mL[38;2;100;96;91;48;2;112;117;114mL[38;2;100;98;93;48;2;111;117;115mL[38;2;40;57;66;48;2;86;100;105my[0m [7m[38;2;79;73;61m▀[0m[38;2;84;95;100m▌[7m[38;2;94;3;5m▌[0m[38;2;128;18;16m`[38;2;130;3;4m_[7m[38;2;76;3;4m$[0m[38;2;170;1;4;48;2;189;3;4mW[38;2;177;1;3;48;2;190;2;3mJ[38;2;177;2;3;48;2;188;2;3mJ[0m[7m[38;2;164;2;3m`[38;2;175;3;4m▀[0m[38;2;131;3;6m~[38;2;178;2;2m▀[38;2;126;2;4;48;2;169;2;3m,[0m[7m[38;2;150;2;3m~[38;2;133;3;3m▀[38;2;101;2;3ma[0m[38;2;173;3;3m▀[38;2;179;2;4;48;2;78;1;1m▀[0m[7m[38;2;160;1;3m_[38;2;162;2;3m_[38;2;146;1;3m_[0m[38;2;185;1;4m▀[38;2;180;3;4m▀[38;2;143;3;3m▀[38;2;148;4;7m_[7m[38;2;152;2;2m▀[0m[38;2;179;4;6;48;2;165;2;4m,[0m[38;2;173;3;4m▀[38;2;94;9;11m` [7m[38;2;92;89;84m▌[38;2;98;101;103m▀[0m[38;2;88;82;70m~[7m[38;2;92;92;90m,[38;2;90;98;103m▀[0m [38;2;0;0;0m  [0m
  [7m[38;2;85;1;2m▀[38;2;114;2;3m▀[0m  [7m[38;2;98;3;4m▌[0m[38;2;74;2;3mw[38;2;57;57;56m▀[38;2;95;95;97m▀[38;2;97;96;99m*[7m[38;2;85;90;91m_[38;2;81;88;92m_[38;2;66;73;75m_[0m[38;2;94;92;87;48;2;49;56;59m*[0m[38;2;60;77;84mr[38;2;89;107;118m`[38;2;82;102;116m`[38;2;42;58;71m`[38;2;84;73;69m_[0m [7m[38;2;91;87;84m_[0m[38;2;93;99;103m▌[0m [38;2;0;0;0m [7m[38;2;96;2;3m_[0m [38;2;185;2;3;48;2;175;1;3m^[38;2;191;2;3;48;2;182;1;3m^[38;2;194;3;4;48;2;185;2;3m^[38;2;195;2;3m^[38;2;192;2;3;48;2;183;1;2m^[38;2;155;2;2;48;2;172;2;3m'[0m[7m[38;2;181;1;2m▀[0m[38;2;160;0;0m_[38;2;139;2;4m▀[38;2;86;0;1;48;2;169;2;3m_[38;2;158;1;2;48;2;171;2;2m'[0m[7m[38;2;141;2;2m~[38;2;165;1;3m▀[38;2;119;1;2m▀[0m[38;2;172;0;1m_[38;2;167;0;0m_[7m[38;2;168;2;5m▀[38;2;175;2;3m▀[38;2;145;2;3m`[0m[38;2;163;1;2m▀[38;2;124;3;3m▀[0m [7m[38;2;86;78;69m~[0m[38;2;110;115;122;48;2;105;101;97m:[0m[7m[38;2;73;75;77m▀[0m [38;2;75;73;69m▀[38;2;42;49;55;48;2;86;89;90m"[0m[38;2;60;71;82m,[7m[38;2;79;77;71m_[38;2;65;75;82m`[0m [38;2;0;0;0m [0m
 [38;2;0;0;0m [0m [38;2;149;3;4m▀[38;2;88;5;5m▌ [0m [38;2;84;3;3m▀          [7m[38;2;115;109;95m▌[0m[38;2;129;134;132;48;2;116;118;116m'[38;2;64;80;85;48;2;103;107;109m`[0m[38;2;39;60;71mr[38;2;130;131;127;48;2;115;109;100m'[0m[7m[38;2;109;103;103m`[0m[38;2;73;80;84m▌[0m [7m[38;2;135;1;3m~[0m[38;2;205;4;5;48;2;181;2;3m:[0m[7m[38;2;164;1;3m,[0m[38;2;198;2;4;48;2;187;2;3mgg[38;2;201;3;6;48;2;185;2;3m,[0m[7m[38;2;153;2;3m_[0m[38;2;188;2;3m▀[38;2;198;3;6;48;2;173;2;3m:[0m[38;2;127;3;4m▌[0m [38;2;163;2;3m▀[7m[38;2;165;2;3m_[0m[38;2;178;1;3;48;2;186;2;3mM[38;2;180;1;3;48;2;190;2;4mM[38;2;181;1;3mM[38;2;179;1;3;48;2;188;2;3mM[38;2;177;1;2;48;2;186;2;3mM[38;2;176;2;4;48;2;181;2;4mJ[0m[38;2;168;17;14m`[38;2;60;34;19;48;2;107;91;81m`[38;2;139;133;129;48;2;121;116;114m'[0m[7m[38;2;109;111;112m▀[0m[38;2;113;95;63m`[38;2;116;113;107m▀[38;2;128;130;130;48;2;112;115;114m'[38;2;97;121;133;48;2;39;46;50m=[0m[38;2;104;117;116m_[7m[38;2;80;77;66m▌[0m[38;2;116;129;127;48;2;98;106;105m'[0m [38;2;130;128;128;48;2;107;114;109m'[0m [38;2;0;0;0m [0m
 [38;2;0;0;0m   [38;2;60;1;4m"        [0m [7m[38;2;85;79;68m▀[38;2;101;99;95m`[38;2;101;101;97m`[38;2;102;102;99m`[0m[38;2;72;79;78;48;2;108;111;112m_[0m[7m[38;2;93;95;99m_[0m[38;2;102;113;122m▀[7m[38;2;100;93;80m▌[0m[38;2;115;116;120;48;2;112;106;103md[38;2;107;117;125;48;2;102;105;108m:[0m [38;2;82;0;2m~[38;2;143;3;4m▀[7m[38;2;149;1;3m▀[0m[38;2;123;0;2;48;2;174;1;3m~[38;2;194;1;4;48;2;176;2;2mT[38;2;91;2;1;48;2;145;2;4mu[0m [38;2;61;2;2m [38;2;144;0;0m_[38;2;164;0;4;48;2;146;2;4m'[0m[38;2;100;3;4m▌[0m [38;2;153;0;0m_[38;2;156;0;0m_[38;2;154;0;0m_[7m[38;2;96;1;2ma[0m[38;2;169;1;3m▀[7m[38;2;164;2;3m_[0m[38;2;189;1;3;48;2;169;1;2mT[0m[38;2;163;2;4m▌[0m [38;2;115;101;100m▀[38;2;77;71;75;48;2;110;102;102m,[38;2;116;116;117;48;2;106;101;100mS[38;2;101;113;120;48;2;101;102;100m:[0m[7m[38;2;74;87;90m▀[0m[38;2;38;52;55m~[38;2;63;54;43m~[38;2;108;111;110m▀[7m[38;2;85;88;86m`[38;2;78;81;81m~[38;2;85;88;86m`[0m[38;2;84;99;108m▀[0m [38;2;0;0;0m [0m
 [38;2;0;0;0m            [38;2;61;57;43;48;2;107;109;99m▌[38;2;39;55;63;48;2;88;102;103my[0m[7m[38;2;74;79;74m*[0m[38;2;87;95;96m▀[38;2;113;115;113m▀[38;2;122;136;134;48;2;83;99;106m'[0m[7m[38;2;98;96;83m▀[38;2;98;95;91m~[0m[38;2;127;134;127;48;2;116;116;110m'[38;2;108;108;107;48;2;118;119;116m^[38;2;121;137;137;48;2;88;98;101m'[0m [38;2;97;6;7m^[7m[38;2;160;2;4m▌[0m[38;2;190;2;6;48;2;173;2;3mz[38;2;171;1;2;48;2;184;2;4mR[38;2;201;3;5;48;2;175;3;3m:[0m[38;2;126;4;5m▌ [38;2;140;4;8m=[38;2;119;4;4m▀[38;2;110;3;4m_[7m[38;2;148;2;2m▀[0m[38;2;97;2;3;48;2;152;2;4m~[0m[38;2;176;3;3m▀[38;2;177;3;4m▀[38;2;177;3;5m▀[7m[38;2;142;2;3m_[0m[38;2;103;7;8;48;2;151;2;3m`[0m[7m[38;2;94;2;3m▀[38;2;162;3;4m▌[0m[38;2;62;6;6m^  [38;2;75;57;38m`[38;2;106;106;100m▀[38;2;99;111;114m▀[7m[38;2;68;71;64mF[38;2;107;110;109m▀[38;2;73;72;69m▀[0m[38;2;123;126;124m_[38;2;125;127;118m_[7m[38;2;111;110;104m▀[0m[38;2;88;118;127m=   [0m
 [38;2;0;0;0m       [0m [38;2;66;5;6m+   [38;2;63;69;67m`[7m[38;2;72;68;56mF[0m[38;2;87;86;89;48;2;110;109;101m:[38;2;98;97;95;48;2;111;112;108mg[38;2;44;50;54;48;2;102;108;106m▀[0m [7m[38;2;93;91;79m▀[38;2;66;68;65ms[0m[38;2;91;98;100m▀[7m[38;2;80;85;85m=[0m[38;2;103;104;106m▀[38;2;78;74;71m=[0m [38;2;0;0;0m [0m [7m[38;2;125;2;2m▀[38;2;107;1;2m▀[0m[38;2;190;0;2m_[7m[38;2;97;0;1m▀[38;2;162;2;2m▀[38;2;140;1;3m~[38;2;132;2;3m_[0m[38;2;111;3;4m▀[7m[38;2;74;64;52m▀[38;2;103;93;89m~[38;2;113;102;98m`[38;2;111;101;98m`[38;2;112;108;106m▀[38;2;81;1;2m▌[0m[38;2;158;0;1;48;2;144;2;3m'[0m[38;2;55;1;4m"      [38;2;62;56;45m~[38;2;99;99;98m▀[7m[38;2;87;90;87m_[38;2;92;97;97m_[38;2;87;91;94m_[0m[38;2;92;101;105m▀[0m [38;2;24;41;49m   [0m
 [38;2;0;0;0m          [0m [7m[38;2;71;66;55m▀[0m[38;2;58;54;40;48;2;113;114;110m▀[38;2;129;135;133;48;2;117;118;112m'[38;2;108;108;106;48;2;119;121;116m^[38;2;108;108;107;48;2;118;120;117m^[38;2;126;135;134;48;2;111;117;118m'[0m[38;2;34;53;69m▌[38;2;116;117;113m▀[7m[38;2;58;69;77m_[0m[38;2;92;91;81m▀[38;2;54;71;78m▀[7m[38;2;89;88;84m_[0m[38;2;67;73;78m▀[7m[38;2;70;81;85m_[0m  [38;2;174;2;3m▀[38;2;178;3;3m▀[38;2;180;2;3m▀[38;2;179;2;3m▀[38;2;168;4;4m▀[38;2;124;7;8m~[0m [38;2;0;0;0m [38;2;87;79;72m▀[38;2;131;133;138;48;2;116;112;114m'[38;2;129;133;135;48;2;117;114;116m'[38;2;131;133;133;48;2;118;114;115m'[38;2;133;135;136;48;2;120;115;117m'[38;2;140;131;122;48;2;104;102;106m:[38;2;116;7;9;48;2;79;76;80m▀[0m  [38;2;55;5;4m               [0m
 [38;2;0;0;0m      [0m [38;2;99;90;69m_[7m[38;2;85;79;69m▀[38;2;112;107;104m▀[38;2;104;98;94m`[0m[38;2;98;92;93;48;2;112;110;107mg[38;2;98;92;92;48;2;112;109;107mg[38;2;98;93;93;48;2;112;110;106mg[38;2;95;96;97;48;2;111;112;109mg[0m[7m[38;2;86;95;99m_[0m[38;2;67;86;97m~[38;2;62;65;63m_                [0m [7m[38;2;84;92;88m▀[0m[38;2;77;67;70m`[38;2;102;100;101m▀[38;2;78;71;68;48;2;105;102;101m,[38;2;99;95;95;48;2;115;111;110mg[38;2;99;95;96;48;2;115;113;111mg[38;2;124;120;113;48;2;107;105;105mT[0m[7m[38;2;101;100;98m`[38;2;111;110;105m▀[38;2;88;90;86m▀[0m[38;2;110;105;90m_[0m [38;2;24;23;21m            [0m
 [38;2;0;0;0m   [0m [38;2;80;80;73ma[38;2;108;116;113ma[38;2;53;62;69;48;2;96;97;92m_[38;2;124;128;126;48;2;100;105;106mz[38;2;124;128;127;48;2;101;104;108mz[38;2;47;60;70;48;2;108;109;112m_[0m[7m[38;2;104;106;109m_[38;2;95;97;100m_[0m[38;2;118;117;117m▀[38;2;94;105;109m▀[38;2;62;83;96m~[0m [7m[38;2;67;56;37m▌[0m[38;2;144;143;136;48;2;112;110;107m:[0m[7m[38;2;101;101;103m▀[0m [38;2;97;85;68m_[38;2;85;80;85m_[7m[38;2;64;66;68m▀[0m  [38;2;123;7;7m_[38;2;136;5;6m_[38;2;145;5;5m_[38;2;127;5;5m_[0m  [7m[38;2;81;76;75m▀[0m[38;2;60;77;92m_[38;2;81;75;55m_[7m[38;2;102;97;87m~[0m[38;2;114;133;136;48;2;94;107;112mg[0m [38;2;0;0;0m [0m [38;2;73;72;70m▀[38;2;118;116;112m▀[7m[38;2;92;91;89m_[0m[38;2;44;48;49;48;2;112;112;108m_[38;2;126;131;129;48;2;111;112;109mg[38;2;127;131;131;48;2;111;112;111mg[38;2;127;131;129;48;2;111;112;110mg[38;2;97;101;103;48;2;113;116;111m~[0m[7m[38;2;98;102;97m~[38;2;82;89;88m~[0m[38;2;96;108;111mm[38;2;47;68;81m=        [0m
 [38;2;0;0;0m          [0m [7m[38;2;110;2;3m`[0m[38;2;71;0;0;48;2;150;2;3m`[0m[38;2;90;3;3m▌  [0m [7m[38;2;104;98;93m_[38;2;107;102;101m_[0m[38;2;87;88;88;48;2;44;36;45m▌[0m[38;2;189;1;4m_[7m[38;2;164;2;4m▀[38;2;137;3;5m~[0m[38;2;72;0;2;48;2;163;2;3m`[38;2;154;2;2;48;2;170;3;4mq[0m[7m[38;2;160;1;3m_[38;2;156;2;2m_[0m[38;2;62;3;4;48;2;161;2;2m_[38;2;153;1;2;48;2;174;2;3mz[38;2;117;0;3;48;2;167;1;3m`[0m[7m[38;2;144;2;3m`[38;2;171;3;4m▀[38;2;99;1;2m▀[0m[38;2;92;81;69m▀[38;2;112;103;102m▀[38;2;77;86;96m▀ [0m [38;2;119;0;0m_[38;2;135;0;1;48;2;152;1;3m:[38;2;59;0;2;48;2;133;3;4m`[0m [38;2;0;0;0m [0m  [38;2;45;63;74m`[0m  [38;2;8;20;27m           [0m
 [38;2;0;0;0m           [38;2;68;1;2m`[38;2;157;3;4;48;2;72;1;1m▀[38;2;128;0;0;48;2;156;2;3m_[0m[7m[38;2;142;2;2m~[38;2;156;1;2m▀▀[38;2;160;1;3m▀[38;2;144;2;2m~[0m[38;2;192;8;7;48;2;160;3;3m:[0m[7m[38;2;156;4;4m_[0m[38;2;168;4;4m▀[38;2;105;4;4m▀[38;2;97;4;6m~[0m  [38;2;5;0;0m [38;2;59;0;2m_[38;2;152;8;9m`[38;2;102;3;3m▀[38;2;174;4;4m▀[7m[38;2;153;3;3m_[0m[38;2;122;1;2;48;2;170;3;3m_[38;2;145;0;0;48;2;168;3;3m-[0m[7m[38;2;147;2;2m~[38;2;163;1;2m▀[38;2;161;1;2m▀[0m[38;2;82;1;2;48;2;154;2;2m~[38;2;139;0;2;48;2;164;3;2m_[0m[7m[38;2;130;4;4m_[0m[38;2;98;13;13m`                  [0m
 [38;2;0;0;0m             [38;2;118;1;4m`[38;2;117;2;3m▀[38;2;151;3;3m▀[38;2;153;3;4m▀[38;2;136;2;2m▀[7m[38;2;139;3;4mr[38;2;186;3;5m▀[38;2;130;4;4m`[0m[38;2;124;3;4m_[7m[38;2;192;4;4m▀[0m[38;2;137;4;7;48;2;192;3;4m~[38;2;193;3;4;48;2;214;6;3m▀[38;2;78;3;2;48;2;184;5;3m`[0m[7m[38;2;174;4;3m~[0m[38;2;194;3;4;48;2;215;6;4m▀[38;2;191;3;4;48;2;213;6;3m▀[0m[7m[38;2;170;5;5m`[0m[38;2;153;8;7m_[38;2;69;0;3;48;2;146;3;3m`[38;2;72;2;2;48;2;191;4;4m▀[38;2;116;3;3;48;2;143;3;3m![0m[7m[38;2;136;3;4m=[0m[38;2;158;3;5m▀[38;2;137;2;3m▀[38;2;139;2;3m▀[38;2;130;5;7m~                    [0m
 [38;2;0;0;0m                 [38;2;85;4;3m`[38;2;155;4;5m▀[38;2;150;7;7m▀[7m[38;2;176;5;4m▀[0m[38;2;220;13;10;48;2;191;6;5m:[38;2;180;3;2;48;2;208;8;5m-[38;2;188;5;3;48;2;213;9;5m-[38;2;193;5;3;48;2;216;10;5m-[38;2;194;6;2;48;2;218;11;7m-[38;2;204;7;3;48;2;219;12;6mT[38;2;203;7;3;48;2;219;11;7mT[38;2;191;5;0;48;2;215;10;5m-[38;2;183;5;2;48;2;210;10;5m-[38;2;221;14;12;48;2;192;8;6m:[0m[7m[38;2;103;6;4m*[38;2;140;6;4m_[0m[38;2;151;7;6m▀[0m [38;2;64;4;4m                        [0m
 [38;2;0;0;0m                   [0m [38;2;152;7;4m▀[7m[38;2;180;13;8m_[0m[38;2;192;26;17;48;2;210;17;10m,[38;2;233;31;20;48;2;218;18;10m_[38;2;235;33;18;48;2;222;20;11m_[38;2;230;18;10;48;2;215;24;14m'[38;2;226;38;23;48;2;216;25;14m,[38;2;225;19;10;48;2;229;28;19m▀[38;2;232;35;22;48;2;221;21;12m_[38;2;223;16;8;48;2;210;22;14m'[0m[7m[38;2;171;15;8m_[0m[38;2;138;14;9m▀                           [0m
