[0m [38;2;0;0;0m                                        [0m  [38;2;45;2;3m                 [0m
 [38;2;0;0;0m                                        [7m[38;2;102;0;2m▌[0m[38;2;172;2;4m▌            [0m [38;2;101;6;10mi   [0m
 [38;2;0;0;0m                                  [0m [38;2;139;0;2m_[38;2;147;0;1m_[7m[38;2;85;0;1m▀[38;2;97;0;2m▀[38;2;150;1;2m▀[0m[38;2;153;0;0;48;2;162;1;2m:[0m[38;2;123;3;4m▌     [0m [38;2;0;0;0m      [7m[38;2;86;1;2m▌[0m[38;2;122;2;3m▌   [0m
 [38;2;0;0;0m   [0m [38;2;0;0;0m                            [0m [7m[38;2;125;2;2m▀[0m[38;2;176;5;5;48;2;136;2;3m:[38;2;164;4;4;48;2;140;1;2mz[0m[7m[38;2;123;2;3m_[0m[38;2;149;3;3m▀[38;2;148;3;3m▀[38;2;108;3;3m▀[0m [38;2;55;5;3m      [0m [38;2;100;2;3m▌    [0m [38;2;167;4;4;48;2;121;2;2m:[38;2;173;4;7;48;2;108;3;4m:[0m[38;2;173;4;7m   [0m
 [38;2;0;0;0m                                [0m [38;2;134;1;2;48;2;160;2;3mz[38;2;135;1;1;48;2;162;2;3mz[38;2;154;2;3;48;2;65;3;4m▌[0m[38;2;154;2;3m [0m  [38;2;23;3;2m       [0m [7m[38;2;126;1;2m▀[0m[38;2;132;2;2m▌    [7m[38;2;139;1;3m▌[0m[38;2;144;0;1;48;2;162;1;2mz[0m[38;2;144;3;4m▌   [0m
 [38;2;0;0;0m   [0m [7m[38;2;115;3;3m▀[0m[38;2;20;1;2m            [0m  [38;2;0;0;0m [38;2;91;2;3my[38;2;77;3;5mf     [0m [38;2;75;5;5mL[0m [38;2;45;3;8m  [0m [38;2;188;4;6;48;2;148;2;3m:[38;2;176;3;4;48;2;153;1;2mz[38;2;185;4;5;48;2;127;3;4m:[0m  [38;2;116;3;5ml      [38;2;84;0;2m_[7m[38;2;121;2;3m~[0m[38;2;134;3;4m▀[0m [38;2;0;0;0m   [0m [7m[38;2;120;2;2m_[0m[38;2;94;3;3m▀[0m [38;2;0;0;0m   [0m
 [38;2;0;0;0m  [0m [7m[38;2;132;2;4m▀[0m[38;2;117;4;5m▌            [7m[38;2;109;2;4m▌[0m  [38;2;83;0;0;48;2;126;2;3m:[0m[7m[38;2;88;3;3m,[0m [38;2;0;0;0m   [7m[38;2;88;1;3m▌[0m[38;2;131;3;4m▌    [38;2;89;0;2m_[38;2;149;0;1;48;2;164;1;2m:[38;2;207;0;3;48;2;165;1;2m_[38;2;207;1;4m_[0m[7m[38;2;148;2;3m`[38;2;168;2;2m▀[0m[38;2;99;3;3;48;2;140;1;3m~[0m [38;2;0;0;0m    [7m[38;2;89;1;2m▌[38;2;129;2;3m_[0m[38;2;93;3;5m~  [0m [38;2;0;0;0m  [38;2;104;3;4m^      [0m
 [38;2;0;0;0m  [0m [38;2;164;5;7;48;2;104;3;3m:[0m [38;2;0;0;0m            [0m [38;2;114;3;4m▌[0m [38;2;66;4;5m~[38;2;60;3;4m~    [7m[38;2;73;1;3m▌[0m[38;2;129;0;0;48;2;156;2;4m-[0m[38;2;101;4;5m▌  [38;2;93;1;3my[38;2;80;1;1;48;2;156;2;2m~[38;2;192;5;4;48;2;168;2;2mz[38;2;195;4;5;48;2;171;1;2mz[38;2;196;4;5;48;2;172;1;3mz[38;2;193;4;5;48;2;170;2;2mz[38;2;188;4;4;48;2;165;1;3mz[38;2;84;0;0;48;2;166;2;4m_[0m[38;2;119;4;4m▌  [38;2;116;5;9m, [7m[38;2;120;4;3m▌[0m [38;2;48;3;4m   [38;2;100;5;7mt         [0m
 [38;2;0;0;0m  [0m [38;2;95;2;2m▌       [0m [38;2;0;0;0m     [0m [38;2;158;3;5;48;2;135;2;4m'[0m[7m[38;2;103;3;3m▀[0m [38;2;0;0;0m   [0m [38;2;67;4;6m,[0m [38;2;174;1;2;48;2;154;2;2m,[38;2;178;2;2;48;2;148;2;3m,[0m[7m[38;2;154;2;2m▀[38;2;181;2;2m▀[0m[38;2;164;0;0;48;2;177;2;3m.[38;2;211;3;1;48;2;178;2;3m_[38;2;213;3;6;48;2;180;2;2m-[48;2;180;1;2m-[48;2;180;2;3m-[38;2;207;3;2;48;2;175;2;3m_[38;2;184;3;6;48;2;149;2;3m'[0m[7m[38;2;139;1;2m`[0m[38;2;174;2;1;48;2;156;2;3m,[0m[7m[38;2;104;2;2m▀[38;2;143;2;2m▀[0m[38;2;168;3;1;48;2;119;3;4m,[0m[38;2;168;3;1m [38;2;66;3;5m"[0m [38;2;134;8;7m_[38;2;76;6;5m+ [7m[38;2;139;3;4m▌[0m  [38;2;59;4;5m    [0m  [38;2;0;0;0m [0m
 [38;2;0;0;0m           [0m [38;2;84;3;3m▌     [38;2;192;4;4;48;2;144;2;4m.[38;2;176;2;3;48;2;155;1;2mL[0m[7m[38;2;131;2;3m~[38;2;86;2;2m▀[0m[38;2;2;0;0m  [0m [38;2;176;3;6;48;2;121;2;3m:[0m[7m[38;2;173;1;3m▀[0m[38;2;190;3;4;48;2;173;1;3mz[38;2;199;3;4;48;2;176;1;2mL[38;2;202;3;4;48;2;180;1;3mL[38;2;204;3;4;48;2;182;1;3mL[38;2;206;3;3;48;2;186;1;2mL[38;2;207;3;3mL[38;2;206;3;3;48;2;185;1;2mL[48;2;186;1;3mL[38;2;205;3;3;48;2;185;1;3mL[38;2;203;3;4;48;2;181;1;3mL[0m[7m[38;2;149;2;4m_[0m[38;2;171;2;3m▀[38;2;164;2;3m▀[38;2;182;3;4;48;2;151;1;2m:[0m[7m[38;2;136;2;3m_[0m[38;2;76;2;3m▀ [7m[38;2;110;1;2m▀[38;2;148;1;3m~[0m[38;2;126;3;4m▌ [38;2;78;2;3mu[38;2;122;3;4m▀[0m [7m[38;2;112;3;4m▌[0m [38;2;0;0;0m   [0m  [38;2;0;0;0m [0m
 [38;2;0;0;0m      [0m [38;2;105;5;6m+[38;2;163;5;9m_[0m [38;2;0;0;0m  [38;2;99;1;3m▀[7m[38;2;87;3;3m▀[0m [38;2;0;0;0m   [7m[38;2;114;1;2m▌[0m[38;2;195;3;6;48;2;161;1;3m-[38;2;196;4;7;48;2;162;1;3m-[0m[38;2;99;4;5m▌[0m [38;2;95;1;1m_[7m[38;2;153;2;3m`[0m[38;2;215;5;7;48;2;176;2;3m_[38;2;219;5;6;48;2;182;1;3m_[38;2;221;5;6;48;2;186;2;3m_[38;2;224;5;5;48;2;190;1;3m_[38;2;225;6;6;48;2;192;1;4m_[38;2;227;5;5;48;2;193;2;4m-[38;2;227;4;7;48;2;192;2;3m-[38;2;226;4;6;48;2;193;1;3m--[38;2;224;5;6;48;2;192;1;3m_[38;2;222;5;4;48;2;189;1;3m-[38;2;217;4;4;48;2;184;1;2m-[0m[38;2;126;6;6m▌[7m[38;2;111;3;4m▀[0m  [38;2;63;4;4m [0m [7m[38;2;154;2;3m▌[0m[38;2;203;5;6;48;2;167;1;3m_[38;2;201;5;5;48;2;166;1;3m_[0m[38;2;140;4;4m▌ [38;2;101;8;12m'[7m[38;2;92;1;2m▀[38;2;157;2;4m▀[0m[38;2;164;3;4;48;2;136;2;3m,[0m[38;2;78;5;6m~   [7m[38;2;127;2;4m▌[0m [38;2;0;0;0m [0m
 [38;2;0;0;0m       [0m [7m[38;2;115;1;2m_[38;2;141;1;2m`[38;2;110;2;3m▀[0m[38;2;8;0;0m  [0m  [38;2;0;0;0m [0m [38;2;41;0;2m [7m[38;2;97;1;3m▌[0m[38;2;168;2;2;48;2;158;2;2mW[38;2;176;3;3;48;2;155;3;3m.[0m[7m[38;2;118;1;4m▌[0m [38;2;84;0;0;48;2;135;1;2m~[38;2;186;2;2;48;2;175;1;2mW[38;2;191;2;3;48;2;180;1;3mW[38;2;197;2;4;48;2;186;2;3mW[38;2;199;2;3;48;2;188;1;3mW[38;2;200;2;3;48;2;190;2;2mW[38;2;200;2;2;48;2;189;1;2mW[38;2;197;2;3;48;2;188;1;2mc[38;2;194;3;3;48;2;185;1;2mb[38;2;196;2;3;48;2;186;2;2mW[38;2;195;2;3;48;2;185;1;2mW[38;2;193;2;3;48;2;183;1;2mW[38;2;188;2;2;48;2;179;1;2mb[38;2;121;0;0;48;2;177;2;3m_[0m[7m[38;2;111;2;3mf[0m[38;2;180;3;5;48;2;155;3;4m:[0m[38;2;180;3;5m   [7m[38;2;124;1;3m▌[0m[38;2;176;1;2;48;2;165;1;2mW[38;2;178;2;4;48;2;166;1;3mc[38;2;174;2;3;48;2;163;2;3md[0m [38;2;45;1;2m [7m[38;2;149;1;3m▌[0m[38;2;165;2;4;48;2;155;1;3mc[0m[7m[38;2;139;2;2m_[0m[38;2;73;5;5m^   [0m [38;2;168;5;5;48;2;147;2;2m:[0m[38;2;83;5;4m▌ [0m
 [38;2;0;0;0m  [7m[38;2;88;1;3m▌[0m[38;2;93;6;7m_ [7m[38;2;112;2;4m▀[0m[38;2;27;1;2m  [0m [38;2;177;1;2;48;2;150;1;2m'[38;2;164;0;1;48;2;172;2;3m1[0m[38;2;93;3;5m▌  [0m [38;2;32;1;2m [0m  [7m[38;2;140;1;3m▌[0m[38;2;164;1;1;48;2;180;2;3m1[38;2;174;3;5;48;2;80;3;3m▌[38;2;85;1;2;48;2;148;3;5m^[0m [38;2;202;3;4;48;2;183;1;3m,[38;2;189;1;1;48;2;202;1;3m1[38;2;190;1;2;48;2;204;2;3m1[38;2;193;1;2;48;2;207;2;4m1[38;2;195;1;2;48;2;208;2;3m1[38;2;195;1;1m1[38;2;194;1;1;48;2;207;2;3m1[38;2;190;1;1;48;2;204;2;4m1[38;2;62;0;0;48;2;160;3;4ml[38;2;187;1;1;48;2;201;2;3m1[38;2;184;1;1;48;2;200;2;3m1[38;2;183;1;1;48;2;198;2;3m1[38;2;182;1;2;48;2;196;2;3m1[0m[7m[38;2;152;3;5m![0m[38;2;177;1;2;48;2;191;2;3m1[38;2;175;1;2;48;2;185;3;3m1[0m[38;2;136;9;10m_[0m [7m[38;2;145;2;3m▀[0m[38;2;114;1;4;48;2;174;2;3m~[38;2;175;1;2;48;2;189;2;2m1[48;2;189;2;3m1[38;2;173;1;2;48;2;186;2;4m1[0m[38;2;72;3;4m▌ [7m[38;2;158;2;4m▌[0m[38;2;87;4;4;48;2;139;2;3my[0m [7m[38;2;86;4;5m▌[0m [38;2;0;0;0m  [7m[38;2;122;1;2m▌[0m[38;2;178;2;3;48;2;165;2;3m,[0m [38;2;55;4;5m [0m
 [38;2;0;0;0m  [0m [38;2;66;0;0;48;2;115;2;3m_[0m[38;2;83;0;0m_[7m[38;2;141;2;3m▌[38;2;126;2;3m▀[0m [38;2;0;0;0m [38;2;160;2;4;48;2;130;1;2m:[38;2;169;1;3;48;2;159;1;3mW[0m[38;2;150;3;4m▌  [38;2;130;4;7mi [0m [7m[38;2;86;2;3m▀[0m [38;2;168;2;4;48;2;149;1;3m:[38;2;184;2;3;48;2;173;1;3mW[38;2;154;0;0;48;2;181;1;3m_[38;2;157;0;1;48;2;183;2;3m_[38;2;195;2;2;48;2;187;1;2m^[38;2;198;2;2;48;2;188;2;2m^[38;2;197;2;2m^[38;2;177;1;2;48;2;190;2;2m,[38;2;201;3;4;48;2;190;2;3m%[38;2;201;2;4;48;2;190;1;3mW[38;2;70;1;2;48;2;186;2;4m_[0m[38;2;139;4;5m▀[7m[38;2;181;2;3m▌[0m[38;2;80;1;1;48;2;183;2;4m_[0m[38;2;185;2;3m▀[38;2;157;4;5m▀[38;2;70;2;2;48;2;171;1;2m▀[0m[7m[38;2;110;3;4m7[0m[38;2;185;2;3;48;2;178;1;3md[38;2;190;2;3;48;2;178;2;2mW[38;2;158;2;3;48;2;172;2;3m'[38;2;78;0;0;48;2;171;2;2m`[38;2;152;0;0;48;2;181;2;3m_[0m[38;2;150;3;3m▀[38;2;155;1;1;48;2;166;2;2m,[38;2;188;2;3;48;2;177;2;2mW[38;2;185;2;2;48;2;176;2;3mC[38;2;82;1;2;48;2;140;3;3m"[0m [7m[38;2;96;1;1m▌[0m[38;2;83;4;4m▌ [7m[38;2;95;1;1m▌[0m[38;2;103;3;3m▌  [0m [38;2;156;1;2m▌  [0m
 [38;2;0;0;0m   [7m[38;2;69;1;1m▌[0m[38;2;168;1;3;48;2;152;2;3m'[38;2;70;1;2;48;2;161;2;2m▀[38;2;176;4;4;48;2;161;2;3m,[0m[7m[38;2;138;3;4m▀[0m [7m[38;2;146;2;4m▌[0m[38;2;160;1;2;48;2;167;2;3m^[0m[38;2;130;5;5m▌ [0m [38;2;178;4;4;48;2;129;3;5m,[0m[38;2;174;3;4m_[7m[38;2;167;2;3m▀[0m[38;2;193;2;5;48;2;175;2;4m,[0m [38;2;99;0;2;48;2;152;1;3mM[38;2;178;1;2;48;2;189;2;3m^[38;2;183;1;3;48;2;191;2;3m^[38;2;105;4;5;48;2;185;2;2m_[38;2;206;4;3;48;2;193;2;3m'[38;2;207;3;3;48;2;164;3;3m'[38;2;207;2;4;48;2;186;1;3m'[38;2;189;1;2;48;2;197;2;3m^[38;2;102;5;5;48;2;174;2;3my[0m[7m[38;2;145;2;4m=[38;2;198;2;3m▀[0m[38;2;209;3;5;48;2;175;3;5m,[38;2;66;2;2;48;2;133;3;6mL[0m[7m[38;2;154;1;3m▀[38;2;169;1;4m`[0m[38;2;207;3;4;48;2;194;2;3m'[38;2;208;3;2;48;2;189;3;3m,[0m[7m[38;2;143;3;5m[[0m[38;2;190;1;3;48;2;198;2;3m^[38;2;191;1;3;48;2;201;2;3m^[38;2;189;2;3;48;2;200;2;3m^[38;2;211;3;3;48;2;185;3;4m,[0m[38;2;129;3;5m▀[0m [7m[38;2;191;2;3m▌[0m[38;2;184;1;2;48;2;195;2;3m^[38;2;182;2;3;48;2;192;2;4m^[38;2;61;1;0;48;2;164;2;4m.[0m[7m[38;2;85;3;4m7[0m[38;2;113;1;2;48;2;166;2;3m~[0m [38;2;70;1;3my[0m [38;2;178;3;4;48;2;160;2;3m,[0m[7m[38;2;134;3;4m▀[0m  [38;2;119;1;3m▌  [0m
 [38;2;73;0;1m_   [38;2;110;1;1m▀[38;2;110;1;5;48;2;146;1;2m,[38;2;168;2;2;48;2;152;1;2mM[0m[38;2;117;3;3m▌[38;2;113;2;4m\[0m [38;2;118;2;3m▀[38;2;163;2;3;48;2;75;4;5m▌[0m[38;2;163;2;3m  [7m[38;2;144;2;3m▌[0m[38;2;148;0;0;48;2;171;1;2m_[38;2;190;1;2;48;2;175;1;1mM[38;2;193;2;3;48;2;177;1;2mM[38;2;84;0;0;48;2;145;2;3m"[38;2;60;0;1;48;2;136;1;2m,[38;2;197;2;2;48;2;182;1;2mM[38;2;197;2;3mM[0m[38;2;117;4;3m▌[38;2;106;0;4m~[38;2;124;3;4m▀[7m[38;2;83;1;2mm[0m[38;2;157;1;3;48;2;175;2;4m,[0m[7m[38;2;135;2;4m[[0m[38;2;177;1;2;48;2;193;2;3m=[38;2;201;2;3;48;2;186;1;2mM[38;2;174;2;2;48;2;191;2;3m=[0m[7m[38;2;142;2;2m~[0m[38;2;202;2;3;48;2;187;1;2mMM[38;2;202;2;2;48;2;186;1;2m%[38;2;148;4;5;48;2;68;3;3m▌[38;2;183;3;4;48;2;168;1;2m:[38;2;130;1;3;48;2;191;2;2m_[38;2;118;0;1;48;2;191;2;3m_[38;2;208;2;4;48;2;193;1;3mM[38;2;185;1;1;48;2;190;2;2m,[38;2;143;0;1;48;2;182;2;2m'[38;2;167;0;3;48;2;180;2;3m'[38;2;90;0;0;48;2;164;2;2m"[38;2;202;2;3;48;2;186;1;2mM[38;2;201;2;3;48;2;185;2;2mM[38;2;182;4;4;48;2;150;3;3m:[0m[7m[38;2;141;1;2m▌[0m[38;2;148;0;0;48;2;177;2;3m_[0m [7m[38;2;166;2;3m▌[38;2;133;2;3m`[0m[38;2;163;3;3;48;2;155;1;2m.[38;2;143;2;1;48;2;150;2;2m,[0m [38;2;0;0;0m [38;2;122;7;12m'  [0m
[38;2;118;3;3m▀[38;2;151;4;4m~[0m  [38;2;55;4;5m  [38;2;130;9;13m`[38;2;107;3;4m▀[0m [7m[38;2;86;80;66m▀[38;2;60;64;63m▀[38;2;93;92;83m▀[0m[38;2;178;2;9m'[38;2;79;72;54m_[7m[38;2;127;122;117m▀[38;2;88;88;93m▀[0m[38;2;84;1;1;48;2;150;2;3m,[38;2;175;2;3;48;2;186;2;4m^[38;2;203;3;5;48;2;189;2;4m'[38;2;183;1;2;48;2;193;2;4m^[38;2;105;2;3;48;2;169;3;4m^[38;2;159;1;2;48;2;184;2;4mW[38;2;206;2;4;48;2;191;2;4m'[0m[7m[38;2;136;2;4m`[0m[38;2;170;8;9m_ [38;2;201;2;8;48;2;154;2;3m:[38;2;152;2;4;48;2;175;2;3m^[38;2;176;1;2;48;2;189;3;3mM[38;2;185;2;3;48;2;195;2;4m^[38;2;187;2;2;48;2;198;2;3m^[38;2;188;2;2m^[38;2;188;1;2;48;2;198;2;4m^[38;2;186;2;1;48;2;196;2;3m^[38;2;184;2;1m^[38;2;86;2;3;48;2;155;4;4my[0m[7m[38;2;141;3;4m^[38;2;113;3;4m*[0m[38;2;78;1;2;48;2;193;2;3m▀[38;2;213;2;5;48;2;195;2;3m:[38;2;195;2;3;48;2;203;2;3m^[38;2;192;1;2;48;2;200;2;3m^[38;2;211;3;5;48;2;197;2;3m,[38;2;209;3;5;48;2;195;2;3m,[38;2;207;3;6;48;2;193;2;3m'[38;2;205;3;4;48;2;191;2;3m'[38;2;204;4;4;48;2;189;2;3m'[38;2;202;3;4;48;2;181;3;4m'[0m[7m[38;2;167;2;3m▌[0m[38;2;171;4;6m▌[0m [7m[38;2;170;2;4m▌[0m[38;2;186;2;6;48;2;150;2;5m'[0m[38;2;145;3;4m▀[0m [38;2;74;3;5m     [0m
 [38;2;0;0;0m  [7m[38;2;113;2;4m▌[0m [38;2;40;2;4m  [38;2;81;66;48m_[7m[38;2;101;97;93m▀[0m[38;2;114;112;112;48;2;102;101;102m^[38;2;114;113;111;48;2;102;103;103m^[38;2;115;115;112;48;2;105;104;104m^[0m[7m[38;2;83;84;88m`[0m[38;2;65;57;44;48;2;95;90;83m^[38;2;122;119;115;48;2;113;107;103m^[38;2;125;117;111;48;2;114;105;103mM[38;2;44;52;62;48;2;119;1;2m▌[38;2;161;1;1;48;2;180;2;3mz[38;2;75;1;2;48;2;146;3;4my[38;2;168;1;2;48;2;185;2;4mz[38;2;160;0;0;48;2;172;2;3m:[38;2;128;0;0;48;2;176;2;3m,[38;2;173;1;1;48;2;191;2;4mz[38;2;175;1;2;48;2;191;2;3mz[38;2;157;0;2;48;2;187;1;3m`[0m[38;2;157;3;4m▌[38;2;179;0;1;48;2;166;1;3m'[38;2;174;1;1;48;2;191;2;3mz[38;2;177;1;3mg[38;2;178;1;1;48;2;193;2;2mz[38;2;188;0;2;48;2;169;2;4m'[38;2;69;0;2;48;2;157;2;4mr[38;2;179;1;3;48;2;197;2;3mz[48;2;196;2;3mz[38;2;185;1;2;48;2;156;3;4m'[0m[38;2;92;3;5m▀[7m[38;2;151;1;2m▀[0m[38;2;168;0;1;48;2;183;1;2m:[38;2;179;1;2;48;2;197;2;3mz[38;2;180;1;1;48;2;198;2;3mz[38;2;181;1;2;48;2;198;1;3mz[38;2;186;1;3;48;2;200;2;3mz[38;2;186;0;4;48;2;193;2;4m:[0m[38;2;186;1;3m▀[38;2;149;3;3m▀[38;2;161;3;5m~[38;2;140;2;3m▀[38;2;80;0;2;48;2;159;2;3m,[0m[38;2;130;4;5m▌[38;2;141;4;6m▌[7m[38;2;140;2;4m▌[0m[38;2;164;0;2;48;2;142;3;4m'[0m [38;2;112;3;5ms      [0m
 [38;2;0;0;0m  [7m[38;2;151;2;3m▌[0m[38;2;114;5;7m▌[38;2;70;6;6m_ [7m[38;2;80;79;72mW[0m[38;2;80;89;98m▀[38;2;84;103;113m~[38;2;106;114;118m`[38;2;94;104;107m~[38;2;128;135;136m~[7m[38;2;94;96;95m=[38;2;89;86;85m_[38;2;107;104;106m-[38;2;122;1;2m▌[0m[38;2;195;3;2;48;2;175;2;3m'[0m[38;2;118;4;6m▌[38;2;207;3;5;48;2;176;2;4m'[0m[38;2;185;3;5m▌[38;2;122;1;1;48;2;157;1;3m~[38;2;186;1;2;48;2;196;2;3m^[38;2;213;3;5;48;2;197;2;3m'[38;2;189;1;1;48;2;200;2;3m^[38;2;215;3;5;48;2;197;2;3m'[38;2;214;3;3;48;2;198;2;4m'[38;2;214;3;7;48;2;186;3;4m:[38;2;74;2;3;48;2;191;1;3m▌[38;2;214;2;2;48;2;195;2;3m'[0m[38;2;87;4;5m▌[38;2;181;2;4;48;2;199;2;3mM[38;2;219;2;4;48;2;203;2;4m'[38;2;195;1;3;48;2;205;2;4m^[38;2;212;4;5;48;2;143;3;4m,[0m[7m[38;2;82;0;2m▌[0m[38;2;215;3;3;48;2;192;2;3m'[38;2;217;2;3;48;2;200;2;3m'[48;2;200;2;4m'[38;2;216;2;3;48;2;198;2;3m'[38;2;218;2;2;48;2;200;2;3m'[0m[38;2;205;2;5m▀[38;2;140;9;9m`    [7m[38;2;108;1;3m▌[0m[38;2;194;3;6;48;2;157;3;4m:[0m[7m[38;2;84;3;4m\[38;2;73;1;2m▌[0m[38;2;195;3;5;48;2;137;3;4m:[0m[7m[38;2;173;1;2m▌[0m[38;2;194;3;4m▌      [0m
  [38;2;16;2;2m [7m[38;2;153;2;3m▌[0m[38;2;55;1;2;48;2;135;2;3m`[0m[38;2;149;2;4m▌ [0m [38;2;51;43;33m"[7m[38;2;85;80;74m~[38;2;92;98;98m▀[38;2;94;95;81m▌[0m[38;2;37;38;41;48;2;94;100;102m_[0m[7m[38;2;83;89;93m-[38;2;78;80;80m▀[38;2;80;82;84m=[0m [38;2;132;1;2m▀[38;2;117;4;6m▌[7m[38;2;170;2;4m▌[0m[38;2;53;2;3;48;2;158;2;3m`[38;2;165;1;1;48;2;185;2;4mz[38;2;168;1;2;48;2;190;2;3mz[38;2;151;1;1;48;2;181;2;3mq[38;2;168;1;3;48;2;192;1;4mm[38;2;172;1;1;48;2;191;2;2mq[38;2;171;1;1;48;2;190;2;3mz[38;2;180;1;3;48;2;144;3;4m'[0m[38;2;79;0;2m"[38;2;155;0;3;48;2;176;2;3m,[0m[38;2;80;1;2m_[38;2;159;1;6;48;2;176;1;3m,[38;2;173;1;2;48;2;195;1;3mz[48;2;195;2;3mz[38;2;174;1;2mz[38;2;174;1;3;48;2;191;2;2mz[48;2;194;1;3mz[38;2;173;1;3;48;2;195;1;3mz[38;2;171;1;1;48;2;193;1;2mz[0m[7m[38;2;165;3;3m_[0m[38;2;104;4;4m▀      [7m[38;2;94;1;2m▌[0m[38;2;154;1;2;48;2;176;2;3mz[38;2;168;0;3;48;2;146;2;3m,[0m[7m[38;2;147;2;4m▀[0m[38;2;151;0;0;48;2;172;2;4m:[0m[7m[38;2;81;2;2mt[0m[38;2;201;0;1;48;2;205;1;3m:[0m[38;2;126;11;7m,     [0m
  [38;2;77;4;5my[7m[38;2;104;1;3m▌[0m[38;2;184;3;6;48;2;158;2;3mz[38;2;195;2;5;48;2;157;2;3m:[0m[38;2;62;7;5m,[0m [38;2;122;117;108;48;2;55;51;46m=[0m[7m[38;2;115;115;113m▀[38;2;80;88;90m*[0m[38;2;50;43;31;48;2;81;98;101m▌[38;2;49;51;57;48;2;76;83;84mM[0m[38;2;50;80;114m`[38;2;116;5;7mn[38;2;99;81;59m`[38;2;101;100;91m▌  [7m[38;2;123;2;2m▌[0m[38;2;205;4;8;48;2;163;2;3m:[0m[7m[38;2;164;2;4m_[0m[38;2;189;2;3;48;2;78;1;2m▀[0m[7m[38;2;156;3;4m/[0m[38;2;205;3;3;48;2;188;2;2mg[38;2;97;7;6;48;2;152;3;5m_[38;2;77;1;2;48;2;192;2;4m▌[38;2;174;1;1;48;2;191;3;4mT[0m [38;2;185;6;8m`[38;2;101;3;4;48;2;143;2;4m_[0m[7m[38;2;108;2;3m\[38;2;167;2;3m_[0m[38;2;207;3;4;48;2;185;2;3mz[38;2;207;3;2;48;2;187;2;2mz[38;2;206;2;2mz[38;2;204;3;3;48;2;185;2;3mz[0m[7m[38;2;160;3;4m_[0m[38;2;128;3;4m▀[0m [38;2;93;3;4m▌      [7m[38;2;175;2;4m▌[0m[38;2;170;1;2;48;2;189;2;3mP[38;2;76;3;4;48;2;152;3;4mj[38;2;200;4;4;48;2;181;2;3mg[38;2;92;2;3;48;2;161;3;3my[0m [38;2;226;0;3;48;2;213;0;2m:[0m[38;2;189;7;7m▌     [0m
  [38;2;168;0;2m_[38;2;70;2;4;48;2;163;2;3m▀[38;2;147;1;2;48;2;168;1;4mz[48;2;169;1;3mz[0m[7m[38;2;123;2;3m`[0m [38;2;0;0;0m [38;2;72;67;55m~[38;2;81;92;98m▀[7m[38;2;91;96;88m▌[38;2;68;72;75mt[38;2;55;56;56m▀[0m[38;2;99;105;87m_[7m[38;2;57;62;53m▀[0m[38;2;55;57;61;48;2;84;87;81m}[0m[38;2;40;58;70m▌[0m  [38;2;44;42;34m [38;2;124;7;8m+[7m[38;2;115;1;3m▀[0m[38;2;151;2;4m▀[7m[38;2;141;2;4m=[38;2;187;2;3m▀[0m[38;2;160;0;0;48;2;185;1;2m:[38;2;171;1;1;48;2;192;2;2mz[38;2;164;0;3;48;2;175;2;3m:[0m[7m[38;2;191;2;3m▀[0m[38;2;203;1;2m_[38;2;111;2;5m~[38;2;128;3;5m~[38;2;108;3;4m▀[38;2;136;3;4m▀[38;2;116;3;3m▀[38;2;71;2;3m~ [38;2;88;2;3m▀[38;2;85;3;4m=[38;2;114;7;10m'    [0m [7m[38;2;110;1;3m▀[0m[38;2;147;0;0;48;2;173;2;3m:[0m[7m[38;2;154;4;4my[38;2;144;2;3m^[0m[38;2;158;1;1;48;2;176;2;3mz[38;2;99;2;1;48;2;127;3;4m~[0m[7m[38;2;117;2;3m▌[0m[38;2;165;4;4m▀[0m [38;2;0;0;0m     [0m
 [7m[38;2;132;1;2m▌[0m[38;2;178;3;4;48;2;154;1;2mz[38;2;181;3;4;48;2;157;2;3mz[38;2;184;3;4;48;2;160;1;3mz[0m[7m[38;2;139;3;4m_[0m[38;2;158;13;13m`[38;2;73;60;44my[38;2;62;65;81m_[38;2;58;48;35m*[38;2;59;66;70m▌[7m[38;2;59;58;49m▌[38;2;73;77;79m*[0m[38;2;95;97;94;48;2;44;48;49m▀[0m[38;2;113;120;116m=[7m[38;2;62;63;58m`[0m[38;2;141;143;129;48;2;110;113;107m:[0m[38;2;50;76;99m▌[7m[38;2;101;90;72m▌[0m[38;2;136;145;132;48;2;103;110;115m.[0m [7m[38;2;127;2;4m▀[0m[38;2;169;3;4m▀[7m[38;2;131;2;4mr[0m[38;2;197;3;3;48;2;175;1;2mz[38;2;203;3;4;48;2;180;1;3mz[38;2;207;4;4;48;2;182;1;2mz[38;2;210;3;5;48;2;185;1;3mz[38;2;210;3;3;48;2;186;1;3mz[38;2;208;3;4;48;2;185;1;3mz[38;2;201;4;3;48;2;185;1;2mz[38;2;178;8;12;48;2;142;2;3m:[0m[38;2;144;6;8mL[38;2;114;2;4m▌[7m[38;2;136;2;3m▀[38;2;111;2;3m▀[0m[38;2;108;2;4m_      [0m [38;2;151;1;3m_[7m[38;2;164;1;2m▀[38;2;158;2;4m_[0m[38;2;72;1;2;48;2;147;3;4m*[38;2;100;1;4;48;2;167;2;3m"[38;2;200;3;4;48;2;175;1;3mz[38;2;198;3;4;48;2;174;1;3mz[0m[38;2;169;3;6m▌[38;2;117;13;16m`[38;2;48;47;38m_[0m [38;2;0;0;0m     [0m
  [38;2;135;1;2m▀[38;2;162;4;3;48;2;140;2;3m'[0m[38;2;152;1;2m▀[0m  [7m[38;2;108;88;78m_[0m[38;2;105;82;85;48;2;122;108;108m:[0m[7m[38;2;125;116;112m▀[38;2;105;101;100m▀[0m[38;2;107;97;84m_[38;2;82;79;75m▀[38;2;93;93;93m▀[38;2;89;99;96m=[38;2;77;81;77m▀[38;2;73;65;52m_[38;2;106;99;82m_[38;2;113;105;95m_[7m[38;2;60;63;62m▀[0m   [38;2;116;3;4m▀[38;2;111;4;4m~[7m[38;2;144;1;2mr[0m[38;2;220;1;4;48;2;182;2;3m-[38;2;179;1;2;48;2;198;1;3mz[38;2;179;1;3;48;2;198;2;3mz[38;2;84;1;1;48;2;165;1;3m7[0m[7m[38;2;116;2;4m=[0m[38;2;176;1;3m▀[7m[38;2;165;2;4m`[0m[38;2;96;1;2;48;2;141;2;3mh[38;2;157;1;2;48;2;77;1;2m_[0m[7m[38;2;129;3;3m▀[38;2;154;2;3mr[38;2;143;2;4m=[38;2;112;2;3m`[38;2;102;1;2m~[0m[38;2;155;3;4m=[38;2;162;4;4;48;2;72;1;1m=[0m[7m[38;2;111;2;2m`[0m[38;2;167;3;5;48;2;129;2;3m'[0m[7m[38;2;160;2;3m=[0m[38;2;75;4;5;48;2;144;2;3m^[38;2;141;3;4;48;2;162;2;2m'[0m[38;2;175;1;2m▀[7m[38;2;112;2;3ms[0m[38;2;112;1;4;48;2;154;2;3m^[38;2;186;2;3;48;2;161;2;4m'[0m[38;2;80;2;3m~[0m [7m[38;2;81;74;64m_[38;2;88;87;85m~[0m[38;2;85;90;85m_    [0m
[7m[38;2;108;0;2m▌[0m[38;2;124;2;4m▌ [38;2;157;8;8m`[38;2;86;3;5m▀[38;2;69;5;8m,[7m[38;2;66;56;39m▌[0m[38;2;55;55;54;48;2;104;99;95m_[0m[7m[38;2;101;103;103mT[38;2;71;72;73mZ[38;2;79;80;79m_[38;2;96;99;96m-[38;2;96;98;96m,[0m[38;2;129;132;129;48;2;103;105;105mz[38;2;128;131;130;48;2;99;101;99mz[38;2;129;131;129;48;2;103;104;102mz[38;2;132;134;132;48;2;107;108;109mz[38;2;133;134;131;48;2;109;109;111mz[38;2;134;135;132;48;2;108;110;111mz[0m[7m[38;2;86;98;105m_[0m [7m[38;2;76;71;59m▀[0m[38;2;87;95;98m▌[7m[38;2;94;3;5m▌[0m[38;2;147;16;16m`[7m[38;2;80;2;3m▌[38;2;78;2;3m$[0m[38;2;193;2;4;48;2;177;1;3m▀[38;2;209;3;5;48;2;185;1;3mz[38;2;169;0;0;48;2;192;2;4m-[0m[7m[38;2;169;1;2m`[38;2;176;2;2m▀[0m[38;2;116;2;4m~[38;2;180;3;5m▀[38;2;134;3;5;48;2;170;2;3m,[0m[7m[38;2;150;2;4m~[38;2;135;2;4m▀[0m[38;2;121;2;2m▀[38;2;177;3;4m▀[7m[38;2;151;2;3m_[38;2;169;2;3m_[38;2;170;3;4m_[38;2;161;2;4m_[38;2;151;2;3m_[0m[38;2;185;2;4m▀[38;2;166;4;6m▀[38;2;141;10;6m`[7m[38;2;154;1;3m▀[0m[38;2;198;5;3;48;2;166;2;3m:[0m[38;2;174;3;5m▀[38;2;110;11;14m` [7m[38;2;96;93;86m▌[38;2;101;104;105m▀[0m[38;2;139;139;120m`[7m[38;2;99;98;91m_[38;2;93;98;103m▀[0m [38;2;0;0;0m  [0m
 [38;2;62;0;0m`[0m [38;2;175;4;4m_[0m  [7m[38;2;87;2;3m▌[0m[38;2;105;4;6m_[38;2;62;59;55m▀[38;2;93;91;89m▀[38;2;114;113;107m*[7m[38;2;82;85;79m_[38;2;76;84;86m_[0m[38;2;133;137;128;48;2;49;54;53m-[38;2;71;77;79;48;2;56;60;60m~[0m[38;2;75;80;84m~[38;2;55;59;62m~[38;2;59;65;80m`[0m [38;2;129;135;120m_[0m [7m[38;2;90;85;80m_[0m[38;2;95;101;106m▌[0m [38;2;0;0;0m [38;2;116;1;3m▀[0m [38;2;211;4;5;48;2;179;1;3m-[38;2;217;3;6;48;2;188;2;3m_[38;2;220;4;4;48;2;190;2;2m-[38;2;219;4;3;48;2;189;2;2m-[38;2;217;4;5;48;2;187;1;3m-[38;2;188;2;3;48;2;175;2;4m,[0m[7m[38;2;186;2;3m▀[0m[38;2;189;5;7m_[38;2;139;1;3m▀[38;2;93;0;1;48;2;163;2;2m,[38;2;159;0;1;48;2;175;2;2m:[38;2;75;1;1;48;2;184;2;3m▀[0m[7m[38;2;164;2;2m▀[38;2;114;1;1m▀[0m[38;2;207;3;3m_[38;2;203;3;4m_[7m[38;2;174;3;4m▀[38;2;182;3;2m▀[38;2;152;2;3m~[38;2;135;3;4m_[0m[38;2;131;112;93m_[38;2;77;3;3m`[7m[38;2;113;101;93m▀[0m[38;2;89;72;72;48;2;111;105;102m.[0m[7m[38;2;83;86;89m▀[0m [38;2;76;71;63m▀[38;2;31;36;40;48;2;92;94;90m`[0m[38;2;77;92;92m_[38;2;54;49;40;48;2;102;98;87m▌[38;2;97;105;104;48;2;40;51;59m▌[0m [38;2;0;0;0m [0m
 [38;2;0;0;0m [0m [38;2;142;2;2m▀[38;2;119;4;6m▌ [0m [38;2;96;2;4m^          [7m[38;2;102;99;87m▌[0m[38;2;129;131;127;48;2;101;102;104mz[38;2;57;60;70;48;2;98;102;103m"[0m[38;2;43;60;74mr[38;2;144;147;137;48;2;105;102;95m:[0m[7m[38;2;103;100;100m`[0m[38;2;75;83;87m▌[0m [7m[38;2;162;1;3m▀[0m[38;2;207;5;6;48;2;172;1;3m:[0m[7m[38;2;167;2;3m_[0m[38;2;205;4;5;48;2;177;1;3mz[38;2;202;4;4;48;2;174;1;2mz[38;2;213;5;6;48;2;176;2;3m:[0m[7m[38;2;147;2;3m_[0m[38;2;175;2;3m▀[38;2;204;7;8;48;2;166;2;3m:[0m[38;2;126;2;4m▌[0m [38;2;151;2;3m▀[7m[38;2;160;2;3m_[0m[38;2;148;0;0;48;2;175;2;3m_[38;2;197;5;5;48;2;169;1;2mz[38;2;162;1;2;48;2;180;2;3mT[38;2;161;1;2mT[38;2;198;4;5;48;2;169;1;2mz[38;2;158;1;2;48;2;176;2;3mT[0m[38;2;104;5;5m▌[38;2;57;39;24;48;2;107;88;77m~[38;2;141;130;127;48;2;113;99;101mz[0m[7m[38;2;105;103;105m▀[0m[38;2;107;95;86m`[38;2;111;105;104m▀[38;2;127;130;128;48;2;96;99;103mz[0m[38;2;67;79;86m▌[38;2;70;80;84m_[7m[38;2;76;73;61m▌[0m[38;2;139;144;135;48;2;94;101;100m:[0m [38;2;106;104;91;48;2;101;117;119m▌[0m [38;2;0;0;0m [0m
 [38;2;0;0;0m  [0m  [38;2;49;2;4m        [0m [7m[38;2;90;87;74m▀[38;2;101;101;97m`[38;2;102;102;101m`[38;2;103;103;101m`[0m[38;2;93;91;91;48;2;110;115;114mz[0m[7m[38;2;89;94;94m_[0m[38;2;93;104;106m▀[7m[38;2;99;93;77m▌[0m[38;2;98;90;89;48;2;119;117;114mz[38;2;90;78;76;48;2;105;108;111m:[0m [38;2;89;1;4m~[38;2;136;2;3m▀[7m[38;2;148;2;2m▀[0m[38;2;132;1;3;48;2;175;2;3m~[38;2;216;3;6;48;2;183;1;2m-[38;2;97;2;2;48;2;152;3;4mu[0m[38;2;90;3;3m` [38;2;176;3;3m_[38;2;175;3;5;48;2;149;2;4m,[0m[38;2;105;3;3m▌[0m [38;2;198;3;5m_[38;2;196;3;5m_[38;2;199;4;7m_[7m[38;2;106;2;2ma[0m[38;2;156;1;3m▀[7m[38;2;161;2;4m_[0m[38;2;208;5;4;48;2;174;1;4m-[0m[38;2;171;3;4m▌[0m [38;2;110;94;88m▀[38;2;102;79;61;48;2;112;103;99m,[38;2;97;88;84;48;2;119;115;112mz[38;2;86;76;69;48;2;106;107;105m:[0m[7m[38;2;84;96;99m▀[0m[38;2;54;68;71m~[38;2;53;50;41m▀[38;2;102;101;97m▀[7m[38;2;83;86;84m`[38;2;111;113;111m▀[38;2;86;88;86m`[0m[38;2;83;97;104m▀[0m [38;2;0;0;0m [0m
 [38;2;0;0;0m            [7m[38;2;83;83;73m~[38;2;79;92;98m_[38;2;63;65;66m*[0m[38;2;93;95;98m▀[38;2;112;111;113m▀[38;2;118;134;140;48;2;79;89;98m:[0m[7m[38;2;88;83;74m▀[38;2;93;95;94m~[0m[38;2;73;80;84;48;2;109;112;107m_[38;2;73;80;81;48;2;111;114;111m_[38;2;121;136;137;48;2;82;91;96m:[0m [38;2;99;4;6m^[7m[38;2;148;2;4m▌[0m[38;2;124;0;1;48;2;171;1;3m_[38;2;134;0;0;48;2;174;2;3m_[38;2;114;0;1;48;2;173;2;3m_[0m[38;2;130;3;4m▌ [38;2;109;2;2mf[38;2;127;3;6m▀[38;2;71;0;3m_[7m[38;2;145;2;3m▀[0m[38;2;88;0;2;48;2;148;2;3m~[0m[38;2;167;2;3m▀[38;2;167;3;3m▀[38;2;167;2;3m▀[7m[38;2;137;1;2m_[38;2;145;2;3m`[38;2;89;2;3m▀[38;2;157;2;4m▌[0m[38;2;76;4;4m▌  [38;2;69;62;53m`[38;2;103;102;99m▀[38;2;96;107;114m▀[7m[38;2;61;65;61mF[38;2;94;99;99m▀[38;2;65;69;71m▀[0m[38;2;70;68;68m_[38;2;70;69;63m_[7m[38;2;87;89;86mT[0m[38;2;76;87;88m▌   [0m
 [38;2;0;0;0m        [38;2;77;8;9m+   [38;2;82;69;52m`[7m[38;2;90;86;70m▀[0m[38;2;97;92;87;48;2;118;117;110mz[38;2;97;93;88;48;2;118;119;115mz[38;2;44;48;52;48;2;109;116;118m▀[0m [7m[38;2;76;79;73m=[38;2;71;75;71ms[0m[38;2;90;98;97;48;2;48;50;45m▀[0m[7m[38;2;83;89;85m=[0m[38;2;103;108;101m▀[38;2;99;94;82;48;2;47;54;55m=[0m [38;2;0;0;0m [7m[38;2;74;1;2m▌[38;2;98;1;2m=[0m[38;2;202;5;5m_[38;2;199;5;4m_[7m[38;2;95;1;1m▀[38;2;161;2;3m▀[38;2;140;2;3m~[38;2;137;3;3m_[0m[38;2;119;3;3m▀[7m[38;2;81;72;54m▀[38;2;104;97;90m~[38;2;117;110;105m`[38;2;114;106;103m`[38;2;116;114;115m▀[0m[38;2;132;1;4m`[38;2;175;3;4;48;2;151;3;4m'[0m[38;2;59;1;2m"      [38;2;80;74;57m~[38;2;101;100;95m▀[7m[38;2;87;89;87m_[38;2;92;94;94m_[38;2;87;91;91m_[0m[38;2;94;102;101m▀[38;2;20;38;55m"   [0m
 [38;2;0;0;0m          [0m [7m[38;2;59;56;47m▀[38;2;87;85;78m~[0m[38;2;79;74;76;48;2;109;110;108m-[38;2;81;78;78;48;2;111;113;112m-[38;2;81;80;81;48;2;112;114;114m-[38;2;78;76;79;48;2;106;113;114m-[0m[38;2;45;54;58mM[7m[38;2;89;94;91m_[38;2;62;75;82m_[0m[38;2;88;89;78m▀[38;2;58;71;79m▀[7m[38;2;90;91;83m_[38;2;54;60;62mj[38;2;71;81;83m_[0m[38;2;0;0;0m [0m [38;2;166;2;2m▀[38;2;169;2;3m▀[7m[38;2;122;2;2m_[0m[38;2;166;2;3m▀[38;2;159;3;3m▀[38;2;101;3;3m~[0m [38;2;0;0;0m [7m[38;2;84;78;69m▌[0m[38;2;128;133;135;48;2;111;108;106m:[38;2;80;77;81;48;2;115;112;113m_[38;2;86;76;81;48;2;114;112;113m-[38;2;86;76;78;48;2;115;112;113m-[38;2;55;57;62;48;2;101;100;102m"[0m[7m[38;2;97;42;46m=[0m [38;2;65;5;6mL               [0m
 [38;2;0;0;0m      [0m [38;2;130;123;103m_[7m[38;2;79;72;63m▀[38;2;111;107;105m▀[0m[38;2;80;74;60;48;2;105;98;95m~[38;2;97;89;89;48;2;113;111;110mL[38;2;104;96;93;48;2;113;112;111mz[38;2;106;97;92;48;2;113;113;112mz[38;2;104;103;93;48;2;111;118;114mz[0m[7m[38;2;89;100;100m_[0m[38;2;52;66;75m▀[38;2;78;95;96m_                [0m [7m[38;2;81;88;86m▀[0m[38;2;123;105;80m`[38;2;113;108;101m▀[38;2;99;85;74;48;2;110;105;102m,[38;2;109;96;96;48;2;118;114;114mz[38;2;108;97;96;48;2;118;114;115mz[38;2;101;90;90;48;2;117;113;112mL[38;2;41;41;42;48;2;102;99;99m`[0m[7m[38;2;112;108;108m▀[38;2;88;81;81m▀[0m[38;2;148;136;131m_[0m [38;2;27;24;28m            [0m
 [38;2;0;0;0m   [0m [38;2;73;71;64ma[38;2;100;105;105ma[7m[38;2;93;94;90m_[38;2;104;106;107m_[38;2;106;107;109m_[38;2;106;106;109m_[38;2;106;105;108m_[38;2;97;96;99m_[0m[38;2;114;111;114m▀[38;2;97;104;109m▀[38;2;52;65;75m~[0m [7m[38;2;56;50;31m▌[0m[38;2;117;130;131;48;2;101;104;100m:[0m[7m[38;2;87;90;90m▀[0m [38;2;55;41;30m_[0m [7m[38;2;58;61;64m▀[0m [38;2;59;0;0m_[38;2;85;0;1m_[38;2;110;0;2m_[38;2;126;0;1m_[38;2;89;0;0m_[0m  [7m[38;2;70;65;67m▀[0m[38;2;59;65;77m,[38;2;47;37;25m_[7m[38;2;93;87;79m~[0m[38;2;120;125;131;48;2;93;103;110m:[0m [38;2;0;0;0m [0m [38;2;69;65;65m▀[38;2;113;111;113m▀[7m[38;2;92;90;89m_[38;2;107;106;106m_[0m[38;2;60;66;73;48;2;110;108;108m_[38;2;82;71;68;48;2;111;109;108m-[48;2;113;109;109m-[38;2;118;126;131;48;2;105;102;100m:[0m[7m[38;2;92;95;94m~[38;2;79;84;81m~[0m[38;2;92;104;109mm[38;2;49;69;80mr        [0m
 [38;2;0;0;0m          [0m [7m[38;2;107;1;3m~[0m[38;2;171;4;6;48;2;151;2;3m,[0m[38;2;94;3;3m▌  [0m [7m[38;2;102;101;95m_[38;2;105;106;104m_[0m[38;2;83;88;91m▌[38;2;168;5;5m_[7m[38;2;144;2;3m▀[0m[38;2;71;11;13;48;2;167;2;2m▀[38;2;114;1;2;48;2;157;2;3m`[38;2;164;11;10;48;2;167;2;3m_[38;2;76;4;2;48;2;166;2;2m_[0m[7m[38;2;165;2;3m_[0m[38;2;104;4;6;48;2;172;1;4m_[38;2;192;2;5;48;2;176;2;3m'[38;2;187;3;4;48;2;171;2;3m,[0m[7m[38;2;140;2;2m`[38;2;166;3;4m▀[38;2;101;2;3m▀[0m[38;2;98;88;71m▀[38;2;122;113;111m▀[38;2;87;95;105m▀ [0m [38;2;74;1;4m_[38;2;173;4;2;48;2;148;2;2m,[38;2;173;1;5;48;2;129;4;5m:[0m [38;2;0;0;0m [0m [38;2;77;85;88m`[38;2;92;106;107m`[38;2;69;89;91m`[0m [38;2;0;0;0m           [0m
 [38;2;0;0;0m       [0m [7m[38;2;96;3;4m▀[0m[38;2;130;2;2ma[7m[38;2;119;2;2m_[0m[38;2;129;2;4;48;2;142;1;2m,[38;2;132;1;2;48;2;142;2;3m:[38;2;63;2;2;48;2;154;1;3m▀[0m[7m[38;2;156;2;3m▀[38;2;155;1;2m▀[38;2;83;2;4m~[0m[38;2;87;2;3m▀[38;2;107;1;2mT[38;2;95;3;3m▀[38;2;82;3;3m▀[38;2;110;5;6m~[38;2;120;3;2m`[0m   [38;2;137;1;2m*[7m[38;2;126;2;3m_[38;2;166;2;3m_[0m[38;2;93;0;3;48;2;168;1;3m_[38;2;127;2;5;48;2;168;2;3m_[38;2;146;0;0;48;2;167;1;2m=[38;2;140;2;3;48;2;166;1;2m▀[38;2;66;1;2;48;2;164;1;2m▀[0m[7m[38;2;156;1;2m▀[0m[38;2;121;0;1m_[38;2;99;1;2mT[38;2;82;3;3m▀[38;2;113;7;7m~[38;2;97;4;4m`[0m [38;2;0;0;0m                  [0m
 [38;2;0;0;0m           [38;2;73;2;5m`[38;2;161;9;14m`[38;2;157;3;4m~[38;2;120;2;2m▀[38;2;158;2;4m▀[38;2;159;3;4m▀[38;2;125;3;4m▀[7m[38;2;128;1;2m▀[0m[38;2;72;3;4;48;2;167;2;3m▀[0m[7m[38;2;115;3;5m`[0m[38;2;79;1;4m_[38;2;81;1;2;48;2;138;3;4mM[38;2;101;8;10;48;2;171;3;3m`[0m[7m[38;2;158;2;3m`[0m[38;2;86;1;2;48;2;166;3;4m7[38;2;204;2;5;48;2;176;3;4m:[38;2;95;6;7;48;2;175;3;4m`[0m[7m[38;2;157;2;3m`[0m[38;2;90;3;4;48;2;182;2;4m▀[0m[7m[38;2;85;2;4m=[0m[38;2;100;2;3;48;2;137;2;3mF[38;2;191;3;7;48;2;154;3;4m:[38;2;115;2;3;48;2;139;2;3m![0m[7m[38;2;130;2;4m-[0m[38;2;163;3;5m▀[38;2;133;4;4m▀[38;2;95;3;5m▀[0m [38;2;0;0;0m                    [0m
 [38;2;0;0;0m                 [0m [38;2;131;2;3m▀[38;2;129;3;4m▀[7m[38;2;147;1;1m▀[0m[38;2;139;0;1;48;2;158;1;2m:[38;2;155;1;2;48;2;171;2;2mp[38;2;160;1;2;48;2;176;1;2mp[38;2;164;0;3;48;2;179;2;3mg[38;2;166;0;2;48;2;181;2;3mg[38;2;164;1;2;48;2;182;1;2mz[38;2;166;1;1;48;2;181;2;2mg[38;2;163;1;2;48;2;179;2;2mg[38;2;160;1;2;48;2;176;2;2mg[38;2;143;0;1;48;2;161;2;3m:[0m[38;2;144;1;5m_[38;2;158;1;2m▀[38;2;135;3;3m▀[0m [38;2;53;1;2m                        [0m
 [38;2;0;0;0m                   [0m [38;2;108;2;2m▀[7m[38;2;131;2;2m_[0m[38;2;184;3;5;48;2;158;2;2m:[38;2;156;0;1;48;2;171;2;3mT[38;2;158;0;2;48;2;173;3;3mT[38;2;192;2;3;48;2;150;3;2m:[38;2;193;4;5;48;2;148;2;3m:[38;2;157;0;1;48;2;173;2;3mT[38;2;155;0;1;48;2;171;2;2mT[38;2;185;3;6;48;2;156;3;3m:[0m[38;2;164;2;3m▀[38;2;98;4;5m▀                           [0m
